<?xml version="1.0"?>
<opencv_storage>
<Jinfee type_id="opencv-matrix">
  <rows>200</rows>
  <cols>1</cols>
  <dt>d</dt>
  <data>
    1.1617725137183950e+03 5.5894870278079065e+02
    -1.2646951094076772e+02 -1.9372017200097162e+02
    8.8726278469564409e+02 9.6289994155005525e+02
    -3.2919571838410536e+02 -6.2743337522098193e+02
    1.1711591002528644e+02 3.9015378999170724e+02 5.4305067760167390e+01
    5.3895835281933637e+02 4.7826269416427687e+02 1.8424077214441081e+02
    -1.4231512197734041e+01 -3.3049836951251143e+02
    3.9304649849053908e+02 9.9108630062932775e+01
    -1.3728276417699163e+02 4.5658471546188616e+02
    5.3177209464406353e+01 -1.0142363606409181e+02
    2.1279092504587925e+02 -1.4493271661663316e+01
    4.9863144083867347e+01 -4.1680990080982559e+02
    5.2945904280549485e+02 -6.6240331335642480e+01
    1.7679221553492982e+02 8.5647677080374010e+01
    -7.4275797296342176e+01 7.5943713609161762e+01
    -1.9200451271407738e+02 1.0342226504565309e+02
    -1.8740070120355844e+02 1.5862174034421793e+02
    4.7343931742612895e+01 8.7535677542260515e+01
    -2.0231306322269739e+02 2.4910237704004149e+02
    3.4680181853006637e+01 -1.3350392804357358e+02
    1.1839328073759941e+02 3.6715525251043005e+01 2.1128243755948645e+01
    2.1042840016045170e+02 -4.3138831122617297e+01
    -2.7277782498407657e+00 -1.1628872987963838e+02
    8.2716099028197991e+00 -3.6537076252432151e+01
    -1.1759332307168222e+02 2.0423779921950757e+01
    -3.1601889991626371e+02 6.3358193152515355e+01
    -7.3618733095485311e+01 -1.2202788602235360e+02
    3.3043147994450557e+01 -1.1681148928113676e+02
    -1.8744127161937519e+02 3.2916591662057151e+01
    -9.6399941574274067e+01 -2.4759737351940004e+01
    -1.4289747330499463e+02 4.8827179582885648e+01
    -6.1084431045666811e+01 6.9673019948347616e+01
    -1.0143230735348901e+01 -9.7870785582849734e+01
    -9.3608965367099955e+01 2.7752704276776608e+01
    -1.3359637613997435e+02 -4.0642713053341176e+01
    -8.3748044539848117e+00 -8.5874654135619778e+01
    -1.9184030009733465e+02 -2.1437618245004547e+01
    1.8492846465872336e+02 -1.4115062433147185e+02
    -1.8607033430707467e+01 -1.4272898011243376e+02
    6.6975175242542633e+01 -9.6778512928760492e+01
    1.2118491977161192e+01 -1.8403672873197316e+01
    3.7410766432017141e+01 1.5205275084859965e+01 1.2464033942845170e+02
    5.3165846660931273e+01 -1.4629806539079954e+02
    -2.7230117727356657e+01 8.8199654462835593e+00
    -2.4046223824936519e+01 1.0296923505183747e+02
    7.2233484883506875e+01 -5.8027050056030625e+01
    8.8631777757188672e+01 -8.1805592739728553e+01
    -8.8091167912256068e+01 -1.5710606508765991e+02
    1.3896864258490555e+02 -3.6392387131158159e+01
    -6.0401814116518295e+01 -1.2055035353058154e+01
    -3.5010528159141941e+01 1.3352272540848821e+01
    6.6197490966444136e+01 1.8436429773793190e+01 7.6067839747762250e+01
    6.1341852223271260e+01 -2.1925160374866749e+01
    -5.2503230655478298e+01 4.3487979293095407e+00
    2.4054592879253853e+00 -1.3670190704114102e+01
    -2.8486886587739743e+01 8.7075439197452013e+01
    1.6793410730189624e+01 4.0663436762023608e+01
    -4.2871266182666105e+01 2.4569952242639328e+00
    7.3526359367997188e+01 2.0556228694708562e+01 1.7708431652889379e+02
    3.4531703643313119e+00 -3.1978790438014411e+01
    -7.1087158945272108e+01 -2.6782099961468489e+01
    6.4944362747293638e+01 -3.4226875073048383e+01
    1.6341359691507478e+01 6.9050470657350957e+01 8.4806521882030282e+01
    6.7268666492037141e+01 -5.6749693591916312e+01
    -7.9071527561001020e+01 -5.3947717426405426e+01
    7.1444086727446447e+01 -7.5376387658014693e+01
    -1.7729543473894363e+01 -4.9455235058302392e+01
    -7.6326878535476212e+01 1.0267676159806246e+02
    3.6777338660103368e+01 -2.3092342770931978e+01
    -9.5049963559984619e+01 -5.0643771247869189e+01
    -9.3108621842385535e+00 -3.4336969069865852e+01
    5.1926672556576158e+01 -2.8288819429388980e+01
    4.2361180575814757e+01 -9.8814633915988381e+01
    -1.3311430868926491e+01 8.2494128230533921e+00
    2.6409907982425246e+01 2.1141913595133637e+01
    -4.4621626755129100e+01 -4.8751040456140418e+00
    -1.1518612181532793e+01 -4.7941950951951455e+01
    4.3790876555955130e+01 4.6577208288731896e+01
    -5.9103788999832830e+01 -6.9438380521467053e+01
    -1.0856660624498848e+02 4.3066078438857630e+01
    1.0203152420446997e+02 -5.2246600559956939e+01
    7.0584680651218235e+01 5.0043736097193118e+01 2.8799542942995785e+01
    -2.6060815274947387e+01 3.8573044051258037e+01
    4.1346879183606390e+01 -7.6162939782500430e+01
    -1.6301780000420365e+02 4.0854512672036620e+01
    1.1774391815981302e+01 -1.5590177137193581e+02
    1.5797302428086891e+02 2.8838822449446162e+01 8.0794286187619406e+01
    4.3470575856765052e+01 1.9247361152631679e+01 6.6021206397477826e+01
    4.6417782463334234e+01 6.7140984294297283e+01
    -3.3799125165322998e+01 -6.7463386755750989e+01
    6.4565709306818277e+01 6.6209767354714543e+01
    -2.9697777933610286e+01 -8.2495625539462509e+01
    5.6508102982317261e+01 -1.5547409530698513e+02
    -6.7638288229126346e+01 -8.6532933878630072e+00
    -1.3886408776453644e+02 1.2156929129495448e+00</data></Jinfee>
</opencv_storage>
