<?xml version="1.0"?>
<opencv_storage>
<s10_2 type_id="opencv-matrix">
  <rows>200</rows>
  <cols>1</cols>
  <dt>d</dt>
  <data>
    1.0508517870980543e+03 -5.9220794853798282e+02
    -3.5625951925284267e+02 -1.2975347989527447e+03
    -4.1551236025695346e+02 2.4493453741868439e+02
    8.0604353887029868e+02 -5.1972795384261008e+02
    4.2680269526383421e+02 1.0823324430044894e+02 1.7075433122098471e+02
    -4.8298148812170176e+01 3.0673655964385262e+02
    6.4006115459306571e+01 3.9160366712663989e+02
    -6.6363989438143520e+01 1.0496301509806746e+02
    -5.4308328053428610e+01 1.4233786967921188e+02
    3.6987305677373320e+02 2.4920847905090024e+01
    -2.2828430450742939e+01 -1.1470883210323696e+02
    5.5521992096316275e+01 1.4029716237792215e+02 2.0056603637956201e+02
    -4.4813178762011404e+02 9.7093051465389166e+01
    1.2601860845285140e+02 -4.9303948953559328e+01
    -4.6075836840486218e+01 -2.0585197467394590e+02
    1.8736477196268410e+02 1.8408886315135251e+02 9.0057487174406589e+01
    -1.9237739350020551e+01 4.9311580534675251e+01
    -1.4413895902391579e+02 4.1540639610002394e+01
    -1.0865068024802999e+02 2.0829056632407779e+02
    -4.4096295996553145e+01 -6.9044460902394235e+01
    1.5412116628651788e+02 -5.1304796175852218e+01
    1.6099941014053252e+02 -1.2508268035314778e+01
    -9.5463337069668498e+01 -1.1687979617560541e+02
    -1.1586377138473947e+00 -7.2086199438051494e+01
    -1.0703389533175050e+02 -1.0609956546192221e+02
    -1.2532259040456744e+02 2.1223859771292416e+02
    6.3286187549628991e+01 -7.3813348042602641e+01
    1.1133720776042125e+02 -1.1105732896097910e+01
    -1.1746398778460447e+02 1.8324588773707910e+02
    -8.9284593066093603e+00 -9.0436185195919421e+01
    7.3131755163144490e+01 1.3680991818201872e+02
    -1.3434427012981359e+02 5.5408358850605332e+01
    -5.4453301490045440e+00 -9.1086867005651357e+01
    7.0699585439117968e+01 -9.7272448666785849e+01
    3.3693188125293148e+01 -1.0135972601908810e+02
    4.7134323301844177e+01 1.4832957749387157e+02
    -3.8601588305591243e+01 1.5204682782180947e+02
    4.0886834793247814e+01 -1.0052504240568986e+02
    2.2345578679030289e+01 -6.4775404315896466e+01
    9.9018346908817236e+01 1.1733104182857792e+01
    -8.3644133058269759e+01 1.0429182576095606e+02
    -1.5779294588997342e+01 -2.8442840403422593e+01
    1.1696194482314683e+01 1.1131527016960614e+01
    -1.0243132647851766e+02 7.0604046533411005e+00
    -6.9320921424918609e+01 -2.1691666761033293e+01
    7.1089102054024366e+01 3.3815581576758788e+01
    -6.6115275357930230e+01 1.3912207918647971e+02
    -1.3034713230681128e+01 -4.4198053027851216e+01
    -5.8867464958446007e+01 8.2437026169761836e+01
    -6.0405459512085379e+01 2.4628027915925021e+01
    8.5176476116039652e+01 -1.4309185981039491e+02
    1.3944267604508235e+01 9.4660244959314795e+01
    -1.5197017785316209e+01 1.1683984362201150e+02
    8.5284221829210324e+01 1.8171861936066080e+01
    -6.1354069762056142e+01 -7.4777749307261161e+01
    -3.0473765888127474e+01 -7.8005092334042573e+01
    2.5795758752503207e+01 6.5584202936646619e+01
    -7.9550152305926236e+00 1.0740354840134545e+02
    -2.2749188279404102e+01 -6.3185928707975215e+01
    9.5848621893412911e+01 8.4327986235647842e+01 1.0118509332073027e+02
    1.4783111325948312e+01 4.9357569921617333e+01
    -7.1308475019501685e+01 -1.1899662807830042e+02
    6.5093956981963188e+01 -8.1017005971220911e+01
    -2.7501140416368340e+01 1.2251611138580616e+02
    7.4912125104546064e+01 1.0602055816984314e+02
    -3.9561445014715126e+01 -3.7254507150237551e+01
    -1.4757669135684642e+02 3.1562793638927918e+01
    -1.3326404143172192e+02 -6.7440002571474622e+01
    -6.1143749273444271e+01 -1.4096032865702131e+01
    9.1321657075985044e+01 -1.2103504297052114e+01
    1.5164420154257412e+00 -4.5990698249963174e+01
    -1.3385353509036149e+01 -5.1000372460688880e+01
    -2.2641816418709084e+01 5.2044560051965917e+01
    -1.1063916066918763e+01 -6.3083850320561538e+01
    -7.3556002142551478e+01 1.8314268611342868e+01
    -4.4974310799154004e+01 6.7129476347028699e+01
    -1.4273542633853205e+01 -7.3825866770898632e+00
    -6.4229312761086163e+01 -6.2629754865796770e+01
    1.0950789792461132e+01 4.0570969165273034e+01 1.0606312756371905e+02
    -4.8545606778590042e+01 -8.5463579436424936e+01
    -2.0296084616069308e+02 9.9886017759961305e+01
    1.9356787225339446e+01 -6.2209343202633242e+01
    -1.4935845595859154e+01 1.0404614074152690e+02
    5.3554125820150070e+01 -1.3424978730067207e+02
    2.3300926266620067e+01 -5.8500618816064938e+00
    -4.1584597717915223e+01 -1.1638377633322446e+02
    7.7450447312044076e+01 4.9783334834117641e+00
    -1.6678424930890688e+02 1.2166827519755495e+02
    4.1811624855180789e+01 5.0816342168287754e+01 3.0014500729611743e+01
    -5.1602654765113378e+00 3.1486036195395364e+01
    8.5153563855188793e+01 6.6078702233536319e+01
    -2.1550057904484884e+01 -8.1251620472763136e+01
    6.7448576252552044e+01 8.1368003296868551e+01
    -3.6442356380468361e+01 -7.7591574012688696e+01
    6.0579451607429604e+01 -1.4708763390742996e+02
    -6.4124418803644446e+01 1.9486204654730992e+00
    -1.4226841550645287e+02 4.6091668246754720e+00</data></s10_2>
</opencv_storage>
