<?xml version="1.0"?>
<opencv_storage>
<s10_4 type_id="opencv-matrix">
  <rows>200</rows>
  <cols>1</cols>
  <dt>d</dt>
  <data>
    1.1750139452728090e+03 -6.1750972828792771e+02
    -2.2883191391361851e+01 -1.0737463320811355e+03
    -1.4024928745603745e+02 2.8262547523507936e+02
    6.4378796687009083e+02 -6.1964369596393362e+02
    3.8191731639853077e+02 3.4929705287540276e+02 1.8817965435044361e+00
    -2.1328662475245366e+02 7.4749151003024224e+01
    1.4464651544866996e+02 6.7959220615564425e+02
    -1.7011219425047057e+02 8.2949682822987981e+01
    -5.5865583935639386e+01 2.1443103034237481e+02
    4.3365382418159726e+02 1.6983192782566820e+02
    -7.6550815732403009e+01 -3.5030206066689246e+01
    -1.5392869119734496e+02 3.1322820471607434e+02
    1.6955631869797623e+00 -2.4150940905663182e+02
    1.3836335166609377e+01 -1.7385321382295189e+02
    1.7910431260834790e+02 -1.3419142390980929e+02
    -8.4253036081128343e+01 2.1024554983722572e+02
    1.5832607603626263e+02 -2.7970307978380055e+02
    -1.8898300064182669e+02 1.4209919084561830e+02
    1.6859627772758046e+02 4.9186514039784740e+01
    -1.6396572483552364e+02 -7.0591897041059198e+01
    -8.3768643258471457e+01 -3.5720865362105174e+00
    1.6278935604625892e+02 1.8519470778326047e+02 1.5659137505838189e+02
    2.9175108783188591e+01 -5.2010557052355573e+00
    -1.1784566404308931e+02 1.9261085512462554e+01
    7.5565761893742902e+01 8.4535818805988612e+01
    -9.8208076479970558e+01 -2.1178916779419481e+02
    1.4505493337056078e+02 -3.3017969227414213e+01
    -1.9972493836364205e+02 -1.3471830015664418e+02
    -1.6250055472354474e+00 -2.7641695164546348e+02
    1.3520019225716123e+02 4.4974183878571182e+01
    -5.7018327707515510e+00 -1.0625311354073506e+02
    -1.1261655631587621e+02 1.3596572720734756e+02
    -1.0025046804434422e+02 9.3894901049046126e+01
    -8.3658274804521653e+01 6.3146384395203043e+01
    8.9920588588348636e+01 -4.0130914949245557e+01
    5.9803402810664380e+01 1.4408607770953736e+02 1.0920946708403221e+02
    -7.3510084193747645e+01 -4.5638987570337257e+01
    1.7441101065609274e+02 -1.4820251707276597e+02
    5.2362475659210453e+01 -7.2796883481103450e+01
    8.2819252705716224e+01 2.2003007414458857e+01 7.6216971794737507e+00
    -8.9181765628026668e+01 -4.9097363777079799e+01
    1.1889598191340451e+02 1.0030933842346650e+02 8.4026557008056997e+01
    -3.8609236237048037e+01 9.1838781978157058e+01
    -6.6569334404590776e+01 1.1479146921893291e+01
    1.0885858576222182e+02 8.1159922573292988e+01 2.6595690752904833e+01
    1.0217470970784963e+02 3.0589400090712573e+01
    -1.9977706171462767e+01 -9.5281728613219400e+01
    -1.2048312912523780e+01 -3.9616111252520869e+00
    -5.9426707845064747e+01 7.5293001105963384e+01
    -5.1554136695603852e+01 1.2642813767774683e+02
    2.0171903732021129e+01 -3.7658304825319999e+00
    3.4422852944366852e+01 1.2469125731141009e+01 4.3837169801758733e+01
    -1.6621073938742734e+02 -2.5599692888312873e+01
    -1.0261548736345229e+02 1.0829308332775387e+01
    -3.6315627282242623e+01 -1.1638221172639247e+01
    3.3035838049869767e+01 2.4619921944738955e+01 7.6249167270889572e+01
    -1.8555600944183006e+01 4.1557728720833680e+01
    -2.2316509292587732e+01 1.3313933674786975e+02
    -3.9542156883151563e+01 2.1147807723885656e+01
    -1.7240649055908900e+01 -9.2504966769662587e+01
    8.8704291182478059e+01 -1.4908164311846122e+01
    2.0341623188843496e+01 8.1718893813249380e+01 1.0302350417342495e+01
    2.1015066286319982e+01 -2.9750192720303339e+01
    -6.5099848470822877e+01 -8.5420642815345673e+01
    7.4811248071908480e+01 7.2797170228693284e+00 1.8512141658401244e+01
    2.5581048945220843e+01 -7.3223957286261708e+01
    3.8846094500153328e+01 2.1593539041274880e+01 7.3786286862871648e+01
    -1.0564047841920164e+02 -4.0848406679525461e+01
    7.2164738951766978e+00 -1.2976168183391874e+01
    1.2856479790197179e+02 -1.1421563277276952e+02
    -6.1770079997845837e+00 -6.8297508848427412e+01
    -1.4636672544485953e+02 -1.8142204743185058e+01
    -3.1315164413288329e+01 1.0101706357189794e+02
    -8.2844511487971872e+01 -4.8750626618405718e+01
    -2.0041137115501535e+01 -4.0662851921566400e+01
    -1.1322605167240280e+01 2.4197858408239568e+01
    -4.8849821697801545e+01 -5.6388968881193101e+01
    -1.4315921363045547e+02 -9.0605483874166737e-01
    9.2314177336963255e+01 3.6678148456378401e-01 3.0773789904443309e+00
    5.5339551741094418e+01 3.6249433296692615e+01
    -9.5456161478666857e+01 2.0797501700304029e+01
    6.4540911388584561e+01 2.6228686766874425e+01
    -1.8244856201154280e+02 5.0800646322238990e+01
    -2.0375575171574649e+01 -1.6285875941202090e+02
    9.4460404037171003e+01 6.3532153286082483e+01 5.3167226534062621e+01
    7.9730399866695123e+01 -1.3700457339000419e+01
    4.3080458883580249e+01 1.0720564143792481e+02 5.7542423974142551e+01
    -4.8056944174334809e+01 -6.1498897129110681e+01
    1.0136874658095191e+02 7.4947866758205038e+01
    -3.3801351209403038e+01 -6.9044965483936863e+01
    6.1609585964811473e+01 -1.6489699456305993e+02
    -7.0693409189888499e+01 -4.9664982775043161e+00
    -1.4191097630929417e+02 1.0471059281287530e+01</data></s10_4>
</opencv_storage>
