<?xml version="1.0"?>
<opencv_storage>
<s10_5 type_id="opencv-matrix">
  <rows>200</rows>
  <cols>1</cols>
  <dt>d</dt>
  <data>
    9.8977560394029240e+02 -5.3371634899406786e+02
    -7.9213181374909809e+01 -1.4414745141185369e+03
    -1.4754094619643718e+02 1.6929324752215115e+02
    4.8118133971833396e+02 -5.3775657829610577e+02
    5.6366936010084316e+02 1.9402416438957624e+02
    -2.3742369164302710e+00 1.7879612585349543e+02
    8.2499988163673990e+01 2.4912517151599494e+02 4.3170549570917296e+02
    -1.7077193797374900e+02 1.5598774589749976e+02
    -9.3795684011636752e+01 1.5520790804234747e+02
    5.1417856534162615e+02 -1.1092527197196836e+02
    -9.8052460824056553e+01 6.8396551055477858e+01
    2.0923596584497238e+02 1.9583250243973174e+02 2.0712652360926512e+02
    -3.4824985379928660e+02 -4.9851502822819072e+01
    2.2320997844589365e+02 -4.9592259966800640e+01
    -3.2813508533817668e+01 -1.1736048052288369e+02
    9.8051962695558373e+01 1.0266596609679686e+02 1.4681533498783054e+02
    -5.6609233930682024e+00 2.8014560603398511e+01
    -9.7256893532408739e+01 -8.6035022963474802e+01
    -1.6917895843498894e+02 1.6959353284660858e+02
    -9.4401567688502723e+01 9.7907137473642258e+00
    8.0115110926032443e+01 5.5926670016225756e+01 2.0676599188381019e+02
    4.5159703947825562e+01 -2.0087682838949479e+02
    -2.1808245335582390e+02 1.2027942615500764e+01
    -9.4608713672449142e+01 -4.7198660881000620e+01
    -1.0493614468229383e+02 -2.2083340849358936e+02
    1.5817828686989350e+02 -4.4956177569585016e+01
    -9.5572719665877472e+01 4.3397251635113221e+01
    -3.7242211049099275e+01 -8.6420396619487988e+01
    1.6340693025491814e+02 1.5468922903379047e+01
    -1.3134113456127077e+01 6.3807513189052649e+01
    1.9148513536793038e+02 -1.8352320357945666e+02
    -5.1547791259286754e+01 1.1489078751251991e+01
    -1.4904753242494448e+02 7.2150958329727302e+01
    -1.0040624559858514e+02 -1.2368526987806648e+02
    -2.1082672755632053e+01 1.0197658147925304e+02
    1.0088642804227389e+02 -1.1534565911644721e+01
    1.0105379751581266e+02 1.5158126798472182e+02
    -7.9459689785836972e+01 4.6293794998082596e+01
    -1.2042653244864644e+02 1.5065538507174693e+02
    -2.7893970850143202e+01 -3.7635660844622016e+01
    -2.5158668728033945e+01 3.0108652874324754e+01
    1.1269050436220018e+01 3.9398404463921345e+01 2.6734329231954952e+01
    -1.3566460814875273e+02 -5.9146188920343207e+01
    -1.0367889560725880e+02 -6.5213272104713988e+00
    -4.0524235481606873e+01 1.1886956600920648e+02
    -7.6366895986773713e+01 -6.2643141941114209e+00
    -5.7274848256307031e+01 -5.6155869145920583e+01
    -4.5336354103218682e+01 4.3126094479493801e+01
    -1.6657605069514762e+01 -2.4366614958106460e+01
    2.1712804855762013e+01 -1.2992168792528344e+02
    1.3294475915549833e+02 2.9697704468256120e+01 5.5660253082016975e-01
    1.0963465014263700e+02 1.9555140577278202e+01 1.0869111485708920e+02
    -1.1498635142179647e+02 -1.2954657545363878e+02
    -5.9137907653753096e+01 -2.6591671204853963e+01
    -2.0640969816989511e+01 -2.3227587230877397e+01
    -2.2663683264401357e+01 1.3326109966797361e+02
    -9.5510209355867545e+01 6.8087689234184268e+00
    1.5353221113402239e+02 -3.3036447096511765e+01
    1.4638032458176238e+02 -8.1611071262649418e+01
    1.1114882404546474e+02 4.4087863724439785e+01
    -8.2971595932168043e+01 1.1356063151548095e+02
    -6.8858357000940785e+01 -2.3490097778478216e+01
    -1.1527216404770632e+01 2.6968723982736087e+01
    8.9350490227171932e+01 2.9261056962466665e+01
    -5.4428865084101780e+01 -1.7033597277505819e-01
    2.3718647338197034e+01 -7.4699931089988681e+01
    1.9287749134802045e+01 -4.6212760704691732e+01
    -1.2754922673188771e+02 1.3507249775174435e+02
    1.2394792716159928e+02 5.6632878345769761e+01
    -6.6069909824241236e+01 -8.4490387960943252e+01
    8.5001385556274300e+01 -4.5803705804786958e+01
    1.3366798971162757e+02 -4.6633235689853628e+01
    4.6703996719837860e+01 -5.6904610789230674e+01
    -1.2709899206754844e+02 -1.6007685133858434e+01
    6.8540866254525397e+01 2.1510840299611637e+01
    -9.0123051951657544e+01 -2.0272450109279884e+01
    -2.6047560300353695e+01 -8.1637098488593523e+01
    1.0782579197517381e+02 -1.8050241315347307e+01
    -8.1326922600308329e+00 -2.8339868495873869e+01
    -2.0521912035838457e+02 -3.4979221442839247e+01
    1.5014263366853319e+02 -1.8326285429092984e+01
    9.1623746543587643e+01 6.5545577166964506e+01 1.2217101668483336e+01
    4.4531745589885503e+00 4.0191085879570366e+01 4.5331953233533525e+01
    -1.1468360107216701e+02 -1.6014026429428117e+02
    4.0100811329815166e+01 4.5834007217446782e+01
    -1.4806349172340057e+02 1.7139776500164552e+02
    7.4095025661448219e+01 2.1965131284242549e+01 6.3147974336579743e+01
    -8.1296204334665330e+00 1.4486998931715328e+02
    7.9407788068571065e+01 8.2935378687276625e+01
    -2.9104146881110882e+01 -4.6253329809603684e+01
    7.3378399299573402e+01 4.5288459561011145e+01
    -3.3242894513807229e+01 -9.4621807241237221e+01
    3.6961338304802204e+01 -1.6010966696666782e+02
    -7.5560414878528107e+01 -2.5086100565255549e+00
    -1.4044906627572607e+02 -7.3172279173383625e+00</data></s10_5>
</opencv_storage>
