<?xml version="1.0"?>
<opencv_storage>
<s10_3 type_id="opencv-matrix">
  <rows>200</rows>
  <cols>1</cols>
  <dt>d</dt>
  <data>
    1.1657522665755414e+03 -6.9488226160484817e+02
    -4.5482498060197095e+01 -1.1562130512461592e+03
    -2.6499563242382311e+02 2.0687626370840798e+02
    7.6763059019919626e+02 -5.8914889176952829e+02
    3.5000355180398219e+02 2.5653736371654259e+02
    -2.9144777366670038e+01 -2.3469534035184319e+02
    1.1657375402040790e+02 1.2364235518009605e+02 6.2677845512142790e+02
    -1.3315608575961471e+02 2.2868642105784001e+01
    -4.6146343947866320e+01 1.9232312706697934e+02
    4.5096216678566850e+02 1.0838460178409615e+02
    -2.1658508113046331e+01 -6.9424483938671742e+01
    -8.7715822513249066e+01 2.1572798218057625e+02
    1.4120232875262565e+02 -2.3499829475237547e+02
    4.2742187422972016e+01 -1.0585398966683918e+02
    8.0519646814634783e+01 -1.0868764619751551e+02
    -1.6034202269147866e+02 1.7941020600059136e+02
    1.4768567584338993e+02 -2.2126509642252964e+02
    -2.3089245243363035e+02 3.9946680068811787e+01
    8.8280317751735751e+01 7.4454138127055444e+01
    -2.4730663851303746e+02 2.8207955292539317e+01
    -3.3980524061573698e+00 -2.7233518399731029e+01
    1.6891025586588049e+02 1.5936630666891386e+02 1.4394271113484774e+02
    2.4594815592590592e+01 -2.3004901353860085e+01
    -1.1082340003070976e+02 1.4875797521023646e+01
    -2.7873527240155205e+01 -3.4595854244142341e+00
    -8.6950162713313290e+01 -1.6187424154411534e+02
    1.4888055850451488e+02 6.6931037345386969e+01
    -4.9481463014578956e+01 -5.5640017153866872e+01
    8.5607464610580450e+00 -2.3031913754806865e+02
    2.1436239145861950e+02 -7.3562945413635816e+00
    -3.9206772802470688e+01 8.9386902035866456e+00
    -2.9180017644090725e+01 1.0768936271892565e+02
    4.5293300780489425e+01 -2.1300900912791938e+01
    -1.1580274569274579e+02 7.9693729318840170e+01
    -2.4190447584537036e+01 6.3621849065279456e+01
    5.8459718756580877e+01 3.1480515361310129e+01 1.4819721207413053e+02
    -1.4254226590857005e+01 7.5069566773609097e+01
    8.4440694981119137e+01 -8.9768787168309373e+01
    -4.6818947639332373e+00 -1.2502037403117811e+02
    7.8776007056868849e+01 8.8202532765237734e+01
    -1.4703456731594662e+02 -3.7194086817694213e+01
    -6.9303175504514158e+01 1.0029354696161838e+02
    1.0922214734178465e+02 4.9770866300798904e+00
    -1.3389874084927803e+02 7.9986877904515922e+01
    -7.5368063218498676e+01 -4.1965607938239557e+01
    3.9995468791904756e+01 7.2224948456364444e+01
    -3.9241207579767043e+01 1.3612221117557954e+02
    1.9593105179978365e+00 -8.2823802952057392e+01
    -5.6237895606654405e+01 -6.8331124921169648e+00
    -3.3511247432343545e+01 3.6226265852268696e+01
    1.1767554141765687e+02 -6.7240262396300437e+01
    8.3611481971638284e+01 5.3917917296703237e+01 1.1688866913651584e+01
    7.6221896831506470e+01 -9.2489397289693702e+00
    5.7061677023588430e+01 -1.3431328173215510e+02
    -8.3406846621800767e+01 -1.1806633745694150e+02
    2.9163129198529006e+01 3.2897769962008702e+01 4.2595635560389347e+01
    -1.1492456138744339e+01 3.3282228274635109e+01
    -2.5864013701580298e+01 -9.3376308639267819e+01
    4.7017207702688694e+01 3.5880749060827760e+01 1.2662225733659974e+02
    -6.4126532332456847e+01 2.0392313099407726e+01
    -8.5114598641777647e+01 -2.8315642438925590e+01
    5.7576774333854054e+01 -9.2381556224365475e+00
    5.4367442001475915e+01 5.9144832331277513e+01 7.6727840303107627e+01
    9.8692698665352339e+01 -7.8194158448462820e+00
    -6.6597250277106696e+01 -1.5861520243729959e+02
    2.5341770262925209e+01 -2.9569786974384002e+00
    -7.5620557658796244e+01 -9.0739281906890781e+01
    -6.8208040425893316e+01 1.1482901437777562e+02
    3.6590479499180837e+01 -2.7129583931527602e+01
    1.1870683848381175e+01 -3.4175995659279693e+01
    -2.5176594216240506e+01 -8.1431164805246226e+01
    4.9352415619666942e+01 -7.8878633803410324e+01
    2.8674981367852403e+01 -9.8570853189497058e+01
    1.0071698737455854e+01 2.9111363979690264e+01 3.5157535211299923e+01
    4.3841141340697781e+01 -5.3817976139954254e+01
    -5.0362627216944411e+01 4.1074034086699406e+01
    6.1184035423385225e+01 4.3514680702113814e+01 8.6162650192833627e+00
    -4.4667437681255528e+01 -5.4621053299189626e+01
    -6.3361428228039010e+01 7.4509951330384069e+01
    1.0554989382065475e+02 -7.1622388705994524e+01
    8.8931247396519197e+01 1.9944266459919640e+00
    -1.4680240402370517e+01 6.5470833534345573e+01
    3.9686656900343003e+01 1.4235207542550722e+01
    -1.1450138696063247e+02 -2.1609556134278827e+02
    3.5883240815112373e+01 7.1527293035988507e+01
    -1.3943440845570566e+02 2.4082121510423778e+02
    1.4215754340391516e+01 9.6101905121108004e+01 4.6328833612374545e+01
    3.3252213522516499e+01 8.8591504744427027e+01
    -3.8320341404408836e+01 8.2668613219160491e+01
    -4.2194171625348893e+01 -6.9517161313192261e+01
    2.9646430178857386e+01 4.2670532495506251e+01
    -3.6223251779133356e+01 -9.2515447515136870e+01
    4.5124855947594085e+01 -1.5533949436387070e+02
    -6.8262225643644939e+01 -1.5411941378390431e+01
    -1.3772686316075388e+02 -9.3306631631908701e+00</data></s10_3>
</opencv_storage>
