<?xml version="1.0"?>
<opencv_storage>
<s10_1 type_id="opencv-matrix">
  <rows>200</rows>
  <cols>1</cols>
  <dt>d</dt>
  <data>
    1.0073488173308079e+03 -3.3382016326245133e+02
    -6.5674206193120540e+02 -1.2591148190050183e+03
    -5.8475474433200270e+02 2.5570051836125552e+02
    8.1014907202145173e+02 -6.1408864355850221e+02
    1.4963360707438846e+02 9.5835484674657224e+01 3.2612840375724676e+02
    -5.2614337101298652e+01 2.7955385490257100e+02
    -4.1657171617278131e+01 1.4368871776679464e+02
    1.7113622117968174e+02 1.9889995229553702e+02
    -2.0496312320258204e+02 1.9568386066916702e+02
    1.2548986372769367e+02 6.1104519240156051e+01
    -7.8298537016416986e+01 -5.1816532883761333e+01
    1.4999669018358165e+02 2.7476159071358541e+01 2.1379443465136259e+02
    -4.2901422139224945e+02 1.4608985473075063e+02
    7.1244392815027012e+01 -1.7406165433986033e+02
    -6.7677696571662182e+01 -1.6828935859485841e+02
    2.7684344886827176e+02 1.7666952528737195e+02 2.6196958623785787e+02
    7.9911083069303075e+01 -1.3097748306603247e+01
    -1.7217968267114119e+02 1.8146671749375692e+01
    -1.7408887816327923e+01 2.2648242182328417e+02
    -1.5286391598714292e+02 -5.6501337645349004e+01
    1.6005549224998512e+02 -1.3689643540076545e+02
    1.8907970492185478e+02 1.1783741061234853e+01
    -2.5173220843241637e+01 -7.9686448932207028e+01
    -6.3832725934144221e+01 -1.7325406396482254e+01
    1.5878647243132848e+00 -4.8619560686481442e+01
    -2.3015385024140787e+01 2.0199027760311668e+02
    1.2479101155977703e+02 -1.0249662207569469e+02
    5.8246311392344481e+01 -1.3649253206666211e+02
    1.6419140684087867e+02 -1.6021539023095270e+00
    -1.4142216853085569e+02 -1.8012686812607544e+01
    1.4809069869817435e+01 7.6966919804326878e+01
    -1.3982481656773658e+02 -5.0125185041783332e+01
    2.4323384168014190e+01 -5.9581063153777883e+01
    1.8137819285732414e+02 -6.5416983755474462e+01
    -1.4288106702602579e+02 1.1640592738264147e+02
    8.1982289993687317e+01 9.9131983143827412e+01
    -1.2126384772442613e+02 2.3611546770304020e+01
    1.2807945133693761e+02 3.4468880252099936e+00
    -3.0039210328976353e+01 4.2055578047916164e+01
    7.9282970008322602e+00 1.6213570228310729e+01
    -7.3119194354495264e+01 4.1128304928860899e+01
    4.6186381964092078e+01 -5.7469054895207625e+00
    6.4521165968073944e+01 1.2528298639937545e+02 3.5636089682697481e+01
    8.0506880400966992e+01 1.0609858422167277e+02
    -5.3689471178161831e+01 8.1923369242322028e+00
    -5.9328720804330224e+01 6.8132081493285199e+01
    -4.3420249206100621e+01 1.4758120751580771e+01
    5.5429663331923578e+01 -1.4443841142801548e+02
    1.0424991989595684e+02 1.7458862485244623e+01
    -1.6975354655916668e+01 -4.3377223874916766e+01
    -6.2459044946476354e+01 -2.0210265451803378e-02
    7.9987933434818387e+01 5.4665267325178952e+01
    -4.0339645871692412e+01 -3.6034738018214000e+01
    1.8210799225881733e+01 -4.5621952266006481e+01
    -4.4035259535390516e+01 -2.0620531382405307e+01
    -1.6254806675937942e+02 -3.5834454644003557e+01
    7.4171050763820958e+01 3.9819784102330296e+01 8.1763657304533965e+01
    -4.1682000689989266e+01 6.3824109876154921e+01
    4.3684674412446512e+01 -1.7149419212342027e+00
    1.9884735656874398e+02 3.6442144118338478e+00
    -3.6065840780492522e+01 2.3752519635792599e+01
    -5.5544643395560932e+01 4.5785408669415347e+01
    2.9339019292978616e+01 -2.9848355351384409e+01
    1.3858154619329852e+01 2.6328101912555400e+01 9.8125139436451661e+01
    -2.9261660301414555e+01 -3.8944118186331153e+01
    -8.8670797631688785e+01 1.6532794771162990e+01
    -2.0909330896567671e+01 -1.0455089932465691e+01
    -9.5398296600377730e+00 -6.2516031860822153e+01
    8.0539877817566236e+01 7.4696836581355200e+01
    -3.1336982482178925e+01 -5.5095574959179139e+01
    -9.8769652087812148e+00 -1.5323350621250590e+01
    -1.1325220280993344e+01 7.3778682735987772e+01
    -9.1910595221117021e+01 4.3649798193244493e+01
    -1.1214217320777239e+02 -2.7392574091155815e+01
    -9.7924763022812833e-02 -7.9689917445050909e+01
    3.0083103477714094e+01 -8.9968025357207580e+01
    -4.0703087757675675e+01 6.4132053181402370e+01
    -5.9453665441824413e+00 2.7965095274156790e+00
    6.4930602612844837e+01 -5.6691773461717922e+01
    -1.4774165177290181e+01 -8.4493835999379840e+01
    1.9172722904979508e+01 1.3724789330275959e+02
    -2.7054044989650698e+01 3.8580675995481464e+01
    4.1412718105982069e+00 3.2228240379784822e+01
    -1.5845428967415275e+01 1.8745179018262043e+01
    8.0470908643990356e+01 -3.4439830953839909e+01
    -2.1678510957985802e+02 3.0734309229734894e+01
    -1.2617943980900089e+01 -1.3622541532894789e+02
    1.7386322342722443e+02 4.0038444989484276e+01 5.9339279244598494e+01
    7.1876983947440365e+01 2.5892650884474570e+01 5.5044433619069309e+01
    4.8182798530627096e+01 8.8329115644263140e+01
    -4.4911721031366838e+01 -8.2041104458431420e+01
    5.3228963062299933e+01 5.7677793854244015e+01
    -2.7614077666713388e+01 -8.8226505316439727e+01
    5.4266704979249269e+01 -1.6567217312373415e+02
    -6.4630466454751513e+01 -1.0643397307059578e+01
    -1.3913559856368764e+02 -3.7161321805122958e+00</data></s10_1>
</opencv_storage>
