<?xml version="1.0"?>
<opencv_storage>
<s11_1 type_id="opencv-matrix">
  <rows>200</rows>
  <cols>1</cols>
  <dt>d</dt>
  <data>
    2.2419720890814168e+02 -2.4499728322397365e+00
    -8.2676652111270279e+00 -1.2815312204209611e+03
    1.3166023617996894e+01 9.5757535447172927e+02 2.9779464357226590e+02
    -8.4540905528046562e+02 1.2962466369508218e+02
    -3.1222533760586663e+02 3.6000070672127265e+01
    6.8544049167721005e+02 -2.4286167622526574e+02
    2.3808045821035950e+02 1.7452624802904086e+02
    -7.3571350949932832e+02 7.3811513763232611e+01
    -3.7433165403071166e+02 2.2948196369629426e+02
    3.6095163415272845e+02 2.8467806164152319e+02 1.7557011221796540e+01
    2.3965747721792482e+02 1.5524010406212150e+02
    -7.7329280598337562e+01 1.5332316474808152e+02
    -1.9153820623631754e+02 1.7452934832623949e+01
    1.0182257489786285e+02 1.6160473546974282e+02
    -6.3683208396385943e+01 -1.6828242375416031e+02
    1.6438038759726513e+01 1.1419378648159484e+02
    -9.6240520827617686e+01 -1.4931131168647822e+01
    -2.0431920292115493e+01 -3.8226942338068127e+01
    1.8770009548274768e+02 -1.0302271519544570e+01
    -6.4609187159351478e+01 -5.0477363277961643e+01
    -6.4209808569340851e+01 -2.3326865124973574e+02
    -6.7242091975663996e+01 8.1896629619185575e+01
    -6.0554194704478483e+01 -3.1601021227018190e+01
    4.8553831340782217e+01 1.1879378273360976e+02 2.1996440561850414e+02
    -1.2496371765073184e+00 -1.3820526454091200e+02
    -1.1217034386032864e+02 9.6586673084194075e+01
    5.6347002366083395e+01 -3.9739650472508129e+02
    6.0680017488170549e+01 -5.7530481941734038e+01
    -4.7193215143205492e+01 1.0536510394753263e+02
    6.3804455076744844e+01 -1.0632268737273044e+02
    4.7627808792077893e+01 -5.7061297071844457e+01
    -6.3815714593329371e+00 -1.4282161934679962e+01
    -1.4947144228873026e+02 -1.1439058528370929e+02
    -3.7217316905097295e+00 -7.1526251637312427e+01
    -1.0910191671830870e+02 1.4545007399846423e+01
    1.3057002809827802e+02 2.0626994523216928e+02 1.3935141604856534e+00
    1.9388440462297459e+02 1.5650230240512835e+02
    -1.0204260876445001e+02 -1.8361451327407714e+01
    -3.8540112830613914e+01 7.8363371002184905e+01
    9.8196666614161117e+01 2.0316936356344936e+01
    -2.3874843565512439e+01 -1.8993069668338883e+01
    4.4691873318566621e+01 -2.6496259469955461e+01
    1.4527125747166966e+02 1.2615960879649176e+01
    -4.8234337570378109e+01 -6.7801389136303216e+00
    -6.4131988112346514e+00 1.1653523401740003e+02
    8.2874541127442697e+01 -5.1961539416297640e+01
    7.6345639631491736e+01 9.4679543033239817e+00 4.5932729852127281e+01
    -6.3020674294349099e+01 6.5689868494740196e+01
    -9.5607428214617869e+01 -1.4925846372102939e+02
    3.0235631746005726e+01 -1.0745734017071317e+02
    6.8708015317076203e+01 9.0069464013688020e+01 1.6883694283150742e+01
    -6.2321573795682113e+01 3.2641576533775549e+01
    5.5309731710963966e+01 -1.7609594770847616e+02
    -8.7307160782779107e+01 -9.3992237558444160e+01
    -1.0047121563358488e+01 6.3092041608837242e+01
    -7.9537048014374880e+00 5.5691706970714485e+01
    1.4681594405559076e+02 -4.1376621900632919e+01
    -1.6714171851054239e+01 1.3571961451233256e+02
    2.5884826199808519e+01 1.8287863460082662e+02
    -2.4451181159853647e+01 7.8249192264735541e+01
    -3.1505790551441773e+01 -6.1873838971087189e+01
    8.0985321462589681e+01 -4.8544497675822839e+01
    -3.5037743957718170e+01 6.2754729006218653e+01
    5.7125159676994315e+01 7.6859413904281766e+01
    -1.6508382793194876e+01 -7.7333488490385946e+01
    -1.0011655924534109e+02 -4.2496886697511655e+01
    1.0141105440383116e+01 -7.3661717708194105e+00
    -6.6799577998741412e+01 -9.9237562510325105e+01
    5.0943375408102440e+01 7.3883894076204271e+01
    -3.9325081814901928e+01 -8.4006513032836978e+01
    -4.1689952057046548e-01 8.0961693887998063e+00
    2.5298493855087507e+01 5.2362060450249253e+01
    -5.9476937790064589e+01 -1.4649012461294641e+01
    -1.0189551350286345e+02 -6.7069735868138139e+01
    -6.9065032731423610e+00 1.3880819819337002e+01
    8.3800739480762332e-01 -4.4285913628837967e+01
    4.7604067164134541e+01 -9.6606681486073054e+00
    3.3963729317895330e+00 5.4600453102412303e+01
    -5.8582072759814210e+00 -9.7946003931390123e+01
    9.5308706404229664e+00 -1.0604713478435957e+02
    1.9048356872112784e+01 7.2925216031018763e+01
    -1.2136039804506839e+02 1.0917336272199611e+01
    3.7135171481085891e+01 -2.6602553166911960e+01
    -5.4225059336939090e+01 3.7634854347735356e+00
    -4.1168750855338549e+00 -7.7515638914876376e+01
    -2.4989527942380963e+02 9.8671521654002646e+01
    7.8916426331283191e+01 -1.6167561096655496e+02
    1.0837032783018292e+02 5.0328046384306688e+01 6.9460320446731956e+01
    -6.1826204116431760e-01 3.0018802730642996e+01
    7.1297947654443846e+01 5.8044902194174959e+01 5.0870171028343513e+01
    -4.6990588448930346e+01 -6.7427183091812353e+01
    6.4998695469150917e+01 6.4990650752752316e+01
    -3.7584226729450137e+01 -9.8618412410585250e+01
    6.3236015687824022e+01 -1.5474428952998389e+02
    -7.8508916756180255e+01 -1.0292295468145186e+01
    -1.4345317898666536e+02 7.4752329227664820e+00</data></s11_1>
</opencv_storage>
