<?xml version="1.0"?>
<opencv_storage>
<s11_4 type_id="opencv-matrix">
  <rows>200</rows>
  <cols>1</cols>
  <dt>d</dt>
  <data>
    -6.0267652964862748e+02 -7.4806969775349671e+01
    9.5169466674538356e+01 -9.4716059940809600e+02
    -3.6911645083276238e+02 9.1883080506302088e+02
    6.7415827486568492e+02 -7.1860264013838719e+02
    1.7947648155519818e+02 -1.6158406582107844e+02
    -1.9272299665888036e+02 5.7970462782395828e+02
    -1.4418177735813541e+02 1.8566904859123989e+02
    3.4545232900538394e+01 -8.3236598087104062e+02
    6.4157811951229135e+01 -2.5531857049746162e+02
    1.0368411712550369e+01 5.2749879663450292e+02 1.5988143832331730e+02
    8.2272822775133562e+01 3.2278326408812416e+02 3.8039047820907285e+02
    -1.5648062783402858e+02 1.7499382262245103e+02
    -3.5162583948434224e+02 1.5574889739833463e+02
    1.2460017523238053e+01 2.0554379567401875e+02
    -1.0979971248511798e+02 -2.7835843341575287e+02
    2.0153045788663070e+02 6.7624083414588142e+01 9.6120490432774460e+01
    -1.2066412387757663e+02 -2.5166348782313520e+02
    -1.6603931074562868e+00 1.0867732375113869e+02
    -6.7765377396049061e+01 -2.8498918880633755e+02
    -1.0562918093463598e+02 -1.8674397001278901e+01
    4.2523775492726841e+01 1.4627713017682004e+02 6.8369676573701398e+01
    -1.5370884315215685e+02 5.6597252112632745e+01
    -1.1919514705761731e+02 -1.2577992077707579e+02
    -1.1740136048900327e+02 -1.0827032331334816e+02
    -1.8171033443977247e+01 -2.3649052882081827e+02
    2.6139411598283908e+02 6.7189423210999237e+01
    -4.0390654696149340e+01 8.5608444331883334e+01
    1.1287325353185813e+02 -1.9684391027858325e+02
    1.6345544330677330e+02 6.8429781651157491e+00 4.7361667504580353e+01
    -4.7722636990037600e+01 9.0242168798566382e+01
    -4.5103134584102751e+00 -1.4254983670789750e+02
    -9.5956438143418552e+00 -2.8287633283781485e+01
    1.1156784251100316e+02 3.7538877073964770e+01
    -1.1054234739768474e+02 8.5963637890947027e+00
    -2.6555266535855466e+00 1.7290214722678328e+02
    -1.4873219318264873e+02 3.3394033891670048e+01
    1.1301748955455312e+02 -1.7007912264263950e+01
    -1.1262702872682709e+02 -4.6480100325250596e+01
    5.5145523696503346e+01 -3.2031175413407333e+01
    -1.6881048102208016e+01 -1.3748794671192829e+01
    4.7393273132121806e+01 -1.9923751486466657e+01
    1.1192463870637168e+02 9.3813587856229461e+01
    -7.2018279578971487e+01 -2.3492324642452878e+00
    -5.8108450025245112e+01 -4.3364980796147590e-01
    -5.7131416865517721e+01 4.1315234885672197e+01
    -2.8397211351574363e+01 9.2882416334201622e+01
    -8.3843955178861393e+01 -8.8603822202052854e+01
    -6.5515867813273488e+01 1.9346228565885422e+01
    6.6256045054775100e+01 -2.2719485961886052e+00
    3.5453548379716089e+01 -5.6325335234560985e+00
    7.3871338517633092e+01 2.0629332136122475e+01 3.8896410106590046e+01
    1.2002181668879970e+02 3.6818215722549510e+01 3.7426454584914701e+01
    -3.7767780601643089e+01 -1.1103018074444508e+02
    -9.0864085767127989e+01 -6.8777017512389421e+01
    -2.0159307518858355e+01 5.7389178586445240e+01
    1.7436663955277126e+01 3.1560003044511355e+01 1.0851622957848758e+01
    -3.7878717232108228e+00 4.7416532041459902e+01
    4.6815781170784945e+01 8.7939957509249453e+01
    -1.1746163762054003e+01 6.3375130872465846e+01
    -3.8858564935180581e+01 -9.1863923143571043e+01
    3.6528857610683090e+01 -2.6692181727440200e+01
    -2.8686100113008742e+01 6.0514297937343379e+01
    8.1530429745745053e+01 1.2387725455944344e+02
    -4.5240305044412771e+01 -7.6767592168478856e+01
    -1.4494781190452727e+02 6.1761373062421093e+01
    1.0940551630643132e+01 -2.0155259628023394e+01
    -5.7180625880845980e+01 -6.1769986455217968e+01
    8.9359002847346432e+01 -1.8866558718469769e+01
    9.0603113824646808e+00 -2.2853319953414385e+01
    -8.8093212066357351e-01 -2.9213904266099910e+01
    -2.4427373465489286e+01 1.1162170691448470e+02
    -2.7960942993312482e+01 6.8585343577361101e+01
    -8.5213437417915372e+01 -7.1555551564254600e+01
    -3.5536865904012608e+01 2.0725390987260141e+01
    2.3322251410240938e+01 -4.5892666950201139e+01
    -1.5914612583859611e+01 -1.3878861086135032e+01
    2.1211881963123890e+01 3.0497156415771514e+01 1.0531218832292357e+01
    -3.2938552174856985e+00 -1.3866976944541962e+00
    -1.0765363287873656e+02 2.6476078542209418e+01
    1.0604966381085300e+02 -2.1167808654154676e+01
    2.3829356058580082e+01 4.1458172985021953e+01 7.1169456964702121e+01
    -4.5220467064631876e+01 1.1849346669913093e+02
    3.4291301172565205e+01 -7.0357208231773427e+01
    -1.5373457325699258e+02 1.3873678155764450e+01
    2.2366851340514405e+01 -1.1923808635435364e+02
    8.3642818129647821e+01 3.9747423751235878e+01 4.0171763681103052e+01
    4.2588529292116007e+01 6.2133894737401512e+01 1.3467056705844774e+02
    6.9486884323863777e+01 1.0839873129869309e+02
    -1.4600231806760939e+02 -1.1330861938584935e+02
    4.9201723655167775e+01 9.6713768603489925e+01 1.1285301889678996e+01
    -6.6376696571521350e+01 4.4945962822067983e+01
    -1.5181130168266299e+02 -6.4712246880279935e+01
    -6.0399739450993124e+00 -1.3073677243523548e+02
    -3.0351481448190416e+00</data></s11_4>
</opencv_storage>
