<?xml version="1.0"?>
<opencv_storage>
<s11_5 type_id="opencv-matrix">
  <rows>200</rows>
  <cols>1</cols>
  <dt>d</dt>
  <data>
    -5.0268162210605851e+02 -1.2683522984397165e+02
    1.5522622848417154e+02 -8.3811780853417304e+02
    -3.6642749052744222e+02 7.9607923960380981e+02
    7.8834993261807574e+02 -7.6877956022004491e+02
    1.7821820352909074e+02 -1.6446683199706359e+02
    -2.2449933558304491e+02 5.3738959349234767e+02
    -1.4046272205823041e+02 1.8829554353692635e+02
    -8.5932588084887698e+00 -9.0429741200925127e+02
    1.4849757218465948e+02 -3.1203481558228754e+02
    -2.7140905472336350e+01 5.8257747467768115e+02
    1.5910789870215442e+02 8.6737001441920270e+01 3.4068786953781773e+02
    3.8423089047036285e+02 -2.8968128410807861e+02
    2.1170110909215583e+02 -3.1265112895807215e+02
    1.1489222979512216e+02 2.0985924490115444e+01 1.7269871506734577e+02
    -1.1897850064539621e+02 -3.5976243345703460e+02
    2.2025661437577395e+02 1.1110521646477829e+02 1.5844807649438224e+02
    -9.8166150017430382e+01 -2.2430620744837822e+02
    2.5436565574241290e+00 -1.9864122875039254e+01
    -4.9928869895798499e+01 -2.6981180738248230e+02
    -3.0143560134194200e+01 3.3630304724246386e+01
    8.8647425540757226e+01 1.4191248252056408e+02 1.0325886820044310e+02
    -1.5330047458497015e+02 1.9192752033184895e+01
    -1.2119874230030089e+02 -9.0364616090993209e+01
    -9.8314553314587201e+01 -8.4939471679352422e+01
    -5.1187959124328344e+01 -2.1363058046024889e+02
    1.6691786003639993e+02 9.5184492604903014e+01 6.5006826546696388e+00
    8.7035851106312904e+01 1.0082054789678669e+02
    -1.4791288604697041e+02 1.3987567170451166e+02
    5.5865975719772001e+00 5.7663123491811930e+01
    -6.4178547061021305e+01 1.1627347465166626e+02
    -4.2185309370279604e+01 -1.2974140823217027e+02
    6.5120950885387970e+01 -3.5023178478006356e+00
    1.4514427813996218e+02 1.0563812342621148e+02
    -1.6754007154348297e+01 1.6032174426947204e+01
    -2.8890074334976980e+01 1.5741613796161249e+02
    -1.7325271116655369e+02 -1.8136233488913788e+01
    1.3924110176109187e+02 1.2163092814608408e+01
    -6.4582227312256791e+01 -2.1776222085786682e+01
    4.6214865711287096e+01 -2.2709075353654331e+01
    1.6170344796921093e+01 -3.9593110916825360e+01
    7.9575367629852423e+01 1.8129235438189152e+01 6.1481302140550213e+01
    6.9450511372205469e+01 -6.8077322735487016e+01
    3.1197814020754262e+01 -4.0612788570417813e+01
    -3.9880312333639182e+01 -3.3332386286371808e+01
    -4.1715019673713742e+00 1.4481385579995532e+01
    1.1787639802689741e+02 -5.5596132437126641e+01
    -6.3314298334923407e+01 -4.5660834207008193e+01
    8.3382227447233461e+01 6.2854975676494746e+01 1.8407745482366991e+01
    7.1418366508302995e+00 -6.4806294179594218e+01
    1.1206195692060182e+02 1.3886107999800585e+01 7.1052890998759888e-01
    8.1251936495487371e+01 4.8966693900978790e+01 8.1381255450520982e+01
    -4.3701766712933185e+01 -1.1354641897429548e+02
    -9.7140381104052878e+01 -5.8525062567075665e+01
    -3.1369463969496791e-01 1.5265090620709318e+01
    -2.3885682827822269e+01 1.0028206780525787e+02
    -1.0748604674221754e+01 9.5887626952934699e+00
    3.7119412360784679e+01 1.9800471769374457e+01 1.3899474242282261e+02
    -8.1480771484784564e-01 6.9140361895113330e+01
    -5.9307915157689351e+01 -6.9262732539196236e+01
    1.4015608001864297e+02 -4.3905482080083678e+00
    3.4914176384110569e+01 7.1608745036481423e+01 6.2099251833784898e+01
    6.3974841271283012e+01 -6.4098812665089724e+01
    -5.2549862366136679e+01 -5.8556213532647490e+01
    1.2425724690304605e+01 -3.6459320459922786e+01
    4.3028291413780764e+01 -4.6494610226166415e+01
    -4.8545926667375326e+01 9.8139016209692940e+01
    4.6975575066150242e+01 1.9944619622668075e+01
    -9.1590611517292714e+01 -9.5696147957505957e+00
    5.5336522615795360e+01 -3.3624851099463115e+01
    4.3469274051607158e+01 -4.2246421585416996e+01
    4.3114959657332284e+00 -5.2187979200312846e+01
    -3.1868926560273373e+01 1.7244236484769150e+01
    -3.2621281626021248e+00 9.1819971315089745e+01
    -7.4017359274673865e+01 -5.6362827120473668e+01
    1.2014433409383711e+01 -1.1881241778638634e+01
    2.5059671957372373e+01 7.2135108699087681e+01
    -9.2396807457969956e+01 -6.8743545779034221e+01
    -1.6336537972514643e+02 5.5468007638019877e+01
    5.8246311054201620e+01 -5.5893500430233175e+01
    8.8392546707968961e+01 3.3588857340671304e+01
    -3.9140051503333225e+01 -2.8900679140924101e+01
    -4.2632797812302705e+01 2.1963451412160268e+01
    -4.7779791309983707e+01 -1.8820059207160821e+02
    8.3471144831652467e+01 2.5514915284912167e+01
    -1.5658031724339023e+02 1.9893115738132101e+02
    5.9376972764889558e+01 8.5917706001103724e+01 7.3814075185391943e+01
    -6.5766288285279330e+01 2.0819052186466440e+01
    3.4410102692351586e+01 4.8362061457726668e+01 7.0418116342917187e+01
    -4.0223951742707044e+01 9.4129745637222371e+01
    2.5636216092822078e+01 -8.2512396769223812e+01
    -9.0669942712004030e+01 5.3782603652447690e+01
    -1.7344424696552491e+02 -6.9647954395981742e+01
    1.6154170785975430e+00 -1.4989568083555224e+02
    9.3547364813479899e+00</data></s11_5>
</opencv_storage>
