<?xml version="1.0"?>
<opencv_storage>
<s11_2 type_id="opencv-matrix">
  <rows>200</rows>
  <cols>1</cols>
  <dt>d</dt>
  <data>
    3.7863553975943582e+01 3.1374313114469015e+02
    -2.3776647749646071e+02 -1.5010658766118145e+03
    -2.3793971028417411e+02 7.1447899827788342e+02
    -1.5996928526772859e+02 -8.7877306941177210e+02
    2.6220183609977448e+02 -2.3821455600317626e+02
    -1.5150550150793552e+02 2.6219999871859147e+02
    -2.5063911338101943e+02 4.0263561438349990e+02
    8.0807364424098267e+01 -5.6456408182758764e+02
    1.3392866408726547e+01 -2.3846446624080281e+02
    1.0314887341830408e+02 3.5978202667735451e+02 2.5910778058624959e+02
    1.0441170018399546e+01 -2.8228529175906839e+01
    2.7068712537911796e+02 7.2244861413492174e+01 1.5450164842799867e+02
    -2.6323519043904224e+02 -9.3769004098934658e+00
    1.2368659875444240e+02 3.2142362555330851e+02
    -1.0226483357790197e+02 -2.5597047212047215e+02
    -1.3738410006538822e+02 -6.8355011047412404e+01
    2.4473984014991615e+01 1.8119097366385002e+01 1.6323555973388810e+01
    5.9806313032801548e+01 -1.3986227514953922e+02
    -6.1820957959214461e+01 1.0463882018737466e+02
    -1.6536185066981238e+02 -2.0739956864556737e+02
    -6.6441379344345577e+01 -1.1111018020468768e+02
    1.3486883804445984e+02 -2.3976857063732151e+00
    -2.4146041322600288e+02 -7.9315536770766457e+01
    1.1517466587087078e+01 -3.3462538602779972e+00
    -3.2566672028865568e+01 -3.3972166266067836e+02
    -1.2651502774582632e+02 2.8126388360885380e+02
    8.5538278594272228e+01 -1.8995244398790888e+02
    -1.3737674518131428e+02 6.1476062953652679e+01
    -2.9649128563101733e+01 -3.0443639361607467e+01
    -4.5714324781468861e+01 6.4862752228078079e+01
    -9.1733784324611079e+01 7.6123824766054994e+01
    1.7643459852520522e+02 -1.1005117751632793e+02
    8.0451937906260696e+01 -2.9695024966813878e+02
    3.2876185970816117e+01 -1.5713302969632508e+02
    -5.1375945277870869e+01 -6.7727827156267665e+01
    -4.8909412205409886e-01 1.8881847583180038e+02
    -1.0894670267323212e+02 -7.9043130268464751e+01
    -4.9125968177211611e+01 -6.7991282612459599e+01
    3.1870819408746133e+01 -1.3623344460242438e+02
    7.5273304386021650e+01 3.1453656068122097e+01
    -1.8990465729486391e+02 9.3554899628290570e+01
    2.4216101315596369e+01 1.0586702884576103e+02 9.6932103853713814e-01
    8.1700484312367450e+01 -2.2028176099690580e+01
    1.6005580085943539e+01 -3.3835670154626271e+01
    -8.8226716804523349e+01 1.2377181606166901e+02
    -1.3542696251854966e+02 -5.4606740828438070e+01
    -5.8763111270522810e+00 1.4909921880377082e+01
    -7.3368412260535294e+01 -3.2385440076495151e+01
    -5.4475133211032130e+01 -3.6560448391776340e+01
    7.0245538720520443e+01 5.9730883317729216e+01 3.8835167876321917e+00
    1.1989799963765144e+02 1.2952074386160194e+02 3.0804981326794952e+01
    1.8592878297489872e+02 4.3645701893873522e+01 4.9242483571429801e+01
    -1.3395162825549144e+02 -1.4757368366418463e+01
    8.2053561863096206e+01 -3.2134856578938937e+01
    3.8321074478737167e+01 3.9655269068375404e+01 8.0716743064689055e+01
    -1.2292932165780453e+01 4.0230031136525369e+01
    4.0124128067194160e+00 7.4675318304752395e+01
    -5.5979390208989173e+01 1.1154463924318297e+02
    3.3162557896974867e+01 3.5811285665758611e+01
    -1.0044198808672554e+02 -1.6871519714845221e+02
    4.9791769745487819e+01 2.8903696609326293e+01
    -2.7445118388270672e+01 8.9909225516925471e+00
    9.1684870298961428e+01 3.3555482721951684e+01
    -2.7942735921615395e+01 -2.1085868958279715e+01
    -1.2800406975044943e+01 3.3717817272274995e+00
    -2.4635620466291194e+01 7.0932139583428171e+00
    -4.5139244532174509e+01 -8.8735344276870350e+01
    1.4040203740898573e+02 2.1620007116187745e+00 1.0068283370345016e+02
    -1.0327790226658273e+02 -3.7759794734597878e+00
    -2.7685060663645885e+01 -2.5941074675432041e+01
    2.6196188958133426e+01 -3.4735861696055515e+01
    4.1360373269021240e+00 -6.4652648958590987e+01
    -7.6770832374732976e+01 2.8840012422216979e+01
    -1.7078028180568159e+00 2.2077388281094432e+01
    -1.2660740851436850e+01 -3.1343005765493348e+01
    -5.3434806356512414e+00 2.0732551049942593e+01
    6.8911461256650526e+01 3.3282689823666736e+01
    -8.1054077626802169e+01 -7.3486536301809124e+01
    -1.2713197588414818e+02 2.9279535237178127e+01
    1.3111432358485791e+02 -4.4035318726350702e+01
    1.9565233229123166e+01 6.0403556639441696e+01 1.8923438933918035e+01
    -1.0790165517347379e+01 1.4797442722000508e+01
    4.3473799571303125e+01 -8.9330066738592237e+01
    -1.5531920164657686e+02 4.6077414582099770e+01
    7.4759794987663186e-01 -1.4158036636290797e+02
    1.7632268324012369e+02 4.8001765318407621e+01 3.0302126885758476e+01
    5.8932525423271521e+01 2.2330455610084528e+01 5.9423343863262247e+01
    4.1728560494329521e+01 8.0985972007403134e+01
    -4.9036593486690101e+01 -4.1006820617670726e+01
    7.5253792073402408e+01 6.1642830305290275e+01
    -2.8200487313231569e+01 -9.5391878721012688e+01
    5.4712298429276359e+01 -1.5963462955373529e+02
    -7.6021104823255513e+01 -5.5539275492972511e+00
    -1.4289295023735090e+02 3.3065434752735268e+00</data></s11_2>
</opencv_storage>
