<?xml version="1.0"?>
<opencv_storage>
<s11_3 type_id="opencv-matrix">
  <rows>200</rows>
  <cols>1</cols>
  <dt>d</dt>
  <data>
    -9.3522192845132793e+01 3.9117745657605795e+01
    -2.9596328181936496e+01 -1.3643017005969596e+03
    -9.7217817092080281e+01 9.8231806672383584e+02
    1.5426238086344776e+02 -8.5522023318255697e+02
    2.0642516767260619e+02 -2.3720656938345240e+02
    -1.0696802340557375e+02 6.1613578267595403e+02
    -2.0681061620145806e+02 2.6380527947979800e+02
    2.1900409748686604e+02 -6.8755903420271522e+02
    -5.5958455345750224e+01 -3.2452004297743940e+02
    1.7533308933531291e+02 3.9766664490487813e+02 2.4693388434818434e+02
    9.5695799021588925e+00 2.2373485928296540e+02 1.9673493513266726e+02
    -4.7323590111907492e+01 1.5031232476554376e+02
    -2.6968259920766911e+02 1.3652779310597674e+02
    -1.3723656691690447e+01 2.2849120280619937e+02
    -1.1569515775837827e+02 -1.6707945716753937e+02
    7.8458687567398968e+00 7.2448877171207940e+01
    -2.4412340895179295e+01 -2.3437929668677388e+01
    -6.8294035300445557e+01 -7.2470955531216987e+01
    5.5464064842321704e+01 3.5076115745327876e+01
    -7.4071156783109970e+01 -1.2206710021885822e+02
    -1.3328295776633740e+02 -1.7244489823156096e+02
    -1.1939110316312592e+01 4.9894927332526784e+01
    -7.9924935117594046e+01 -5.8289598600514310e+01
    1.7682132751180863e+01 1.7676573847970855e+02 1.8629088149495399e+02
    3.1507669811151335e+00 -1.9322181940932282e+02
    -9.7492899933409518e+01 2.0395080777275334e+02
    2.9163514262627899e+01 -3.2880427238747211e+02
    -7.8237937300889158e+01 3.7978800953765228e+00
    -8.1025271149739524e+00 7.4711132563822773e+01
    1.8398260696951642e+01 -6.3348714598078271e+00
    5.6188659501156017e+01 1.2770978005396871e+00 7.3195967871930222e+01
    -2.5673385337349821e+01 -1.5714580479445772e+02
    -1.0960829971965427e+02 7.2486309464462328e+00
    -1.0709862365599180e+02 -6.4056664295435638e+01
    2.5980898286898043e+01 4.6847329366112945e+01 2.1440914490431135e+02
    -5.5130076936110143e+01 1.3780670194042068e+02
    1.5949015657175966e+02 -1.0092933588751970e+02
    2.5978552073684703e+01 -1.8201069110139208e+01
    3.3007984530449825e+01 3.6925629856889898e+01
    -6.3874074505226162e+01 5.4278129227598775e+01
    9.0384289900944736e+00 1.5838206735676326e+02 1.4025611886145807e+01
    1.1989895109510110e+02 -8.0517083119214277e+01
    -8.0892966655068321e+01 9.4952658721455734e+00
    7.8997992846227980e+00 1.3812654396727109e+02 1.3453881897222786e+02
    -1.1774238884734908e+02 1.2525591693552019e+02
    -1.1718656865866825e+01 2.1055527023750493e+01
    -1.0301527153137526e+01 4.9811668437240058e+01
    -5.3535417036655616e+01 9.7481577058328455e+00
    4.3184707020159943e+00 -7.8857639894069777e+01
    3.2939150077420521e+01 1.7261462505491625e+01 8.7031573889929234e+01
    9.1204488124575356e-01 -8.8425933404994712e+00
    1.4342656143494301e+00 -1.3334275066340120e+02
    -4.3824313550982609e+01 -1.1732230753113387e+02
    -2.6511842255252020e+01 -6.2753683091070663e+01
    -4.8525461143138699e+01 2.5788087450115671e+00
    1.1844434769347608e+02 -5.2294534615740233e+01
    1.5078543185210131e+01 6.8996531509044502e+01 4.2606133277142270e+01
    1.2400185734444692e+02 -1.0132977900221049e+02
    9.5773263705866629e+00 -7.2659593792362269e+00
    -6.2296066304079396e+01 7.1779667452260625e+01
    -3.2547024146719785e+01 2.2787073385417557e+01
    7.3906613926886408e+01 7.8874366093892604e+01 7.0939823673241889e+01
    1.6937433267682216e+01 -1.5391144740929114e-01
    -9.8840353605227563e+01 1.2001395404641796e+02
    -1.6419224134777326e+02 -5.5167641388054086e+01
    -5.6144757468075341e+01 6.8289551493278466e+00
    1.0481272846485798e+02 1.4841667245736357e+01
    -1.4673252200145289e+01 -4.5179157838698671e+01
    -1.1008719087235255e+02 -3.4278917777207283e+01
    -1.1411329772819145e+02 8.2236582381649157e+01
    -4.3772527596990919e+01 2.5575659350886585e+01
    -1.0545015061098879e+02 2.1290754549893116e+01
    -5.4230734053020612e+01 -1.8731468565679736e+00
    9.2528200633540308e+01 -5.4602732707661488e+01
    -1.1256451972540164e+02 5.3151729009582994e+01
    -2.6724852850997429e+01 1.0220343149031166e+01
    4.2720730010623008e+01 4.2289375611655089e+01
    -9.2309502188446913e+01 -1.6487374131047696e+02
    2.0321417102285466e+01 1.3928934161604948e+02 2.5352349871436751e+01
    1.0536227580659971e+02 6.7043000978875433e+00 6.3138207512206783e+01
    -4.8775236414457758e+01 5.9514674907170871e+01
    8.2930114296574729e+01 -4.3364354382751507e+01
    -1.0767133104996738e+02 1.2718386500454901e+01
    -2.6619684437126526e+01 -1.4271997103670276e+02
    2.0270296789486372e+02 4.3017911515187102e+01 5.7038138375208824e+01
    9.5722896172791067e+01 -1.8122101652417122e+01
    6.0591644181484853e+01 5.0100411745038869e+01 8.3021695946008720e+01
    -1.6860503636191901e+01 -8.6850744086442063e+01
    6.9130762974803716e+01 5.2214697269687477e+01
    -4.1658081334290067e+01 -6.1331109016151551e+01
    4.1657908526873221e+01 -1.5516095374267991e+02
    -6.6965583184048810e+01 -1.2270786566386622e+00
    -1.3330819129155842e+02 -1.1273326849828145e+01</data></s11_3>
</opencv_storage>
