<?xml version="1.0"?>
<opencv_storage>
<s12_3 type_id="opencv-matrix">
  <rows>200</rows>
  <cols>1</cols>
  <dt>d</dt>
  <data>
    -5.0655834157400318e+02 -9.0127792664139270e+02
    -7.8320486311804734e+02 -1.1906787163633110e+03
    -6.4714513703780607e+00 1.0085271884145160e+02
    -2.7556072573101494e+02 -1.9312541263415207e+02
    5.8240794104307361e+02 2.7267155478301156e+01
    -3.3081831126573604e+02 6.7450804270202502e+02
    1.6772875482957213e+02 3.1307603304139445e+02 1.2233260517799603e+02
    -6.2718541240802097e+02 4.3602539817237846e+02
    8.8927550961173878e+01 -1.3053541422381707e+02
    2.5070833615471122e+02 -6.6845103458520498e+01
    -6.3743211027472739e+01 9.5133209603542383e+01
    3.5555764053915345e+02 1.1236431964814730e+02 7.4625165643648700e+01
    1.6348282507426626e+02 -1.1579242139591645e+02
    1.4248975518300622e+02 -2.5186771684227253e+02
    -7.4048449044537890e+01 -1.3403347036831104e+02
    1.4431724556075966e+02 -2.4590089039934051e+02
    7.4023344243649092e+01 -3.6784831735292798e+01
    -1.5011640224932734e+02 -4.6723793494401839e+01
    3.4701332322030652e+01 -1.6271645127095933e+01
    -1.3245973158633734e+02 -1.0785822726667352e+02
    -1.3240813228780061e+02 1.2181520969159402e+02
    1.5628585042743179e+01 2.2936212598575182e+02
    -6.4082909498855628e+01 -9.6427407476220012e+01
    -7.2553483630012806e+01 -1.5893301765833766e+02
    -1.4157359607372723e+02 -3.6805580797087821e+01
    -3.2695138152593569e+02 -1.2074228130388914e+02
    2.0902166781239362e+02 -6.2294130365172670e+01
    -9.1945489224522390e+01 1.5174084900039620e+02
    7.6653178461149793e+01 -1.4814477054189965e+01
    1.8203879407483677e+02 4.1925303133011177e+01
    -1.4068720855015212e+02 7.1958598488204132e+01
    -8.8802581509801861e+00 -7.4554593648357709e+01
    -6.9844736767569856e+01 -1.6766624138853061e+02
    -5.0842282267773115e+01 -9.2864334288344352e+00
    6.1752121585901456e+00 7.2067821914050512e+01
    -5.5815087551069503e+01 6.6221425982124174e+01
    2.3749320104906452e+01 -5.5249142668520307e+01
    -9.6014052817667874e+00 1.6265238569241740e+02
    -1.4388094791544688e+02 -1.1030108358645940e+01
    -1.0227811946922911e+02 8.4839412263240092e+01
    1.0250966825481264e+02 -1.1334984379817877e+02
    1.1718087457196671e+02 1.2228643402603698e+01 9.1432948967166297e+01
    -1.5337425115961412e+02 8.0050013998261662e+01
    -4.9340146242062232e+01 1.2126169053083248e+02
    -8.0649225542848725e+01 8.6553325559180820e+01
    2.2403819804575004e+01 -5.6826940633978914e+01
    -8.4567772760165045e+00 1.1068366690824828e+02
    1.2320991596899334e+02 6.3868792042481495e+00
    -9.4132351071557153e+01 6.7482648893223896e+01
    -8.3735231804004982e+01 -5.0340978204943148e+01
    1.8807187257346754e+01 -7.7396290703862206e+01
    1.0712889340497564e+02 1.8079283098846190e+02
    -5.5569857768482024e+01 1.4182695938858103e+01
    1.5690784514755756e+00 1.6496325663216842e+02
    -8.4175350381703382e+01 4.1750016645094135e+01
    -5.6496216346106969e+01 -2.0861628956042761e+01
    -1.1399574098063069e+02 5.3339109579481949e+00
    1.2439895824231618e+01 1.0404753073094467e+02 2.0355712460103511e+01
    -1.3132462645383701e+01 8.1882453942509670e+01
    -1.7022012443376493e+01 -3.8680855955994011e+00
    4.2630385513853906e+00 -5.5680668122466619e+00
    -2.3310229449743300e+01 -8.1654892647210005e+01
    1.2325906519803796e+02 -1.2898849795025797e+02
    1.0816918521093135e+00 5.1096438528972705e+01 1.0894854730565250e+02
    4.0071048280511981e+01 -5.0329765367909388e+01
    -1.2659391644243192e+02 -1.3728041983528695e+02
    6.2784270097084416e+01 -5.8474208892670617e+01
    -3.8474859322522352e+00 -7.9782296470453701e+01
    -6.5022038558760675e+00 1.0466643344963128e+02
    -2.8236934931241309e+00 3.2725566364024182e+01
    2.1149975631969611e-01 -1.1671325044330713e+01
    4.5458333395803535e-01 -5.6962263809801740e+01
    1.3238223168748951e+02 -1.3082964357177602e+02
    1.7386029740159330e+01 -8.4318616067266390e+01
    -6.7959909561341334e+01 -2.1066433687825725e+01
    1.3202034240901309e+01 5.0744668572876918e+01
    -1.1205898388470477e+02 -5.6941540428627093e+01
    4.0086126890328671e+01 5.0901386416209562e+01 4.4841028854943907e+01
    4.8117177535898861e+01 -5.7831297471748364e+01
    -3.1386122718368551e+01 -1.0194162947600954e+02
    8.2156303913050071e+00 9.2564176730215323e+01 1.1485788964568492e+01
    4.3823033502316811e+01 2.6366209566219808e+01 1.0218794780987627e+01
    -2.9209820029424804e+01 1.1775686021150436e+01
    3.7316648059746136e+01 -5.2901151769719824e+01
    -1.9008552187194903e+02 6.1265590982023951e+01
    1.7718750973994172e+01 -1.2551103258778089e+02
    1.4224915544432292e+02 5.5757349103958411e+01 6.8491239513990450e+01
    5.2714815424337822e+01 -1.2232235168184266e+01
    9.3336563571141227e+01 5.2564407144961422e+01 6.9830299869484989e+01
    -4.7726965447253072e+01 -5.6315077968874647e+01
    6.8596667261764992e+01 3.7088075788407899e+01
    -2.6585591000908874e+01 -8.7847636472459698e+01
    5.4640561141196450e+01 -1.5259743614628428e+02
    -6.8405786616833780e+01 -5.7478687292220494e+00
    -1.3461649896230577e+02 -7.4346290434368412e-02</data></s12_3>
</opencv_storage>
