<?xml version="1.0"?>
<opencv_storage>
<s12_4 type_id="opencv-matrix">
  <rows>200</rows>
  <cols>1</cols>
  <dt>d</dt>
  <data>
    -3.0016541192195047e+02 -8.5595437731250365e+02
    -8.3627190927113872e+02 -1.2264327303812543e+03
    3.1868512835856302e+02 3.4710367020241677e+02 3.4426448444060696e+02
    1.6415070088950845e+01 7.4830257817711208e+02
    -1.1599904632120082e+02 -2.0232606030751890e+02
    6.7104544844103873e+02 3.3793097680526927e+02 1.7177928350043419e+02
    8.8396701722562767e+01 -5.9065266738618448e+02
    1.0173836022929186e+02 7.2643156795742712e+01
    -5.9778013097885299e+01 3.8984335035092221e+02
    -2.3558936010678426e+01 2.8469665011627459e+01
    1.1285538094537708e+01 1.8523812080163989e+02 2.3609101374642901e+02
    1.3769010489525144e+02 -2.3119840667634975e+01
    1.8531816932130309e+02 6.8987131661471182e+01
    -1.9907775225210406e+02 -8.8092231536121858e+01
    -7.7945904179327826e+01 -3.4381077524219826e+01
    5.8575166149927576e+01 -1.5133668392110286e+02
    7.5760026249803659e+01 1.8837770349814189e+01 5.0163647391679923e+01
    2.7301032697585464e+02 -5.0729362242412577e+01
    6.2957137694885233e+01 5.0151911120070892e+01 1.5316621232757089e+02
    -8.2272459485301894e+01 -2.6087586972432394e+01
    1.4016083311112425e+02 9.9455102831076569e-01 1.3269883360529880e+02
    -2.9261242135090350e+02 1.5092387252960282e+02
    1.0894651264262339e+02 -6.2632083190666535e+01
    -1.3040858104582398e+02 -1.2902275896513586e+02
    1.0987767220811330e+02 -6.5459689782063561e+00
    -1.3042834646109554e+02 1.1929324037291702e+00
    1.3717695460677677e+02 8.8320397117523068e+00 7.6276336926841317e+00
    -3.4889054679752903e+01 -5.9286402914987015e+01
    2.6080263024466234e+01 -4.3388548124288434e+01
    -2.8068308312471913e+02 2.9564998054289664e+01
    1.1267053773653890e+02 -1.8297880786531113e+00
    -5.1192918520907249e+01 -3.6373377160182827e+01
    -1.7868792315342199e+02 7.6613943998735749e+01
    1.0769393205418886e+02 1.6296698083826573e+02
    -2.5107426119181753e+02 8.3442245981428172e+01
    1.2800131550550478e+02 6.3794938598068619e+01 1.5859236835401401e+01
    -6.3152675987161778e+01 4.1222144494297524e+01
    1.6974144932529310e+02 -8.9081251569455901e+01
    -1.2010335513594574e+01 3.3371244453095734e+01
    1.2081277575424998e+02 -8.1925616511540312e+01
    -1.1716576776259512e+02 -1.8492988107405285e+01
    -5.0139452226560131e+01 -1.5862721681948766e+01
    -2.9590168018559378e+01 5.3090899099229759e+01
    6.9800007616369541e+01 1.1521012387136006e+01 7.8440440107573139e+01
    6.6998209842680350e+00 -6.6079824352211730e+01
    4.0019692189531938e+01 -1.3580216591190327e+02
    6.7828827070160543e+01 5.2459522512429388e+01
    -1.1538282256285722e+01 -1.9053669434977715e+02
    1.0884574736767779e+02 -1.3410340329363089e+01
    1.0068025061720795e+02 8.6604879124283613e+01 1.2300874789062802e+02
    2.5988793178835785e+01 -3.1822333205982936e+01
    -9.2976157423357961e+01 -1.3464954759465343e+02
    3.9612359786486515e+01 5.2896496317792206e+01 5.5698262688428535e+01
    7.8732023824087122e+01 5.3398670732633882e+00
    -5.5636662258729260e+01 5.2994459553859201e+01
    -2.1687891462490230e+00 -7.9781954575081372e+01
    1.0268156550106988e+02 -4.6401079740320952e+01
    6.2441406097898600e+01 -9.9593804766998474e+01
    -8.0961668553715128e+01 -1.3589058869759082e+01
    -3.5161880920855308e+00 1.4326880633479126e+01
    3.7204861598418866e+01 4.3569772217342376e+01 7.5844607153411744e+01
    -9.5026525285647931e+00 -6.4230668138015270e+00
    -1.2544841474339388e+02 1.4424453856377879e+01
    -4.0780344232636168e+01 -4.1906829164155695e+01
    3.1968973863518460e+01 -3.6307513451184477e+01
    7.0805904978151531e+01 8.3377380826767187e+00 6.1330403856145480e+01
    -2.9611104827147269e+01 -1.5653125852502164e+01
    -7.3910828500043213e-01 -9.8362347314005319e+01
    1.1728707150112422e+02 -6.4629806216860066e+00
    -1.7871910405333466e+01 -5.4163082110530539e+01
    -3.5475220237440425e+01 4.8147376765320018e+01
    3.6145669177561621e+00 2.5816297405666571e+01
    -9.5793100732606334e+01 -3.1203889059409359e+01
    1.5407105311827848e+01 3.7599888401772978e+00 2.0604090461581560e+01
    9.5547204911660344e+01 -4.0892233719419423e+01
    -4.2361805182580085e+01 -1.1396022104350216e+02
    -2.8076049056527658e+01 8.5509006842711855e+01
    -5.2438836057342300e+01 4.4253341417088173e+01
    4.4704188354559157e+01 -4.1917981194938889e+00
    -3.9269001122962848e+01 1.2037634332082702e+01
    5.6359620415597988e+01 -5.9979313696776146e+01
    -1.6529212936895675e+02 5.6622021052585353e+01
    4.2640753269008876e+01 -1.5345937059611742e+02
    1.5273466883665361e+02 3.8218541961971638e+01 4.1389478691749041e+01
    5.1863382868897183e+01 7.8909991296722017e+00 6.7090452321136894e+01
    5.3483018258213257e+01 5.6616822369692535e+01
    -5.3302970205077557e+01 -7.5432372178636868e+01
    7.5221593671836246e+01 6.4990336453971068e+01
    -3.4073324716600006e+01 -8.5868788103068582e+01
    5.6821229000943568e+01 -1.5692215720439057e+02
    -7.1468956255262611e+01 -6.9211619809448477e+00
    -1.3818890033756495e+02 4.8334216679772686e+00</data></s12_4>
</opencv_storage>
