<?xml version="1.0"?>
<opencv_storage>
<s12_1 type_id="opencv-matrix">
  <rows>200</rows>
  <cols>1</cols>
  <dt>d</dt>
  <data>
    -2.7340279704014148e+02 -1.0626708116235691e+03
    -5.6033217368715292e+01 -1.4169020569739382e+03
    1.4887157972911331e+02 4.9790984399891823e+02
    -7.9812461338600968e+01 -2.9829025236179677e+02
    6.3107218255365240e+02 -2.3123848345113942e+02
    -3.4153387383972307e+02 4.8803297694955057e+02
    2.1481929273829078e+02 1.4731132905566901e+02 1.6935345137851567e+02
    -6.3097623535915147e+02 2.9453769961265232e+02
    5.2528389050855083e+01 -6.2737652599914192e+01
    3.2123705865034208e+02 1.1812065257367122e+02 9.1131202968406328e+01
    2.0096114238983273e+02 1.1134406839927773e+02 1.8719650693012429e+02
    1.2238457938634667e+02 -5.8224335835275355e+01
    2.1641147516893022e+02 9.2284060556002288e+01
    -1.6642850440671464e+02 -2.3985293886436171e+01
    8.9962705604274635e+00 4.8943816582630156e+01
    -1.2133743383710105e+01 1.3055477432317946e+02
    -7.2483133211653566e+01 -1.2180425677123903e+01
    1.7035229383025649e+02 9.8482328488290293e+01
    -8.5567595366313981e+01 4.7002328243048360e+01
    -8.7417162283889667e+00 -6.2247103876160892e+01
    7.5572308045643879e+01 9.5218204015869603e+01 2.5162587134440395e+02
    -4.5741094621654526e+01 -2.4745410739330936e+02
    7.0666705650923703e+01 -5.0524769029275383e+01
    3.3001240198322343e+01 -5.5471899346881010e+01
    -2.8864573988239624e+02 -1.8866654753207013e+02
    2.1394510384560456e+02 4.3044372250310154e+01 1.7405493445122142e+00
    -6.4172184205803234e+01 -3.1320655037987503e+01
    -1.1523649546983316e+02 6.0256469136412136e+01
    -3.2929941721371279e+01 -1.4341056122123674e-01
    -1.6213590176964544e+02 6.6058774705044456e+01
    5.2812586804084916e+01 -8.8655320063114488e+01
    1.5302214142298165e+00 -3.8795528751668229e+01
    1.8472208385317197e+02 1.4624300849621719e+02
    -2.2130522393858695e+02 6.5746697878341820e+01
    -3.8303395555718581e+01 1.1161079467647070e+02
    -1.9999574890461156e+02 1.0065372776854203e+02
    1.1825532414985308e+02 4.4912360639267554e+01 8.1615077210634031e+00
    -2.1928901893112535e+01 1.2939475386799481e+02
    6.6548749619977499e+01 7.9413247836864471e+00 7.9084627268743773e+01
    1.4644292236136637e+01 1.5262885658450017e+02 5.1929067145984948e+00
    -1.8714832390068152e+00 -2.7301004582027463e+01
    5.6097495560101734e+01 -5.9667784546412221e+00
    7.0569354445569999e+01 7.1994891862560237e+01 4.6958429198076132e+01
    9.1442275554975694e+01 2.3010865928949677e+01
    -9.5336998436940576e+01 -6.2759538878757848e+00
    -2.6822658560151233e+01 2.4461353003285403e+01
    -3.2305346822910586e+01 -1.2728272645955282e+02
    1.1061674080118527e+02 -1.8099514232611472e+02
    9.3593216426936877e+01 4.4727296233587182e+01 9.0123472239852411e+00
    4.7736748095682536e+01 -4.1732906612107548e+01
    3.4486011314119098e+00 -1.5314795689017490e+02
    -1.1854878773647077e+02 -5.3081262245384487e+01
    -4.2792389570101584e+01 7.0715089555241937e+00
    3.6586819556288702e+01 8.6800724312014793e+01 7.6549583296777357e+01
    -4.7369855454830947e+01 -7.8676366906436655e+01
    7.2684863609712721e+01 -4.2210232395390959e+00
    1.4618637466393292e+02 -1.1454225641698088e+02
    -5.1973523248442088e+00 -1.7632400808030844e+00
    -8.2546863912813564e+01 1.0867050329644276e+02
    -9.7659621001822231e+01 2.4624298601502668e+00
    7.8146765818882614e+01 1.0474145356071443e+02
    -1.3613759814383787e+01 4.5837107149838779e+01
    -1.0718862516181986e+01 -6.1599041936370121e+01
    -3.1339522336370248e+01 -4.2415707117798291e+01
    -1.0668137405352317e+02 -1.0915903385915814e+02
    -1.0326661854318898e+02 1.0741510874049412e+02
    6.3279612444224888e+01 6.8146107130299498e+01
    -2.7031414239194667e+01 1.5591374416750881e+01
    6.7968637014592431e+01 3.9673428387957394e+01 1.0716979128116991e+02
    -4.5947038512476361e+01 8.8555379438383696e+01
    -7.6739047445531540e+01 -3.0344370383523017e+01
    -6.0336643663216009e+01 -4.7198020414980938e+01
    -4.6702499540661535e+01 2.6334640996974063e+01
    -7.2392360502537670e+01 -7.1825890134381423e+00
    -1.6835955148229797e+01 -4.1291048579406727e+01
    3.0635702247577825e+01 -1.3225896272885606e+01
    -1.2750188619034593e+02 -1.6788450082003882e+02
    1.2438845039480414e+02 9.2238514123695992e+01
    -5.4689179905578563e+01 5.3000976935409604e+01
    9.7697307743838806e+00 9.1976190040050181e+00
    -2.9440408798093795e+01 4.1627848900198188e+01
    1.4860671753189711e+01 -3.9770804177519118e+01
    -1.9172016083116614e+02 4.4872405255467143e+01
    2.3641778882889408e+00 -1.9588890553460502e+02
    1.5592838473780506e+02 3.8215802457549941e+01 2.8171032245675676e+01
    5.7657156000150053e+01 2.0657056791345045e+01 7.9320543975569137e+01
    4.0692480611454222e+01 1.1635782368156607e+02
    -2.4409366999853944e+01 -7.8654994860343777e+01
    6.5539175974808117e+01 7.4077564184926160e+01
    -2.7480382963414193e+01 -8.3733297712713281e+01
    5.1008843770303308e+01 -1.6000047015244488e+02
    -7.2861895571238492e+01 9.8356374244025802e-01
    -1.4074921266040249e+02 1.7551405740041714e+00</data></s12_1>
</opencv_storage>
