<?xml version="1.0"?>
<opencv_storage>
<s12_5 type_id="opencv-matrix">
  <rows>200</rows>
  <cols>1</cols>
  <dt>d</dt>
  <data>
    -1.7178527875445903e+02 -1.0921850672522266e+03
    -5.5045867393500339e+02 -1.1590557674001984e+03
    3.2107720447950339e+02 -1.0581575528543087e+02
    3.6972592899336200e+02 -1.5943374238395259e+02
    9.0230730052721833e+02 -3.9194003379499151e+01
    -3.2821705656715091e+02 3.4802246243665149e+02
    3.3236575021581314e+02 4.1108871494460323e+02 1.5736431347861401e+02
    -5.3656620230887290e+02 -5.8887613277588706e+01
    4.6528436283372251e+01 -1.7239657333361606e+02
    3.3703764091905163e+02 -1.8502937315492585e+02
    -1.0229156921289155e+02 9.1659821584110588e+01
    1.9374304803792214e+02 2.1607440667002518e+02 9.5061456217631701e+01
    -7.8917858283011881e+01 1.4940054949403458e+02
    2.0761926453596914e+02 2.8044285092873416e+01
    -2.2909896060444927e+02 -1.4553816597578316e+02
    -3.4961016209639574e+01 2.7702924937454544e+01
    -1.1231968354460483e+02 -1.2228205609908558e+02
    -1.7545381527512862e+02 3.5905161075457016e+01
    6.5608338060978948e+00 -2.4522954430327462e+02
    -4.7994342949564611e+01 1.9505947227901666e+02
    6.3908650135001118e+01 -7.5684805768161695e+01
    -4.3789812573875700e+01 3.9979387558085051e+01
    2.2167123028779591e+02 1.2830966598860752e+02 1.0471155171722582e+01
    2.7295753035449320e+02 -5.1547260164036750e+01
    1.0647077035844228e+02 -9.9790566937100664e+01
    -2.8292375156791672e+02 -3.4947812391913615e+01
    -3.3138739269138988e+01 -2.5686872809764759e+02
    -5.2705189096164304e+01 -1.1659403846441354e+02
    -4.6512296558113803e+01 7.1526771868893874e+01
    -1.0165432992428309e+02 -1.6321112839832676e+01
    4.7174136411449211e+01 6.7053920907206887e+01
    -1.7300211435629407e+02 -1.5591915799251069e+02
    -4.0294587599694786e+01 -1.4463058145344408e+02
    5.7130403925037903e+01 -4.0732824438022767e+01
    -2.2707100466532150e+01 1.7341809241644694e+02
    -3.7777250841301843e+01 1.8627953553395955e+02
    -2.2329193643658524e+01 -9.7160744264601071e+00
    -4.2507985257957856e+01 -6.0764018771342947e+01
    4.9144936805227930e+00 -1.4865446361988410e+02
    2.2892632934355942e+02 -2.4831239599226585e+01
    -7.0891033604043031e+01 1.0062015353401745e+02
    -1.2722038119836853e+01 -2.9430814856931562e+01
    1.5363878526509777e+02 1.3401607951665733e+02
    -2.5376754140759584e+01 -2.6069773971472483e+01
    2.1144051595327198e+01 3.6189245722673782e+01
    -7.1832729532171896e+01 1.1758298997989229e+01
    -7.2987952835404116e+01 -1.0006993953263860e+01
    -8.7138854259780260e+01 4.6170266856383906e+00
    -7.8044222596126744e+01 6.8861169757381305e+01
    2.0192468120560790e+01 7.9910315918171406e+01 3.2680031571102042e+01
    -6.5078205726148974e+00 9.7667833178610710e+00
    8.1956040487966405e+01 5.2870370796543135e+01 1.3516571521951469e+01
    1.2300790547681569e+02 1.2377263853850977e+01
    -1.8739005622980235e+02 -6.8688355541409038e+01
    -8.4531680898834296e+01 -4.9757783233233674e+01
    -4.2239360691001636e+01 -3.3676243972758620e+01
    4.7168214167341290e+01 1.3543228827256425e+02 3.6794166057204047e+00
    -1.6714853204463061e+01 1.0481424265816280e+02
    1.3280380182347685e+02 1.1661944763858975e+02 7.6398741393822192e+01
    6.3998239134729864e+01 -1.1175266336047990e+02
    -7.8426873414701845e+01 9.1926895093741336e+01
    -7.2147777158647315e+01 -7.2515114763690846e+01
    1.0481167662707954e+02 6.0305725129013844e+01 1.3582096000691736e+01
    -1.0432745133045600e+02 -5.5549396200563486e+01
    -1.3747758779173040e+02 -8.4809303056635201e+01
    -3.0611809318455261e+01 -1.8307009323864094e+01
    -7.9373423281725284e+00 -5.7235309983514497e+01
    1.2329812496949209e+02 3.6555986250481205e+01 7.1742864075363045e+01
    -7.7602566317697622e+01 1.5625146628601067e+01
    -2.0911312404045091e+01 -6.2089900898505004e+00
    6.9172460787018991e+01 -7.0324609008723243e+01
    7.7822180200727217e+01 -4.3117438207631608e+01
    -7.9441810536835760e+01 -2.1562961506025982e+01
    -7.1615680897133656e+00 1.1226858525807103e+02
    -7.3410232038079982e+01 -7.8772680663232720e+01
    5.2166717557942768e+01 -1.6815403271752334e+01
    3.2627330022234098e+01 -4.9170766556625933e+00
    -3.8290704451692243e+01 -1.0116522482510969e+02
    -1.5777390402219444e+02 3.9287305803738661e+01
    7.3710212798903171e+01 -1.8420682543219932e+01
    7.4250648696683513e+01 6.2676282565520189e+00 1.3067844488426825e+01
    -6.6532010388076046e+01 4.9619139986976769e+01
    3.7678212567779909e+01 -5.7761471248202461e+01
    -1.7372683952075394e+02 4.8753297782842438e+01
    2.7388889454501133e+01 -1.7177263965559078e+02
    1.5896417476193164e+02 3.0988505445372464e+01 6.3896820716068781e+01
    5.9457404910021168e+01 3.3058235987667835e+01 6.7321827995055088e+01
    2.8739397641148578e+01 8.6026250686143271e+01
    -4.1139468291196529e+01 -7.9925098981479820e+01
    6.7280970232561970e+01 5.7688414200378894e+01
    -3.7592548540010625e+01 -7.4453179458489799e+01
    5.0840533912217559e+01 -1.5573846208514388e+02
    -6.9885800804148715e+01 -1.4345767934708853e+00
    -1.5062338216329664e+02 1.4782822308819654e-01</data></s12_5>
</opencv_storage>
