<?xml version="1.0"?>
<opencv_storage>
<s12_2 type_id="opencv-matrix">
  <rows>200</rows>
  <cols>1</cols>
  <dt>d</dt>
  <data>
    -3.6068069470243620e+02 -1.0831296088945869e+03
    -5.8776414041116527e+02 -1.2413047024684176e+03
    3.0234339728136172e+02 2.5692160143752016e+01 6.1166699807130911e+01
    -5.2548735084340883e+01 7.2103556523265240e+02
    -2.4368021537689586e+02 -3.8377064377785473e+02
    5.5441387818778082e+02 2.6418947429819690e+02 2.8335642225760614e+02
    1.0975372970418844e+02 -6.7060743086259083e+02
    1.6841666340497810e+02 1.3396875739688801e+02
    -2.9355042023529967e+02 2.8066054682016033e+02
    -2.8369916565875832e+02 -7.7388295248068872e+01
    1.9611838017824576e+02 2.1142447975583372e+02 1.6584227781207250e+02
    6.4748648867029985e+01 -4.6093859862573005e+01
    1.1996150815217987e+02 1.4665806065815966e+02
    -9.0241862690717809e+01 -1.5727322098956952e+02
    -9.7015217212355537e+01 2.1336912169724447e+00
    -4.7009940498417400e+01 -8.4458014139673310e+01
    -1.3601868762964190e+02 -1.3522868162279840e+02
    4.2922617366105193e+01 8.6560305426032130e+01
    -1.2832262163930073e+02 -3.2943066884537181e+01
    1.4290968327124537e+02 -3.6957551437972334e+01
    2.5166203298263241e+01 -3.8029503544647127e+00
    1.4306743779036384e+02 1.0497169536906740e+02 6.2486063268751009e+00
    -2.5074661065127724e+00 8.4680099389097478e+01
    -7.7959913243602088e+01 -6.8922948944453580e+01
    -2.7082431958038069e+02 -1.6740557045894704e+02
    -3.5211132139338739e+00 6.8242321714498573e+01
    -1.6561424247627659e+02 -8.7108253731154264e+01
    -6.6343915898584640e+01 8.2012057685971314e+01
    2.3110651255529442e+02 8.5425737090761984e+01 1.7035436165034238e+01
    -5.1807448863104888e+01 -6.6510332722263513e+01
    9.4093035110068243e+01 -2.2632801118329758e+02
    -9.2243655636580453e+00 -7.3905336246461147e+01
    2.7710260798701790e+02 4.2136401862438355e+01
    -2.0250760500481091e+00 8.6277692277532694e+01
    -1.0658270663831756e+01 4.6729045282279444e+01
    -7.5614537612852033e+01 5.0040767170977254e+01
    -1.1357439155954808e+01 -1.3638030190021664e+02
    -1.5606077983573732e+01 -7.7282762080608748e+01
    1.9878253552623769e+02 -4.8849393161046407e+01
    -9.1543020995195562e+01 7.1784422621326911e+01
    -6.1817085177726000e+01 1.5535706331524594e+02
    7.9601487685394062e+01 1.3067564232028911e+02 1.2757564792809360e+01
    5.3150848796774945e+01 7.2897790709102761e+00 7.6477033517638077e+01
    -7.2514792543709206e+01 3.2537265897379921e+00
    -8.5662023566848031e+00 5.8308640444749066e+01
    5.1360477900828378e+01 4.5755265864335918e+01
    -5.9226552500828078e+01 1.3045341417554349e+02
    2.3767397351449031e+01 9.4476154747739240e+00 5.8422397953231027e+01
    -3.2991120826971468e+01 9.2178934616956056e+01
    -9.3373244787146518e+01 -7.6343418916081234e+00
    6.5630150609948458e+01 -3.8416458351777727e+01
    -4.4649788527407210e+01 -9.5994643746775893e+01
    -9.1571598911619901e+01 -5.4806004460523397e+01
    -7.2382709540732311e+00 -2.0863040101236091e+01
    3.7431065958828967e+01 -9.0142413269411151e+01
    4.1773880519504218e+01 -6.5660570980303476e+01
    -5.6252303325109935e+01 8.0267811675294197e+01
    1.4844901611857788e+01 1.9370746557280177e+02
    -9.5705777564651029e+01 1.8047016759500117e+01
    1.6921613232107447e+01 -1.4807880006463583e+02
    4.6732394681546552e+00 3.6557631665777443e+01 3.6584413279220300e+01
    5.3255518954019863e+01 1.3386955510802926e+01 1.7807149450453926e+02
    3.0413299120497161e+01 -2.3896646484417197e+01
    -7.6470501814935432e+01 1.0893078902011835e+02
    -3.9974859027172641e+01 3.4390559916079930e+01
    -8.2748514326900420e+01 -4.8982888163976682e+01
    5.3826761905727345e+01 6.1725211349898636e+01
    -6.7952641971064963e+01 -8.3026411652878082e+01
    -7.8240730169692043e+01 -1.5725127105575451e+01
    -7.3254878342417570e+01 4.0694419910570012e+01
    1.0111807549250816e+01 -5.6337252186414510e+01
    -1.4557858749525326e+02 -4.9239337291957995e+01
    4.3694489548960078e+01 -1.4028528005927164e+01
    1.7291311611764353e+01 -6.6373394554278358e+00
    -2.3533322009498505e+01 -4.5035441188682974e+01
    -3.7228039568825388e+00 5.3098510164968289e+01
    5.8828141353474251e+01 -5.9531753947372174e+01
    1.9784850706799030e+01 -1.4599426861037898e+02
    3.0216304014865290e+01 1.0683678708232873e+02
    -5.6753064827940904e+01 1.8053346346304821e+01
    9.8094520378532479e+01 2.7351415660827175e+01
    -2.2824815160837716e+01 2.4407794764218873e+00
    2.5991406323259049e+01 -8.2991590169836186e+01
    -1.4762050218107566e+02 6.1699827276838121e+01
    4.4578039529313926e+00 -1.3127360783129660e+02
    1.4460269128347136e+02 6.7056430326040825e+01 4.6835005629238744e+01
    6.5035205424143044e+01 -2.9941215241933792e+00
    6.1827407549888697e+01 4.3322650398773597e+01 6.4384568546144635e+01
    -4.8089719707089735e+01 -5.0758049767771674e+01
    6.8193634810473867e+01 7.6971458295507560e+01
    -3.3311712166900541e+01 -7.9977920274583155e+01
    5.0810837406949858e+01 -1.6103562873401361e+02
    -6.5038438825259988e+01 -1.1366821763581283e+01
    -1.3790870729145865e+02 -1.0005661107756774e+00</data></s12_2>
</opencv_storage>
