<?xml version="1.0"?>
<opencv_storage>
<s13_4 type_id="opencv-matrix">
  <rows>200</rows>
  <cols>1</cols>
  <dt>d</dt>
  <data>
    -1.0256590364799940e+03 -8.1782882099419669e+02
    -8.4801220631073727e+02 -5.2624767405224895e+02
    -5.8550891145703940e+02 5.8069402755222211e+02
    -4.5656651544839048e+02 -1.3174194031477617e+02
    1.1832539224037262e+01 -1.9643896295887734e+02
    -3.2568623006006703e+02 2.6340353621590839e+02
    -4.0624122406672006e+02 5.2238674998298484e+02
    2.8902376799795712e+02 -4.3297292260634515e+02
    7.6002577019342553e+01 -1.3422810748367581e+02
    2.0669311047868899e+01 3.0020193588852732e+02 1.8429890417695316e+02
    -2.0157309864784537e+01 -1.7502683615067799e+01
    2.3425277747794911e+02 5.7357750482285610e+01
    -1.8971490904048821e+02 -5.1453368042789464e+02
    2.3478567641626563e+02 1.3502964622101715e+02 1.2706515775158040e+02
    -2.8148591296320255e+01 -1.5487376341441691e+02
    1.1284790416126893e+02 -3.8660790145496816e+02
    -1.6384706738265353e+02 1.3920352811564399e+02
    -2.0537520833961804e+02 2.3339252194051006e+00
    -2.1916142606002129e+00 4.3472053677139670e+01
    1.3401804677156903e+02 -5.4045622635467765e+01
    1.1269064997665019e+02 7.7272066481102556e+01
    -1.7906705958527419e+02 2.4753078721576713e+02
    -3.2856263382110873e+00 -7.2692857826475134e+01
    -1.0240935620882442e+02 1.2364694421586471e+02
    -1.5167922648172834e+02 1.2222425403033280e+02
    -2.0090700575755176e+02 -8.8099198463259526e+01
    2.7562603012537170e+02 1.4185876001661118e+01
    -1.4563452540416722e+02 1.5235717353957574e+02
    -5.1674987417109923e+00 -2.1180014689996665e+02
    6.6160551007044717e+01 2.7958048206604875e+01
    -8.0132798261632885e+01 1.6315422205668277e+01
    1.2324534434157934e+02 3.3242348294737042e+01 2.0991653985500141e+00
    3.1722253414859370e+01 -4.4710228740422131e+01
    1.3350500416965136e+02 5.0558653721682116e+00
    -1.3460597266114038e+02 6.4459426985966743e+01
    1.3183449384665357e+01 2.0197517554094378e+02
    -1.6565442730512615e+02 6.4062275702275414e+01
    1.5482113011951239e+02 -1.1134731094393454e+02
    5.1821686115156815e+01 -4.7632921365733296e+01
    1.2957962323805472e+02 9.7453372160736478e+01
    -8.7286701192569112e+01 3.3781464391425786e+01
    9.9999805684848351e+00 7.7065873327683690e+01 1.9219709111255969e+02
    2.2615044492973212e+01 -9.7577588697044604e+01
    1.4273915354317563e+02 -7.6418621777574216e+01
    7.3295433623653139e+01 9.0147051675699021e+00 4.0319633782740880e+01
    -1.0945946011077399e+02 3.2073252226629883e+01
    5.4023244297065801e+01 -8.5339772364405050e+01
    -3.4829361366769390e+01 5.3933380453937914e+01
    1.0662799297934589e+02 -6.5698797671906135e+01
    2.3416488668448448e+01 -1.3519390363396354e+02
    6.6163197130793861e+01 7.3625468856907219e+01
    -4.1000117547651861e+01 3.5945877381849563e+01
    1.1294303094265655e+02 1.0548754723790154e+01
    -1.1414103540766244e+02 -5.8193055179767434e+01
    -4.5521023234858411e+01 2.4305891633175843e+01
    -2.2774084433553551e+01 3.9656827937489538e+01
    -2.1249897473017281e+01 1.2345030440685393e+02
    1.5140120355988310e+01 -5.4785681792083274e+01
    6.5589825657033572e+01 3.4662705636664512e+01 1.2574595027896265e+02
    -5.7368092791370437e+01 1.4745148139763888e+01
    -2.1666246183678432e+01 -2.6106918226794107e+01
    4.0730798847773784e+01 -2.0051984408346005e+01
    -1.0245205365894327e+01 4.2159817296743221e+01
    2.7834784599505152e+01 5.4062077623232049e+01
    -4.1875216235037200e+00 -3.9094205956841805e+01
    -1.6348535889434444e+02 -3.0034074162002669e+00
    -5.4938478327908634e+01 -5.3251737373041102e+01
    -1.2405006010447767e+01 -6.4449087474684177e+01
    1.3985523940108521e+02 1.1890918570767622e+02 2.4713842827004040e+00
    -5.3697772140891658e+01 -3.6005950364191918e+01
    -4.7428420472246586e+01 -3.8444521391576984e+01
    9.5954249116445268e+01 -2.4756632665337573e+01
    1.0070162405947248e+02 -8.9206614605704715e+01
    -3.5257441918871358e+01 4.6061022391647093e+00
    1.0304813686488716e+02 3.7014654375467536e+01 1.6156192443690070e+01
    1.6487064964124695e+01 -3.2451005815844913e-01
    -1.1549062905123144e+01 4.6089421287780489e+01
    1.7709224844625638e+01 2.1356595482251073e+01
    -3.6819305772698137e+00 -1.1724011073010696e+02
    1.1760167956906482e+00 5.7862367327313855e+01
    -2.3647800025450703e+01 7.7446316801073491e+00
    7.2222825030457500e+01 -4.9573756267503327e+01
    -2.5588115638464558e+01 3.6431588935531863e+01
    1.0671277733344969e+02 -7.8645859643285661e+01
    -2.1301913214896842e+02 2.6043429048570104e+01
    -3.4658471699011450e+01 -1.3889658798498021e+02
    1.3651064070500524e+02 6.0739896729167647e+01 7.8173092736125753e+01
    8.7985054417152810e+01 3.4176633666198157e+01
    -8.3695226410586603e+00 6.2652736380505871e+01
    8.0558795812921844e+01 -1.4400125680556702e+01
    -8.3421442638187514e+01 8.0532653814453070e+01
    4.0235594178853916e+01 -3.7091021885501014e+01
    -8.2187523660131177e+01 6.3898008669304140e+01
    -1.7085363465368889e+02 -6.7280061343593772e+01
    -1.8144763057417872e+00 -1.4542524955420026e+02
    1.1658510959686314e+01</data></s13_4>
</opencv_storage>
