<?xml version="1.0"?>
<opencv_storage>
<s13_1 type_id="opencv-matrix">
  <rows>200</rows>
  <cols>1</cols>
  <dt>d</dt>
  <data>
    -1.0456683771105033e+03 -7.5708585358573555e+02
    -9.3721917981467243e+02 -6.5276821706675344e+02
    -2.9038867636736349e+01 5.8404760331387331e+02
    9.2740249120878772e+01 2.5581660825590694e+02 3.5169106627206008e+02
    1.2673461602150525e+02 -1.3948326890158282e+02
    6.1171397856279441e+02 -1.7434773189710131e+02
    2.0083842029580259e+02 4.1763640775788792e+02
    -3.9095123853961132e+02 4.5161766664020564e+02
    -2.9134758347547552e+02 4.2488218131745185e+01
    3.8024214260354535e+02 2.4391426694873877e+02 8.9115323560001329e+01
    9.8587018542256757e+01 3.1190330034852229e+02
    -6.2542806706451529e+01 1.2199962762786432e+00
    -2.1869023887302893e+02 1.7573410079215728e+02
    -5.2506101704546261e+01 2.5151186765697915e+02
    4.8059181558253599e+01 1.3413276520244264e+02 4.7725756498413580e+02
    2.8726755977404252e+01 5.1231828966834883e+01
    -1.6404968726929098e+02 -1.0902988101414213e+01
    5.0595854813791149e+01 1.9929741326612208e+02 2.3592639366536341e+02
    -1.2507123005577089e+01 -9.1891983844353238e+00
    -2.3474526718065043e+01 3.0144866649411313e+02
    1.0392686426559500e+02 3.3955880515411638e+02 1.7829475492039327e+02
    -1.0883805092814281e+02 -5.2026664757225419e+01
    2.4490441098276154e+01 -2.0558222487436062e+01
    5.0525376618698267e+01 -1.4901087156862552e+01
    -1.4857099493848705e+02 1.7634048958222667e+02
    8.5696110724948582e+01 -1.8924902115104754e+02
    5.6368536646855752e+01 8.6884429184949326e+01 3.8762343278716450e+01
    1.8544284217425446e+01 -9.0011910605397645e+01
    3.1089948971479387e+01 1.3056388780896032e+02
    -4.1635007996594069e+01 3.4511386578308340e+01
    -1.1402028763288075e+02 -3.9556553776019669e+01
    -4.8138936723423591e+01 8.9254074684294267e+01
    -7.5146030849405761e+01 2.8186956914176069e+01
    -5.3545498278783832e+01 1.6403930972739243e+01
    9.7415970437233256e+01 -6.2611606576355548e+01
    -3.2159368255095913e+01 1.2650322649197089e+02
    2.2954438721046831e+01 -7.4660579270538548e+01
    -1.3941242046369339e+02 1.7975730052714056e+02
    -6.1697487473643214e+01 -6.4996662379490004e+01
    -2.7905334023134678e+01 4.5180853710679848e+01
    5.0336225903335780e+01 -1.4966973778869026e+01
    4.0732900764458066e+01 -3.1176191145024248e+01
    -1.5708249951716230e+01 -3.3986818029438822e+01
    -6.6141060068741986e-01 1.1032745936057697e+02
    4.9126449735834441e+01 -6.4739082875746838e+00
    4.9469343461683465e+01 3.0808439293459145e+01
    -1.1100292823415529e+01 -8.0956082790808424e+01
    8.3312692961613060e+00 -6.4568734191555009e+01
    8.1221313118967714e+01 3.6292341423498868e+01
    -4.4335865938511219e+01 5.8557819411111971e+01
    3.7476929900197419e+01 1.1874561476059526e+01 4.8499686534824171e+01
    2.1526510417831222e+01 5.4122797440569805e+01
    -2.1227863352934671e+02 -6.3029382689845484e+01
    -1.1434345811278337e+02 -4.3356559254219185e+01
    -7.3140237536427959e+00 -1.2194364150716027e+01
    5.4319181680867203e+01 7.8774876287875955e+01
    -1.2463749664052486e+01 1.3019901813156642e+01
    1.7752354196499841e+01 1.3958342266499358e+01 1.6804129647501395e+02
    -3.0012670043184507e+01 -2.2014254079901381e+01
    -1.3922544588231290e+02 -1.4898374322253835e+02
    1.6561179116723213e+02 -1.2108877733459296e+02
    -3.9328149356102450e+01 1.3858550154805795e+02
    -3.4414048677443120e+01 1.2125983592179729e+02
    -2.4051270817315373e+01 -4.7839146092288473e+01
    -1.3759236870674792e+02 7.3429124435097933e+01
    -7.6949769148763977e+01 -1.7135209876378035e+01
    1.5081722084572705e+01 -1.0908971259098632e+02
    1.2244269510570757e+02 8.6104296207988952e+01
    -2.3151462609356383e+01 -6.4333615781029692e+01
    3.9852953358967461e+01 5.7398341269178374e+01
    -4.6391197873289691e+01 2.5057154997440698e+01
    1.8554095651820561e+00 -1.9010238787705308e+01
    -3.3898610543684768e+01 -7.2419536808528150e+01
    6.9022915040626049e+00 1.8871786265603925e+00
    -2.8353844744674618e+01 -1.8396380908891697e+01
    -8.0755240803281154e+01 -3.7942423941589880e+01
    -1.8473152061265871e+01 -1.6980402534594123e+00
    -7.5109011776393659e+00 -4.1171399590783594e+01
    -5.4087013298393757e+01 -1.3552841647345016e+02
    1.4118708408132196e+01 7.5077810070313404e+01
    -8.0264272216164571e+01 5.8165479459151079e+01
    6.3038234795037269e+01 -5.1953355788911670e+00
    -2.9218672956421749e+01 -7.6110499716741113e+00
    1.2671185834044752e+02 -9.6654855517676651e+01
    -1.6001146412682451e+02 -1.3967658338849274e+01
    -1.4396611538675947e+01 -1.7625121166512099e+02
    1.9627673679832932e+02 2.9343078384996826e+01 9.2154161607914745e+01
    1.9832182591284919e+01 2.2222502284110764e+01 1.1549940920785640e+02
    7.1650545921075306e+01 5.3574472135470664e+01
    -5.4437880923404691e+01 -7.8311454940631876e+01
    5.7964767385648216e+01 6.1153983807487883e+01
    -3.1817567252711513e+01 -6.4948238199250028e+01
    6.9652589428968199e+01 -1.5557847983641432e+02
    -7.4243832482549564e+01 5.6339297762119607e+00
    -1.4612855845237641e+02 -3.8415531105471534e+00</data></s13_1>
</opencv_storage>
