<?xml version="1.0"?>
<opencv_storage>
<s13_2 type_id="opencv-matrix">
  <rows>200</rows>
  <cols>1</cols>
  <dt>d</dt>
  <data>
    -1.0764380198801832e+03 -6.6452617592015611e+02
    -1.0127100647251137e+03 -5.7734807265605377e+02
    6.2170893824018151e+01 5.7743124571135934e+02 2.6093868113021159e+02
    3.6468895414651075e+02 3.7326567389767087e+02 7.8701327718719384e+01
    -6.8528644757203040e+01 5.8560035775016775e+02
    -6.4438643138317531e+01 2.4137705925746030e+02
    3.7236498569389994e+02 -2.7313008258597375e+02
    4.7791449370367718e+02 -3.3586888573602999e+02
    -3.6507655121498630e+01 3.4990975483367458e+02
    3.0371066989510319e+02 8.0812464174660548e+01 7.8401955427617921e+01
    2.1828262137893833e+02 -3.9751654833899956e+01
    2.0373141643000167e+01 -1.7930607248384101e+02
    1.4157990195408149e+02 2.6537446188643912e+01 2.5169239965957055e+02
    -1.8817005367430507e+01 2.5745044630633691e+02
    5.6025829753261667e+02 1.7591095612894543e+02
    -1.8985895620190679e+01 -9.9140430530409233e+01
    7.3664014738649598e+01 4.0220627942136238e+00 2.2925399384552995e+02
    3.0903675344400398e+02 -1.6530784426148596e+01
    -4.1174531042512967e+01 -7.2855258960056716e+01
    1.7296134717316369e+02 9.8928619092480645e+01 2.6430734874554952e+02
    2.1768570936895028e+02 2.6604116739926472e+01
    -8.0871117933654403e+01 1.1227125884906816e+02
    -9.7066899996274202e+01 -8.2027762052761499e+00
    5.8926605182499159e+01 -1.0499003695159070e+02
    1.2764880513425101e+02 9.2944562049562563e+01
    -1.6271039137660000e+02 -9.8676930105899700e+01
    3.1034915333210698e+01 7.8715909689898808e+01 1.2456715000379564e+01
    -6.9568516864157601e+00 1.1533852359537735e+02
    4.3516501163067751e+01 -6.9328104186031155e+01
    -1.5806980698037486e+02 -1.3232227503225081e+02
    -2.7234723949365738e+00 -2.3453770337008632e+02
    6.2115667819552527e+01 -8.2445900317340133e+01
    4.0246332505723124e+01 2.1588895898245049e+01 5.3055627508336698e+01
    1.5619604566464386e+02 -1.2478115691132928e+01
    -6.6147910106551947e+01 1.1717573932549990e+02
    -2.0053285944302530e+00 -1.0367611336615353e+02
    -2.1960130818435939e+01 1.7058070865840847e+02
    5.3012690496629254e+01 1.5694360314341209e+01 2.0167044174974556e+01
    -2.2747212898273126e+01 9.3522193160895540e+01
    9.1422321963918218e+00 4.1932000312047869e+01 5.5658877777459645e+00
    1.7169093776666376e+01 -7.6325406620983401e+01
    -1.5588132025883445e+02 -2.2409538944575402e+01
    1.1635824607092039e+02 -4.2881532995678043e+01
    -1.0411587921173522e+01 -4.5836116852776968e+01
    6.4781306616268552e+01 -8.4771338907824571e+01
    3.2071545196674300e+01 1.9980894895090544e+00
    -9.7770231498377569e+01 1.5884289030171111e-01
    -9.5352754130787588e+01 1.1419157974928640e+02
    5.2950358267302981e+01 -3.7902685939797337e+01
    1.1960043155409465e+02 8.0085267603816035e+01 2.1831816116713906e+01
    -7.1175683434619302e+01 -7.5317243705954382e+01
    1.7443250580108803e+01 4.6422011864862462e+01 1.3429497912906816e+01
    -1.5931740669910894e+01 2.4317097926548557e+00
    9.6195960317120225e+01 4.2478829180355952e+01
    -1.1400574583791024e+02 7.4128867831826597e+01
    3.0172067146682700e+01 6.1241231631613410e+01
    -4.4517256237770788e+01 4.7721213469397654e+01
    -9.7340535002449840e+01 -2.9169621256162756e+01
    6.6905508224980252e+01 1.2716070930183349e+01 2.1416445190204175e+01
    -2.9856026660877525e+01 1.5848408359527986e+02
    5.2943001398890516e+01 3.4606585786468330e+01
    -4.6124922862686866e+01 -1.4863201462479989e+01
    -1.2274390827825312e+00 -4.9857117170389373e+01
    -3.8010970528228583e+01 -6.4330142141206352e+01
    -6.7213735720694459e+01 7.0985753718390825e+01
    5.1581974755399422e+01 1.7867024156999527e+01
    -5.8852423816009072e+01 -4.4936583736054111e+01
    -5.2721831719443815e+00 -3.6255665253683738e+01
    1.1188135433247940e+02 -7.6928621226416979e+01
    4.1396502935073237e+01 -1.2880051443146658e+02
    -2.4286834202008148e+01 -3.9930141680280144e+01
    1.9652005199590388e+01 7.1101861569338226e+01
    -3.3890432972453993e+01 1.9961584907693098e+01
    2.9091029396069626e+01 8.7046789757327367e+00 4.5402633732318591e+01
    5.5677398980816655e+01 -3.6653356302130298e+01
    -3.8597774166610584e+01 -1.5714858969592586e+02
    8.1106914700364769e+01 8.8606479484064934e+01
    -1.0580495846349629e+00 2.4417978093393561e+01
    9.6932042386694750e+00 3.4862641950003471e+01
    -4.7116020086505188e+01 1.0512526018106381e+02
    -9.8581871764315583e+00 -6.8957596109728286e+01
    -1.4497909260005764e+02 8.3513467371616343e+01
    4.1214546275644842e+01 -1.1499831859793809e+02
    1.4902646763140368e+02 5.0301328650628186e+01 3.9511780518140569e+01
    8.7377300284604630e+01 -9.8616556551338501e+00
    2.1543535046472563e+01 3.3686963521025561e+01 6.4012731289294479e+01
    -3.6864598299147175e+01 -3.9896036657016772e+01
    7.4502905719424390e+01 5.7779910338494581e+01
    -1.4743490454346659e+01 -9.2958865440326193e+01
    4.3053051621383247e+01 -1.5828713569341198e+02
    -6.6620549311000346e+01 -1.1800055462450837e+01
    -1.3778249367843185e+02 -3.9672504385301943e-01</data></s13_2>
</opencv_storage>
