<?xml version="1.0"?>
<opencv_storage>
<s13_3 type_id="opencv-matrix">
  <rows>200</rows>
  <cols>1</cols>
  <dt>d</dt>
  <data>
    -1.0730274501206786e+03 -6.9439090522122160e+02
    -8.5262880721133115e+02 -5.6753332203824209e+02
    -7.0655937640190132e+02 6.4295067492113878e+02
    -3.1763065919526105e+02 -2.1520063555524814e+02
    -8.9190090913758922e+01 -1.7952761840489794e+02
    -3.4068243106033538e+02 1.9193582307462310e+02
    -3.2372002197837764e+02 5.5431753277550308e+02
    3.7042885089927029e+02 -3.2652891793532837e+02
    -4.6533401295013491e+01 -1.9160621641615197e+02
    1.3388825272332176e+02 3.2445053081354945e+02 2.9804992555943403e+02
    7.6427815505352079e+00 1.4324209418919169e+01 2.7605035368929535e+01
    1.8952300894197055e+01 -9.9678473365931396e+01
    -4.5258631853091373e+02 2.6926338113032938e+02
    2.9169066869983317e+02 1.6797118968714889e+02 9.4871288232245856e+00
    -1.6537646833853825e+02 -2.7251108645729690e+01
    -4.0385771729764150e+02 -1.1171854879272405e+02
    2.5439414401548291e+02 -1.5280791474408429e+02
    4.3510384286964900e+01 7.5268030754692916e+01 6.6638928600425174e+01
    2.0314277575189683e+02 -5.9918569468248492e+01
    1.5629006123386830e+02 8.0462055359681258e+01
    -1.2988548959445271e+02 2.0383234959039444e+02
    2.9377856259603245e+01 -5.7196808935687770e+01
    -1.4840740288890305e+02 1.8514021590419458e+02
    -8.8897160910455568e+01 1.3344245892294927e+01
    -1.8306484388715396e+02 -1.9102899852791083e+02
    2.9463255959953835e+02 3.6590680793290424e+01
    -1.0615448183042902e+02 7.8081013137969407e+01
    3.4742534871162853e+01 -1.9017804198168602e+02
    4.4642037532343103e+01 -3.0994456857858751e+01
    -9.9136169951691642e+01 5.5565348048621715e+01
    4.4875789297163891e+01 -1.4804341157468837e+01
    -3.9216456112074724e+01 3.4107123081393816e+01
    -9.7966846270208720e+01 1.3013585443082297e+02
    -4.9284172100163453e+01 -5.5587282546093014e+01
    1.3819147453636890e+02 2.6968417580214528e+01 1.1465772086725018e+02
    -1.0165897952055198e+02 1.7489166752336036e+01
    9.8357218354279851e+01 -1.2107080094046370e+02
    -6.8768185676083560e-01 -9.7985093648131596e+01
    7.8839578852432481e+01 -2.6683145834120118e+01
    2.2892752795576893e+01 -3.5448895160723815e+01
    1.9589166305477463e+01 9.5927586714964121e+01 1.0280564649012480e+02
    2.0208541394438267e+01 -1.3092841125062371e+00
    7.0435419127804082e+01 -3.4901850226783615e+01
    7.4979855952475333e+01 -4.8398214199474396e+01
    1.4587623568999270e+01 -1.0630966730627062e+01
    -4.3235227182828247e+01 1.4882409753972588e+01
    -7.2527292770481893e+01 -7.8942196681965768e+01
    6.9485080975634432e+01 -2.5512950067620999e+01
    -4.4585381873501497e+01 -2.4891935856116067e+01
    -1.4337539537921117e+02 7.9663099435532203e+01
    1.9287285898461608e+01 3.5491417002763406e+01 2.2129295717163661e+01
    4.4440073384482780e+01 4.4634162038812427e+01
    -1.2103494813610060e+02 -4.9861378156425005e+01
    -9.6237655008023083e+01 -3.8175615595531518e+00
    -1.8100188901398415e+01 -3.5989321567798762e+00
    6.5476816580506224e+01 3.2056539841324437e+01 4.1501123268349176e+01
    -1.7189014903655334e+01 3.7879025134722333e+01
    1.7433656438246622e+01 1.4741367146791302e+02
    -1.0063759029429701e+01 2.6984037013192278e+01
    -7.1707967531864881e+01 -6.3398967334345386e+01
    1.4941742818096108e+02 1.5730079301736598e+01 7.8016948371448279e+01
    4.3493529651933194e+01 4.3844321634816318e+01 5.9875155713060259e+01
    -3.0778374703490293e+01 7.8312598596997436e+00
    -9.8536442060584648e+01 1.1049468319736594e+01
    -1.1480389151561324e+01 -2.5636036872661332e+01
    -6.8624118098430486e+01 2.7530571636212670e+01
    1.8187924329435447e+01 6.8636706235986395e+01
    -5.0866647857361023e+01 -7.4327115358505253e+01
    -1.4336475489280474e+01 1.6027173020918497e+01
    -4.1703064750399299e+01 7.3578795722450280e+01
    -8.8564174258585524e+01 -2.6474018768408495e+01
    -6.5212926657394746e+01 -4.4408250280227755e+01
    -1.8304328469056732e+00 -4.5687379099205316e+01
    2.8114725475404335e+01 -1.0834276299561067e+02
    -2.6778457119509056e+01 -1.0089540544098076e+01
    9.0548583732944437e+00 4.8995235399796641e+01 3.5724368532862115e+01
    -6.9859358293153548e+01 -9.6623119533264799e+01
    -1.5939714749089848e+02 8.8331030706442533e+01
    1.2799124132082900e+02 -1.5377398604607768e+01
    8.2832042713829338e+01 4.5953695641657987e+01 1.1880248083491610e+02
    -7.6457473884319811e+01 9.5987345439525136e+00
    -1.8387512020583475e+01 -4.9197422020233404e+01
    -1.4382289024694492e+02 7.0810273179121566e+01
    7.4410040466812191e+01 -1.6524607442665763e+02
    1.8472673202711388e+02 2.4124216739858788e+01 5.7740322654518799e+01
    6.9100499436278744e+00 -6.0598862934338847e+01
    1.7008263015810186e+02 4.1217170280294269e+01 5.8761602064925768e+01
    -5.5357200518435718e+01 -6.2044908165884330e+01
    4.9007346860730216e+01 9.7998252398580107e+01
    -4.0045038905511070e+01 -7.9803621867311051e+01
    3.7010621004322800e+01 -1.5413602082864099e+02
    -7.3475168471992845e+01 -1.4096627608170317e+01
    -1.4114635964998521e+02 -9.1586859762791057e+00</data></s13_3>
</opencv_storage>
