<?xml version="1.0"?>
<opencv_storage>
<s13_5 type_id="opencv-matrix">
  <rows>200</rows>
  <cols>1</cols>
  <dt>d</dt>
  <data>
    -8.4202557638241422e+02 -1.1357629666248786e+03
    -5.1167622541444672e+02 -6.4746516492896410e+02
    -1.9296098665363172e+02 8.8288056543621633e+02
    1.6274261556627042e+02 2.4748995035836057e+01 2.8560269580734388e+02
    -6.3477171668935739e+01 -6.4507699293764091e+01
    5.0481423554351244e+02 -4.4641180872091461e+01
    2.5956667769668906e+02 2.8069835449488880e+02
    -1.8577509792993908e+02 4.5719082697867299e+02
    -2.4157996379758501e+02 1.3789103082027984e+02
    5.4865364124156133e+02 2.6132199683287257e+02 1.7379795710675398e+02
    2.4141795215032894e+02 6.6731334739166783e+01 1.0846840865279465e+02
    -2.2506261422977158e+02 -3.3729690783953168e+02
    3.6752769843808090e+02 -8.2546043199207801e+01
    1.7724605525157017e+02 7.0054949408428925e+01 7.7212233288321485e+01
    1.3521219194285595e+02 1.4781743073066477e+02 6.8742953331244777e+01
    -8.7310240175861537e+01 1.2072309869363390e+02
    1.3775110969851295e+02 1.9923157622531761e+02 1.5257440609867746e+02
    1.5141811679182554e+01 3.6035377936374189e+01 8.2529805235822721e+01
    2.7477879475383003e+02 2.2286617319659964e+01 2.3955070328381296e+02
    1.5902310086552154e+02 -2.2141867989371013e+02
    3.0101988304555658e+01 1.5907363049664875e+02
    -3.8962506462707305e+00 -4.6872100894334260e+01
    -7.2222778160730826e+01 -1.6101460215685248e+02
    1.5468545818076328e+02 5.6191705809171054e+01
    -1.1570009468714802e+02 -7.4311969240547725e+01
    9.6716168526931092e+00 -1.5689840161629317e+02
    7.4901567306327541e+00 -8.2999042964605877e+01
    -3.6811112848397777e+01 -3.9948455576587643e+00
    1.7545080663533722e+02 1.0604277774453033e+02
    -1.3020962631361323e+02 -3.0162232826946195e+01
    -6.4286323464467856e+01 1.3129073957322410e+02
    2.8029866626559713e+01 -1.0146111203696415e+02
    -3.6548780711246913e+01 -6.2136637354347037e+01
    1.1622886780352906e+02 -1.5761011795578136e+02
    2.4831345167961072e+02 9.6660677061983975e+01
    -8.1504485397471157e+01 9.1840719832688563e+01
    -1.9526514353848334e+01 1.3282035990561241e+02
    -7.4089099002030693e+01 -1.3362649145411274e+02
    -2.0378521953613578e+00 -7.5873332400089978e+01
    4.8017365715138773e+01 -3.7119024244376391e+01
    1.1495717655260182e+02 -3.6518935410035162e+01
    -1.0860477431605742e+02 6.3056805421822894e+01
    5.1420498490067395e+01 3.2135845815320039e+01
    -1.3473400120382607e+02 -2.9142433215256364e+01
    5.3804579928721481e+01 -5.0936015456365830e+01
    -8.3752539366158189e+01 -8.6574683977865220e+01
    1.4953845539437933e+02 -7.8159820202489612e+01
    5.7620801236494948e+01 1.2277916606189000e+02
    -2.2949610144144407e+02 9.2198855501208669e+01
    1.0456224106086542e+02 5.8479299242122707e+01 4.4714496229037074e+01
    9.0041733339325489e+01 5.8727076461046252e+01
    -8.2345009158787505e+01 9.3049424584424116e+00
    -1.7226143544838447e+02 -3.4750868172056897e+01
    1.8704053591983108e+01 7.0691069862697688e+01 5.3797003361495783e+01
    1.4650430229885163e+01 -2.9299725154451671e+01
    -5.0877637711851229e+01 1.9258846642720241e+02
    1.1484479683169315e+01 1.4133034010945875e+02 2.3316278467841403e+01
    1.2190969934823521e+02 -6.1567031742819420e+00
    -1.8731640047702237e+02 -2.2952654150680686e+01
    -5.1351330493314800e+00 2.1788314661417029e+01
    8.3693581017832258e+01 6.9095410136116413e+01 1.2319892754959379e+02
    -1.5562379114917821e+01 -1.3966647993586346e+02
    -1.1100793578264333e+02 6.4174121377223685e+01
    -1.1227562308039957e+01 1.3032885262853460e+01
    -7.3985261114873296e+01 5.4376266957866077e+00
    1.4955791113197054e+02 -2.6858919674679075e+01
    3.5613169669045121e+01 -6.3551449402022477e+01
    -8.2915465046794779e+01 -4.6026452567543942e+01
    -5.3466522705033917e+01 1.1584420688663995e+02
    -3.8672294467068411e+01 9.8666408592711434e+01
    -7.8686590545380312e+01 -8.2437733080817495e+01
    -6.9322298884065425e+00 -6.6531459844956453e+00
    8.1571076573641236e+01 -1.0477559419854013e+02
    -4.2092540812472606e+01 2.3862926754158153e+01
    -1.9372999563728232e+01 2.9299545492394646e+01
    5.4572346174389082e+01 -1.3828518933882972e+01
    -2.2232816538557231e+01 -1.1209517319233433e+02
    1.2052277671107280e+01 1.1065101510190367e+02
    -3.1384806910324301e+01 6.2372890552406773e+01
    3.1253643867979171e+01 -1.1692225145291401e+01
    -7.6638998596450165e+01 -1.1256270119727514e+01
    2.4231531875007015e+01 -5.7760455667816423e+01
    -2.0282577965105475e+02 7.3249442689878322e+01
    5.8124332021971007e+01 -1.4281271025214500e+02
    1.6370041030303429e+02 4.1339081275136571e+01 3.0185395453937016e+01
    5.7399487497229615e+01 5.2855146433770699e+00 7.1700765103874005e+01
    4.8958350328542103e+01 8.9215702389941384e+01
    -3.4711527170062631e+01 -6.5431129839263505e+01
    7.6686222226749123e+01 4.3516220129611419e+01
    -3.5340314522461341e+01 -9.3282689687649096e+01
    3.6676322838659203e+01 -1.6054998329969121e+02
    -6.3104201173957250e+01 -5.4727249212144136e+00
    -1.4346957410460820e+02 2.9688279650779501e+00</data></s13_5>
</opencv_storage>
