<?xml version="1.0"?>
<opencv_storage>
<s14_3 type_id="opencv-matrix">
  <rows>200</rows>
  <cols>1</cols>
  <dt>d</dt>
  <data>
    -1.4400074525051325e+03 -3.9514504944740372e+02
    -2.2358929219653933e+02 -5.5367475017320430e+01
    -8.3304780151854686e+01 3.3688405791698153e+02
    8.6098434841042774e+02 -7.4276218032453710e+02
    5.9775651329267896e+02 -1.7976875768964024e+02
    -1.6521319263833038e+02 1.7656082511269946e+02
    -3.0532332252135978e+02 2.4853314069039322e+02
    3.8919823795438241e+01 -3.0385928025682409e+02
    5.7065607394331357e+02 -4.1218378639889283e+02
    -6.0535838191997989e+01 4.0938941143930958e+02
    -2.1195162091961413e+00 3.8487630255479763e+02
    -3.8469043134902719e+01 1.6098119710373734e+02
    1.0779978553961030e+02 1.8009169662040767e+02
    -1.9515624768612344e+02 -4.4285186580358715e-01
    3.0838733020304113e+02 -2.6107031409168869e+01
    -2.1505289732709008e+02 -5.2746540839726265e+01
    1.5903546138511228e+02 -3.5750720102942438e+01
    3.8669242963093971e+01 7.4916812190444819e+00 3.8343261658072705e+00
    -1.1857971579723234e+02 1.7969851152031719e+01
    -3.7710844168454578e+01 5.3295339713101129e+01
    -4.7647775622086115e+01 1.1896193134704879e+02
    -1.4657199634596381e+01 1.0465511416188097e+02
    -8.3921664901859913e+01 1.7624942684705843e+02
    -2.2072852100375709e+01 -1.7425858686167774e+02
    -6.0908916380506568e+01 9.9769783531125853e+01
    -3.8324969774451212e+01 -3.2351884203369775e+02
    -8.3956992713360307e+01 9.8475370994772788e+01
    -1.5752205541007859e+01 -1.6449813169919099e+02
    -1.5458804731756220e+02 -5.9530744859901175e+00
    -1.0560907640588486e+02 5.8080798961412015e+01
    -1.3115926948850901e+02 -6.9160616852647570e+00
    2.2233111277609949e+00 9.8871544911429851e+01 1.1045567250672170e+02
    -9.3885647491268273e+01 -1.4874565712403682e+02
    -9.4213045207344067e+01 1.4183610465066153e+02
    -1.9216462045097364e+02 -5.1559586931274524e+01
    8.2320051816261724e+01 -4.2579999523570553e+00
    4.7589443390818133e+01 -2.2989361198730424e+02
    6.8095023291904795e+01 1.5143849965755902e+02
    -7.3349582568816913e+01 6.5705034733424101e+00
    -8.5420188137404395e+01 1.6368013203484281e+02
    7.4627685510219834e+01 7.9307128192611422e+00 3.4597277204926741e+01
    -4.6638431714904350e+01 3.0722798487182601e+01
    5.9868490926319417e+01 1.8427906093124125e+01
    -2.4587337879892779e+01 5.1279903116058605e+01
    -3.7619461377321301e+01 7.5294945673939608e+00
    7.1752573465885106e+01 1.4751748412931468e+02 3.2191678738583249e+01
    5.5426171935117850e+01 2.6301429748218720e+01
    -6.8419895064421155e+01 -1.8046456678513857e+02
    6.3637806162690808e+01 8.5328276072694180e+00 2.2616636491931949e+01
    2.5747304166230297e+01 -1.4565301560597305e+02
    9.0316536899553668e+01 4.2266687944325881e+01 3.0520555113710732e+00
    5.7129663631418232e+01 5.5636114095763432e+01 5.2267808991391192e+01
    -8.8174854160919338e+01 -1.2367075527109826e+02
    -1.8784038381596144e+01 -4.1836151847625864e+01
    1.3709626763222371e+01 -1.1710530460571778e+01
    -1.5136680681605821e+01 2.4180915327251761e+01
    -1.6536266607531100e+01 -6.0676968598669667e+00
    9.6020572911847239e+01 6.0719837533913420e+01 9.9269291720928379e+01
    2.1960899370480607e+01 1.7877103526299177e+01
    -4.7895988297718979e+01 -1.0197454389394190e+02
    5.5986660735733722e+01 -6.1410903848165376e+01
    -1.8028159887496308e+01 5.8623057878138340e+01
    7.8143535932560312e+01 8.9254548817630408e+01
    -4.6446784779339275e+01 -7.1025872684420619e+01
    -1.0372956434414442e+02 6.6032873156891952e+01
    -1.7457106890955551e+01 -1.0740831015438937e+01
    -6.2154083352429566e+01 -4.4493364149143602e+01
    7.2635047233810440e+01 4.1703271296038366e+01 2.4555863692385106e+01
    -7.0208933439243097e+01 -2.8941016134021698e+01
    1.6795842290763101e+01 -7.9825977628567870e+01
    9.6354440664527644e+01 -4.5603567211600819e+01
    5.0311291101386139e+01 -7.3724633351728301e+01
    -5.7500372635968404e+01 -2.6114338290399051e+01
    1.5892811815522165e+01 1.6783284201610545e+01
    -4.9615351904763195e+01 -3.2085162651061303e+01
    1.2851355237623707e+00 -5.5268285761906224e+00
    1.5197754889774657e+01 5.7442993764030348e+01
    -2.9744639248862260e+01 -3.3701066091184664e+01
    -1.3878261089096372e+02 4.5111260524532710e+01
    9.3160804762578891e+01 -3.1897869075970323e+01
    4.0304974158122640e+01 4.8313247298094801e+01 2.7868320480725899e+01
    -3.0739706733208671e+01 4.1454285235243127e+01
    5.6982669226588015e+01 -5.7113793744882649e+01
    -1.7374031330416665e+02 4.6877246361535327e+01
    2.4084049704699865e+01 -1.6160580241403898e+02
    1.6722442995397600e+02 3.5736222930239158e+01 6.5805767162294615e+01
    4.6651366142073698e+01 7.0183754246190908e+00 6.9535922451287902e+01
    4.3376411927702542e+01 6.4380801454918014e+01
    -2.6494451220377673e+01 -7.7645901407592291e+01
    6.4123466654657278e+01 5.0714573265583354e+01
    -4.6959015086695580e+01 -5.4561685334096531e+01
    4.1701444879205894e+01 -1.4504181148846601e+02
    -2.0045562949952642e+02 -5.8379357627746472e+01
    -1.1502357364737161e+02 5.8680283730939863e+01</data></s14_3>
</opencv_storage>
