<?xml version="1.0"?>
<opencv_storage>
<s14_4 type_id="opencv-matrix">
  <rows>200</rows>
  <cols>1</cols>
  <dt>d</dt>
  <data>
    -1.3890402980499703e+03 -3.0840938841399554e+02
    -4.1998613064466389e+02 -1.9892376987726047e+02
    -2.4422599982904754e+02 3.8655439988308791e+02
    7.1686026188900507e+02 -9.0200955431541774e+02
    5.1931479098344528e+02 -2.4874294465085433e+02
    -3.8358706393849337e+02 1.2291390369800607e+02
    -3.6846992998379034e+02 4.5441442405033865e+02
    1.5823806923448581e+02 -3.4855761912573786e+02
    3.8015731882135435e+02 -1.2636314593010860e+02
    2.2730716643787960e+02 3.2393381195291710e+02 1.3205428005902985e+02
    2.0115679179652179e+02 1.7110658318664031e+02 7.1178340006791259e+01
    7.6843761703753529e+01 2.8629521973208898e+02
    -1.3274229204437384e+02 1.9852776366404225e+02
    3.5752611692907806e+02 1.5437026987243084e+02
    -2.4078954579051768e+02 -9.8406427008436115e+00
    5.5429128302595508e+01 1.6446983967280192e+02
    -1.3159195056916019e+02 -2.1893473634585902e+02
    1.7474031874601685e+00 -7.5370523774168259e+00
    1.7324515654138830e+02 8.7703339149484691e+01
    -2.9327559238478145e+00 -1.4738377861430550e+01
    4.7674719996593360e+01 1.9647984142625475e+02
    -2.4568584649279583e+01 1.5033068922371766e+02
    -1.9567959494297021e+01 8.8898660043100044e+00
    -1.0192368266993000e+02 -1.5345715174916432e+02
    1.1582022012813991e+02 -6.9731860171335910e+01
    -1.0789543958175138e+02 -4.5896643815895303e+01
    1.0707305349852871e+02 -1.2110517637276217e+02
    -1.9568848983750902e+02 2.2783735043931131e+01
    1.0122824166226923e+02 -9.7617282459473444e+01
    1.8890099299241254e+02 -1.0527638292198457e+01
    -1.9152104460127944e+01 1.4055915609443538e+01
    -4.6236923566199607e+01 -1.0447895866681448e+02
    -7.9963489719660572e+01 7.9270925941052312e+01
    1.4987182300486306e+00 1.0241648806198530e+01 8.1756820644480790e+00
    -3.7894161627773002e+01 6.6345564639419541e-02
    1.2015864074765348e+02 5.0720064207238160e+01
    -5.7997024418535119e+00 7.1453670715932844e+01
    2.8541310904235097e+01 -8.1070396566958536e+01
    -1.0023135365010211e+02 -9.9765410818962849e+01
    -1.8817085303314837e+01 -1.6031870597922811e+01
    -1.5032030136404288e+02 7.1536482509982406e+01
    4.5457282099906010e+01 6.0516632001148238e+01 6.2723430865517194e+01
    8.2750993888656112e+01 -5.8043059454704725e+01
    8.7963193817526424e+00 -4.3124987629220669e+01
    7.9610598778808921e+01 -2.9990491352520007e+01
    -2.8958900160878233e+01 4.7550319511351645e+01
    9.1398587613753897e+00 -5.4598952766120057e-01
    -3.4451577671270471e+01 -3.8112999779804099e+01
    1.5389830664641977e+01 -8.0404422128350319e+01
    -7.7457573063986231e+01 3.1512060691758204e+01
    -6.5310300072125827e+01 5.5514210566020211e+01
    9.2974173942252008e+01 2.1483478558884752e+01 2.1600010019386914e+01
    5.0662256813762404e+01 6.9246959597373898e+00
    -1.0542068718397996e+02 -4.6658842709141069e+01
    -4.5751123547788580e+01 1.8413195841609635e+01
    5.7638761760234711e+00 6.5333362514832373e+01 2.2691400796921087e+01
    4.9890311510726264e+01 -3.3798404176046859e+01
    -8.4119020122904814e+01 3.4213997147742667e+01
    -1.3052616047359415e+00 1.3550884852081774e+02
    -5.0844084001175659e+01 7.3714554049055280e+01
    -1.0332403171842070e+02 -8.4333417953290351e+01
    -8.4462377836893776e-01 -6.0015637412760093e+01
    -1.3762877476012006e+01 2.1490442007984122e+01
    5.2397397555602382e+01 7.5852468670700475e+01 1.0906945124592802e+01
    -1.0315935312398989e+02 -1.0818567792480312e+02
    -3.7603325631895350e+00 -6.2490181897688458e+01
    -5.1066733274764154e+01 -4.6615309364190750e+01
    -6.1997596409108851e+01 9.0339941001238230e+01
    7.5279051126610270e+01 -2.9639933606185274e+01
    -5.3414304771243998e+01 -3.1859711555442932e+01
    -2.6320089005754351e+01 -8.4102145303048687e+01
    5.7524302808658128e+01 -7.8096068648727652e+01
    8.4661095236937896e+01 -9.9829776458196264e+01
    -9.2961144430081646e+01 2.9729843210307877e+01
    -1.2343992890674849e+00 9.2888835922698732e+01
    -5.7364437081453028e+00 -3.5138198023169423e+01
    3.3223155961134722e+01 9.6567498044272781e-01 3.7255094509655393e+01
    3.1305677782960721e+01 -4.1141785461360257e+01
    -5.6655876258041530e+01 -1.4748224417660586e+02
    3.2857182481916439e+01 1.2703150402006122e+02
    -3.3893328570302685e+01 2.5580017914405552e+01
    3.9496613447167391e+01 9.2967343912183949e+01
    -7.1109954758393350e+00 -2.5530313940888973e+00
    8.1300183660023478e+01 -1.2587080274309446e+02
    -1.3707235982978065e+02 1.5282263291720557e+02
    -4.1427701185131035e+01 -2.2040505124271957e+02
    1.2857823552203547e+02 -1.4902188006757235e+01
    4.3631916092726620e+01 6.7219062012041320e+01 5.0211234233582367e+01
    1.2759845274839380e+02 7.6558328167310250e+01 9.3345227352666797e+01
    6.0401139259338507e+01 -1.0583859944712691e+02
    1.0277012014138681e+02 8.6009963647523008e+01
    -3.6714050255138829e+01 -8.8996084061222788e+01
    3.1820769367407085e+01 -1.7070592096532155e+02
    -7.0903312174344663e+01 1.3150520856534849e+01
    -1.4791275423901985e+02 8.8991869601366478e+00</data></s14_4>
</opencv_storage>
