<?xml version="1.0"?>
<opencv_storage>
<s14_2 type_id="opencv-matrix">
  <rows>200</rows>
  <cols>1</cols>
  <dt>d</dt>
  <data>
    -1.3999993463525850e+03 -4.1614307243415777e+02
    -2.2770937772925072e+02 -3.5022108607232212e+01
    -1.2329740242122355e+02 3.7960894302344195e+02
    8.4976511545682922e+02 -7.6193738549226305e+02
    6.4499643679056487e+02 -1.9576629903191096e+02
    -1.4653983182598674e+02 1.6780001107499862e+02
    -3.3977777314745413e+02 2.6886542582531035e+02
    4.1129025761608524e+01 -2.7083510191823706e+02
    5.6000419167164205e+02 -4.3351171834344115e+02
    -4.0587878107053214e+01 4.2660682723968216e+02
    -6.2338310932575645e+01 3.8737121008494955e+02
    4.2901646263115410e+01 1.1494413777939890e+02 7.9656246628017698e+01
    1.8916187790373431e+02 -1.8111454264604410e+02
    -4.1732753678202407e+01 3.0076623837966832e+02
    2.0135366496671354e+00 -1.9577718460590020e+02
    -6.1237412043614029e+01 1.7650103574830342e+02
    -4.1325323442068580e+01 8.8843629290064783e+01
    1.6037054518637298e+01 4.1766780526435575e+01
    -1.0339188619009863e+02 -2.3563433324584786e+01
    -3.9317981374227443e+01 6.4347481107371422e+01
    -1.5454547188681270e+01 8.8499809514583319e+01
    -4.9883538486610888e+01 9.4842587953114418e+01
    -8.5035084250396125e+01 2.1262781635023276e+02
    -6.5695196041486554e+01 -1.5862329060241655e+02
    -2.0868384192547023e+01 1.0990421482449453e+02
    -6.1036711265839045e+00 -3.0125549297358208e+02
    -5.5586819269602202e+01 9.5592532622340727e+01
    -4.7967723754943918e+01 -1.6356019330703336e+02
    -1.3129076530137075e+02 2.7307340364093719e+01
    -1.0602745673777120e+02 3.0519991130321355e+01
    -1.0158906485922469e+02 -2.5098559925235836e+01
    5.2581309342776272e-03 8.7934655739754248e+01 1.2090445550635083e+02
    -1.1280878085629871e+02 -1.2818656868281195e+02
    -9.5499558525813455e+01 1.1221158768477444e+02
    -1.7343767793894290e+02 -2.4738762299206275e+01
    1.3268183691149639e+02 -4.0426788009272180e+01
    7.5503808885435888e+01 -2.5240319392829994e+02
    6.0656625771220554e+01 1.3852090998700032e+02
    -8.8962056116059415e+01 1.2021370120995622e+01
    -6.1783023879155870e+01 1.4517445602011486e+02
    9.7360434626247866e+01 8.7464404525081036e+00 4.4584911082396221e+00
    -1.0153987958536764e+01 7.4424645275522820e+01
    4.5645869811041017e+01 8.5586113868089271e+00
    -4.3001746362389923e+01 6.1125925666095981e+01
    -3.8192971870882118e+01 -8.0498729073934960e+00
    9.3697508772521232e+01 1.3594883905134671e+02 3.0067852409179892e+01
    9.3484573871346583e+01 9.9994554576866470e+00
    -3.6187170609080383e+01 -2.0289155805105531e+02
    5.7113896877414220e+01 2.0363721270445435e+01 4.7997635007134232e-01
    2.3505089922897412e+01 -1.2059782094721642e+02
    7.1399940380980226e+01 1.1474828152316023e+01 2.6901024735132619e+01
    2.9696186116540847e+01 6.5948855772385826e+01 6.6047691881952929e+01
    -6.7816037729654283e+01 -1.0859126148976958e+02
    -1.1950373815052426e+01 -2.0834145090355889e+01
    2.6780741207395931e+01 -1.3850818980488699e+01
    -3.1978385489506529e+01 3.9751706046381543e+01
    -1.5380440968172447e+01 -3.1483028153556636e+00
    1.0331259506291272e+02 1.1071208288486007e+01 7.3289112161377261e+01
    1.0655115461699634e+01 8.9273429762755754e+00
    -5.9256573774941380e+01 -6.0060634701297147e+01
    7.0907877671971448e+01 -5.7143212710326466e+01
    1.0975603769931194e+01 6.5149091458868611e+01 7.1149990283362328e+01
    5.2099402631979935e+01 -3.1593973293934109e+01
    -7.1759673230915581e+01 -1.2711473727061905e+02
    5.6239018152364707e+01 -3.4249437709186246e+01
    -8.7462937000516430e+00 -4.9751221605282247e+01
    -5.9771025576160611e+01 9.4478978568550744e+01
    5.3632716206681273e+01 3.2513045525210273e+01
    -7.1229686885646743e+01 -1.2770630697427390e+00
    -1.0188712930822117e+01 -6.9881802291431683e+01
    8.7233131389747243e+01 -2.9300859374943773e+01
    2.1387335930636748e+01 -7.9255083645721811e+01
    -5.5723525470640787e+01 -1.4037575968440610e+01
    1.9813756742336071e+01 4.1097410629713146e+01
    -4.3673322850602567e+01 -2.9226207827943682e+01
    1.2167646343465343e+01 -3.3886840812986506e+01
    6.0468999449049100e+01 2.7420635413426730e+01
    -3.1425274799218194e+01 -5.5575301024766787e+01
    -1.3214738180858282e+02 6.1787242031935094e+01
    1.0177380560674621e+02 -5.9716139558093033e+01
    4.7410102040523078e+01 4.9054848548359821e+01 1.2259019607855061e+01
    -2.1190266160467850e+01 -3.6290305451910854e+00
    4.4822273592172166e+01 -5.0193974969512219e+01
    -1.8620625235352779e+02 5.5426605958279737e+01
    2.8602582566633423e+01 -1.5715680382287519e+02
    1.4515575930371176e+02 4.6389410943665595e+01 4.0254020002994025e+01
    4.6490571412398346e+01 -8.8668640441472188e+00
    8.1157621854298441e+01 4.9488593536049876e+01 7.4520415359264803e+01
    -5.5524207923859670e+01 -7.2616986493763505e+01
    7.5931010257548948e+01 7.1174988479164853e+01
    -1.8087078999507987e+01 -9.6535826371967062e+01
    6.3120652556691631e+01 -1.6745196913796977e+02
    5.8566928878712666e+01 5.1072637906804999e+01
    -1.6966831096245085e+02 -5.0977077308888212e+01</data></s14_2>
</opencv_storage>
