<?xml version="1.0"?>
<opencv_storage>
<s14_5 type_id="opencv-matrix">
  <rows>200</rows>
  <cols>1</cols>
  <dt>d</dt>
  <data>
    -1.4322802970058617e+03 -1.6089584082919728e+02
    -5.0315436724059742e+02 1.6202570010078958e+01
    -1.3341099340863420e+02 4.3140688558829743e+02
    5.7071494983545506e+02 -9.4202940508038398e+02
    6.3755145946103664e+02 -3.7647718820669820e+02
    -2.2912270752946478e+02 5.0798848334267781e+01
    -4.0112094479315965e+02 3.8264382192707609e+02
    9.0820600506188967e+01 -2.6408910490913394e+02
    3.7422026854972194e+02 -7.2483854082131089e+01
    2.7894437380163322e+02 2.9146510697112069e+02 7.9741681082255440e+01
    1.4927390175989905e+02 2.2258085292485305e+02
    -8.2422242488490014e+01 8.2577745115614348e+01
    2.4168370799516723e+02 -1.0979054666968661e+02
    2.9530886210865248e+02 4.1703153974646466e+02 1.1841889248848319e+02
    -2.3668461386463977e+02 -8.1263521168139675e+01
    5.7143917887711403e+01 1.0026906935572215e+02
    -1.0108689378927227e+02 -2.4914226511374792e+02
    6.1247063338904759e+01 -1.6386143396646948e+00
    9.6742464503046335e+01 8.1854344570904217e+01 7.5037728592773448e+01
    1.8729857596255304e+01 8.7875519845565563e+01 9.5274860661630697e+01
    2.2883509888467724e+01 1.8191514186734219e+02
    -6.1374655531564805e+01 7.1402987536823437e+00
    -8.5230377788660022e+01 -1.7516618415761855e+02
    -5.2826471528078445e+00 -5.1472609987970984e+01
    -7.5004159200435851e+01 -1.5097772867313381e+01
    9.8048855060073677e+01 -1.5146773148876670e+02
    -1.3405171970377361e+02 6.4008921700619197e+01
    4.6796116375661200e+01 -1.2774646407370174e+02
    2.2368843304027834e+02 6.7602199810064093e+01 8.3271681869785183e+00
    5.0928433734868570e+01 -3.2317533120800078e+01
    -1.0724702017355595e+02 -7.6341835860839311e+01
    1.0096776533037942e+02 1.6633491503210507e+01 3.7556378526293059e+01
    -6.4560472134985318e+01 -9.0170539300502483e+01
    9.9811334515691752e-01 3.8356474976589119e+01 9.0354634408757818e+01
    4.5673539598863311e+00 1.6042111814884752e+00 5.3728280758465367e+01
    3.6669295620221213e+01 1.7554232578941289e+01
    -8.3175737916485758e+01 1.9704507933105088e+01
    -8.8912591321135551e+01 -1.4853979808629492e+02
    1.1982760323294721e+02 1.8185920223999541e-01 1.2277985818396563e+02
    3.0896185759863627e+01 1.2332362950199463e+02
    -8.9804121015248057e+01 -4.7853240628274037e+01
    -8.3508427373949118e+01 2.5586273125836147e+01
    -1.0079305473934102e+01 4.2050948658912077e+01
    -1.4723134002556922e+01 -7.2348716557014299e+01
    -4.4762443668460463e+01 -1.3092800181807684e+02
    2.9456034577439709e+01 3.5393563264936340e+01
    -7.0433306253073894e+01 -6.4343943409328972e+01
    6.0872032095871660e+01 -1.0583938713067393e+02
    1.2555599765042943e+02 8.7605066193235444e+01 7.6676051666863799e+01
    -6.7305998979838094e+01 5.1477956709497178e+01
    8.2832160880486629e+00 -1.0408414099221531e+02
    -3.7214325116144508e+01 -3.0932877467160004e+01
    -1.7275891977245749e+01 -2.8147395533001792e+01
    1.0896892039140424e+02 2.8841661884016190e+01 6.8731223403809139e+01
    -3.5610929846654216e+01 -2.9524277542906365e+01
    1.2746938665094571e+02 -1.4009274954954781e+01
    1.3681476853271644e+02 -2.1762523320206455e+00
    -3.0626721297615759e+01 -6.0970336607869257e+01
    -1.7313494129009138e+02 6.4978275801068790e+01
    -6.6616902685944169e+01 -6.3641547110331995e+00
    2.2963627129742434e+01 3.1617628165470517e+01 1.7568799257828303e+01
    -1.8989029426948199e+00 4.8159498589468200e+01
    -8.5458805940449608e+01 3.9578521765535882e+01
    -8.6127962492044617e+01 2.9712071380002398e+00
    -5.5871882020956349e+01 -2.8349764918944018e+01
    7.7682716981891119e+01 6.7477516773178664e+01 2.3336737509658651e+01
    -8.6563138177908868e+01 1.3692995765406934e+01
    -4.0004578767128706e+01 -4.0487958385888163e+01
    7.7217106282941330e+01 3.4659778975550374e+01 1.7115448178899733e+01
    -1.0179516535741027e+02 -5.2083762026929676e+01
    -5.3801967341977296e+01 2.5986227743530740e+01
    5.1123155255465562e+01 -7.8671929570559698e+00
    -8.2442678796661454e+01 1.2997579509126570e+01
    -6.2929979818827320e+01 3.1940544212445506e+01
    -1.2806773771356161e+01 -4.8929978029342692e+01
    -2.6582234414217371e+01 -1.1936285974254903e+02
    4.1723770141290629e+01 5.3953326375277584e+01
    -1.4551556925197355e+01 5.8387304454233245e+01
    2.8201826831273060e+01 -1.4962321231946939e+01
    -2.3666197517835986e+01 2.7470978610728867e+01
    -3.3609446859821213e+00 1.9692917989165487e+01
    -1.9842934958463789e+02 -2.1792997918206641e+01
    7.0506538554800130e+01 -1.0222234431505174e+02
    1.5165076472593199e+02 8.8449038259603057e+01 8.5977400677803416e+01
    7.5480416555410002e+01 -4.0237232534636476e+01
    5.4948472765449800e+01 1.5780027244745488e+01 4.4385436814199885e+01
    -9.4054208317198288e+01 -4.6276597317769159e+01
    4.4546238521857234e+01 4.0607727405311053e+01
    -3.4994629496045746e+01 -7.3252843432825046e+01
    6.7860825700036727e+01 -1.4921193012462999e+02
    -7.2385825405700473e+01 -1.4255053368125807e+01
    -1.3508298086038528e+02 -6.5779897125575619e+00</data></s14_5>
</opencv_storage>
