<?xml version="1.0"?>
<opencv_storage>
<s14_1 type_id="opencv-matrix">
  <rows>200</rows>
  <cols>1</cols>
  <dt>d</dt>
  <data>
    -1.4564422140239808e+03 -3.9917552204076554e+02
    -3.2879913102155530e+02 -5.7638042580387861e+01
    -2.7872280827523224e+02 4.4836694785049337e+02
    7.5931192829723386e+02 -7.9652987674880706e+02
    6.0409070420812293e+02 -3.0079575852454161e+02
    -2.1447811712837697e+02 1.7039449655758730e+02
    -4.4985272247955686e+02 3.3066022791246519e+02
    7.6131067506835294e+01 -3.0713056120063226e+02
    4.2604381618210027e+02 -2.7701754460630542e+02
    1.3548478326332616e+02 3.2802783665299626e+02
    -1.9081542785764638e+00 2.8013267383310756e+02
    2.4574920492705061e+02 5.0914344949952699e+01 7.4426110272084941e+01
    1.4119098124227531e+02 -1.6816811897987287e+02
    1.2604453311299847e+02 3.4253085223108621e+02 1.4690223452515033e+02
    -1.3840414226410121e+02 -9.4510354202940903e+01
    7.9435195795634172e+01 5.7355321590339891e+01
    -2.5594315463437653e+01 -8.9393626717981547e+01
    4.9752017271598534e+00 -3.9783894589939326e+00
    3.1450543341087851e+01 6.8991726398549716e+01 1.1773901516799164e+02
    -1.1530477639455327e+01 8.1674196605426616e+01
    8.8536285604106624e+01 1.0800084428167422e+02 1.1864337865886584e+02
    6.7199928009353115e+01 -4.0568507323583816e+01
    -1.1064869345034535e+02 -7.6268303205429063e+01
    5.7999477413705343e+01 -2.4367093635918247e+00
    -1.7393990182445526e+02 -7.9627280412616415e+01
    4.6029775327874219e+01 -1.1215571305922241e+02
    -1.0156290104560969e+02 -2.4763425419823324e+01
    -8.3072012693017019e+00 -1.9202708596039744e+02
    1.1620059528643401e+02 2.2510136262317118e+01
    -5.4386567248015609e+01 -5.8227879029911769e+01
    -1.5709547092493910e+01 -1.4792037419182753e+00
    -1.1654514766382280e+02 6.7949847656506357e-02
    -7.3419313797521738e+01 8.6482583701828972e+01
    -4.6313480915239403e+01 -7.9215114472475094e+01
    -2.1645933151512168e+01 3.6782645531214861e+01
    1.2024284851822627e+02 -1.7779974646748514e+02
    1.3827866885216343e+02 5.2632303244926774e+01
    -5.7226052849951344e+01 -3.3905591003086911e+01
    -9.6692337996087019e+01 1.2419800038562435e+02
    7.9921393153504042e+01 -6.0331116671880531e+00
    5.2943469275416398e+01 1.3833160825304221e+01 6.0437486026652834e+01
    -9.8622254919723567e+00 2.6799042777538325e+01
    -4.4648582915563324e+01 -3.9832659264106617e+01
    -5.3598778084436871e+00 3.3846647506667985e+01
    1.7194256023320971e+01 -9.5659178094794726e+01
    1.1461434521426126e+00 -8.3419898199565949e+00
    -5.4338453711026062e+01 1.5765078347290469e+01
    -3.4618138650410792e+01 5.3969372768214434e+01
    -5.9950515868953786e+01 -3.2786620718315840e+00
    5.5039732820530487e+00 1.0130205423063531e+01 8.5001114470321511e+01
    1.7531072431165772e+01 -9.1527311099861691e+01
    1.5264403681854222e+02 2.6769345836042508e+01 8.5624430872484169e+01
    -1.8918111493324270e+02 3.9226913533154779e+01
    -1.9974541503970192e+02 6.6804209691036945e+01
    -1.0781228869591084e+02 4.3000534110508815e-01
    3.9636358105647185e+00 1.0911653615156031e+02
    -5.3694096377907996e+01 -4.4202553465565764e+01
    1.2330394766675470e+01 -5.7515330947357342e+00
    2.2570701713737935e+02 -6.0546343124292555e+01
    7.8196915150032254e+01 4.5053404094735818e+01 8.0139955771257775e+01
    3.2271162130448232e+01 1.8847679887629891e+01
    -4.9245399955438565e+01 5.7912568400571196e+01
    6.0511268598221520e+01 8.2484603174264507e+01
    -7.8439159502305174e+01 -8.2095015724919833e+01
    -1.0591328415542490e+02 -1.0496536782631900e+02
    -9.3506290683064464e+01 -4.7982884198057711e+01
    1.9225510478437979e+01 -6.9103119796111159e+01
    1.5799739270229156e+02 -2.0956326135407281e+01
    -2.8512528860415909e+01 -9.5595990498267767e+01
    -6.1721737458147807e+01 2.4720142121057812e+01
    2.8214012298568981e+01 7.1199422510022174e+01
    -9.1606269553278395e+01 -3.5427896835116712e+01
    -1.2037390393915567e+02 -5.0249758822710191e+01
    4.2623803490451749e+01 -4.8433154526297093e+00
    -4.8719437727996983e+01 -1.3561198081793754e+02
    -4.1783953190158314e+01 -4.3884548993039033e+01
    5.5824372151878904e+01 2.4682654725562902e+01 6.4609619081356414e+01
    -1.4198186383186965e+01 -8.2814206619304372e+01
    -1.3187799260312352e+02 3.5339505940387753e+01
    9.7361105064179895e+01 -2.2394477145893795e+01
    3.6852011329513843e+01 4.3484227269074189e+01
    -2.5082737150265796e+01 -8.5607431972760523e+01
    6.8497505787811178e+01 2.5845639955649499e+01
    -6.9304774620151633e+01 -1.2310892536897754e+02
    -3.9405387259923010e+00 -1.1072507565482683e+01
    -1.2937453572374807e+02 1.9955936588259715e+02
    5.6184914840829151e+01 4.3309533163307634e+01 5.2108452336920543e+01
    1.0282635248019583e+01 5.2059250162086713e+01 5.4294092161790402e+01
    7.1605056084378930e+01 -6.1871161109109671e+01
    -5.0689971584280784e+01 6.2027115686328017e+01
    4.3763373618222481e+01 -2.5722489507044752e+01
    -9.4611001781703251e+01 5.8967867783677413e+01
    -1.5929580327115255e+02 -6.5312644424964958e+01
    -1.7421112185843306e+01 -1.3735215727232884e+02
    -9.0968577575873031e+00</data></s14_1>
</opencv_storage>
