<?xml version="1.0"?>
<opencv_storage>
<s15_5 type_id="opencv-matrix">
  <rows>200</rows>
  <cols>1</cols>
  <dt>d</dt>
  <data>
    5.1038830196439022e+02 1.8246925846132008e+01
    -5.7429682713181523e+02 -1.1265869220306761e+03
    -2.3170168133935152e+02 6.6449131124622079e+02
    -3.0453135679736010e+02 -8.1902111510356451e+02
    1.3002381220177270e+02 -6.9707749004099071e+02
    -1.1456223244621803e+02 1.8144592196051448e+02
    -1.7477479626721419e+02 -3.3975023226797271e+02
    4.4964441301308153e+02 -2.2356626805905339e+02
    5.0527210056029901e+02 -3.4644997606395611e+02
    3.1599183292376779e+02 3.0330186916764518e+02 4.0356411327522090e+02
    4.5902958726034717e+02 2.1295522222925800e+02 1.7325851951778137e+02
    2.9542255381229000e+02 -4.8437723855793735e+01
    4.4030243369855455e+01 3.5034721244581925e+02 1.9905960882728976e+01
    4.6850014539817293e+00 4.4873929754019208e+01
    -2.9981580681502457e+01 1.2950803989663038e+02
    -9.6484694461377657e+01 -6.1739922479679805e+01
    2.6329685500061486e+00 -1.0030173331017096e+02
    2.2005819633520538e+01 -1.6810255037640528e+02
    -1.7610453906042574e+02 -3.6517488785040783e+01
    1.1635407551403678e+02 -1.5006279506316670e+02
    4.4776032580263305e+01 -8.0477562660267949e+01
    2.1658224027902822e+01 3.4177386132472918e+01 5.3959365113125479e+01
    -2.2019348605142156e+01 1.4955927724206876e+02
    -2.2512670155374920e+02 -2.2649215483160754e+02
    -1.6806170559696673e+02 -2.0925433885529540e+02
    9.2700078543576851e+01 1.1356156165606936e+02
    -1.0344918275034445e+02 -1.0943983521065471e+02
    -9.6343591087854055e+00 -2.5276798284334802e+02
    9.5788093723800429e+01 1.3423110158169078e+02
    -2.2329102116500439e+02 6.1692351097996571e+01
    2.4475639023560834e+01 -2.2028317770312879e+02
    -1.6268229810433039e+02 -2.5723873505512986e+00
    -2.1931341138335537e+01 1.9844457470703946e+02
    -1.3529165176877757e+02 -1.2707114513651554e+02
    8.1071569051935242e+01 -3.2158284241834352e+01
    8.1355295728447274e+01 -3.6506063748087023e+01
    -7.4098518953032650e+00 2.0296676438418265e+02
    -7.5443359337369657e+01 -1.6156279927648580e+01
    -5.4052968643495909e+01 1.0914176673534523e+02
    -9.6104722617752323e+00 -2.1929204642305163e+02
    8.6776773543275105e+00 -7.4132886425906406e+01
    9.3013044968965033e+01 2.3604944306670411e+01 1.3053298459362489e+02
    -9.2928795039122633e+01 6.0607194275463554e+00
    -9.4325555212672157e+01 -4.6808869491573738e+01
    -2.6049256185908511e+01 6.3691224507355791e+01
    3.5063531284251440e+01 3.7291227173004337e+01
    -1.1404117939202651e+02 -5.6598939100632968e+01
    -1.0599435098230670e+02 4.5112163887873422e+01
    -8.0767617254722026e+01 -8.7605689616310247e+00
    -5.3786658047643883e+01 -1.0968506607780492e+02
    1.7772057123992667e+02 7.5327551630588403e+01 8.5610686754178317e+01
    4.8993283011397025e+01 8.0749585437808733e+01 1.0150236517760551e+02
    -1.2685323013623112e+02 -9.5208696839935044e+01
    2.7648640510787970e+01 1.0402982874777967e+01 3.9280627146404406e+01
    -3.6471550264403866e+01 2.3879411731051889e+01
    3.7588892886303775e+01 -6.2291392662046270e+01
    2.2867215249706341e+01 5.9353843230518194e+01 2.1923469404730014e+01
    -2.9427590278032323e+00 -9.0114883951200042e+01
    6.4362611349594843e+01 -9.3948470798833696e+01
    -7.0606452116903524e+00 1.5452370445722345e+01
    5.3741954138155288e+00 -1.7050033086701205e+01
    8.1821964109596294e+01 8.4594396585742317e+01 1.2489300647136166e+02
    1.4239858854814662e+01 -1.0227734919706366e+02
    -1.5394750092256842e+02 6.5339490988750670e+00
    -2.2391897972743440e+01 3.2408111009202067e+00
    -5.1016478942311394e+01 -7.0452288040404994e+01
    1.1582249171658098e+02 8.0405706139089972e+01 7.2698672010655407e-01
    -6.3472098682921562e+01 -7.9901519826272391e+01
    2.0545811836107177e+01 -7.8733413235778889e+00
    3.6632370854259541e+01 -8.4913246793144594e+00
    3.3966955653619912e+00 -9.4382819986364154e+01
    -6.1797424037640646e+01 -4.4657592129573239e+01
    -7.2486579850679703e+01 -5.5016430689022071e+00
    -6.7210964848716799e+01 -1.1353805647128043e+02
    -7.3201480047212470e+00 -6.1449631064748100e+00
    1.7362253582180575e+01 3.4372231464866346e+01
    -6.9525893737513272e+01 -5.3490449515261147e+01
    -1.2576160165079064e+02 3.4835585312292721e+01
    1.1876372751417715e+02 -2.1907295721151996e+01
    6.3418078549208268e+00 2.4840715772636074e+01
    -2.4880146858774182e+01 -6.6472418318858999e+01
    2.4727104799130782e+01 6.9058222674760685e+01
    -6.2299750471323989e+01 -1.4133462507003730e+02
    4.7875369482387796e+01 -3.2645338224110407e+00
    -1.5310459373839217e+02 1.4469191269504532e+02
    4.3180425648720629e+01 1.2024664004486797e+02 6.6158042694410355e+01
    1.1776462632961609e+01 7.8108462076891513e+01 6.0929008169260470e+01
    7.0925364772398765e+01 -3.2143512280336360e+01
    -6.3872892171999212e+01 7.2829485550107933e+01
    6.8277713542827101e+01 -3.3227206577363617e+01
    -8.3059532553152977e+01 5.8533754034674487e+01
    -1.6457765249470592e+02 -6.7531160009467527e+01
    -6.1950499796577798e+00 -1.4497654745482845e+02
    2.3541808580863131e+00</data></s15_5>
</opencv_storage>
