<?xml version="1.0"?>
<opencv_storage>
<s15_1 type_id="opencv-matrix">
  <rows>200</rows>
  <cols>1</cols>
  <dt>d</dt>
  <data>
    -1.5721629597243717e+02 -4.3562051919580625e+01
    8.3545883391427083e+02 -1.1033077651938140e+03
    -6.3853906222317427e+00 3.2592188472971543e+02
    6.4543459894803391e+02 -8.9289405297819394e+02
    1.9516374222379946e+02 -3.6100679242229029e+02
    -1.7025212717675544e+01 2.8475008842352099e+02
    -3.4688147895201956e+02 1.2837648811750159e+02
    1.0918335063694380e+02 -6.0079276407642146e+02
    4.9383337513957156e+02 -6.2749914128613023e+02
    -4.9947288706421824e+02 1.4491527312957592e+02
    3.7718272374608313e+02 -3.0149501495428086e+02
    2.6748585734348234e+02 4.8863633226390334e+01 1.9295543011930127e+02
    -1.7198378484895710e+02 -3.9211331978746000e+02
    2.1094898801654799e+02 9.3624611004796208e+01
    -1.8138105168239088e+02 -1.3013758702292440e+01
    3.5525949369230212e+01 1.5869300016372799e+02 4.1376790783115382e+01
    -3.0949506830195162e+02 5.1714854294851833e+01
    5.5167861079255196e+01 -1.8295811099282508e+02
    1.1218285198162941e+02 -1.7186739214724174e+01
    1.8732652016434304e+02 9.4371624098477422e+00 2.5944897089391024e+01
    9.7375163479576187e+01 1.0437502662522405e+02 1.4372938799916673e+02
    5.7697159020296048e+01 -9.5843868290129393e+01
    3.2509196694587665e+01 3.9477418987193627e+00
    -5.1859667899898287e+00 -1.3052823276599665e+02
    -2.4604025360847467e+02 -1.4421006000034922e+02
    1.1906507289235083e+02 4.5901730556135254e+00
    -7.1525498236729220e+01 6.8596312218348004e+01
    -3.5867543932887607e+01 -6.1416030431969673e+01
    1.5224437586235271e+02 -6.0285474078633690e+01
    -8.1858958113886331e+00 2.9117999683366776e+01
    9.5527511803531908e+00 -2.3268020280119302e+01
    -4.2387810517952211e+01 3.2553208148977248e+01
    -1.1912451970228153e+02 9.0773817095723530e+01
    -6.3974227347405566e+01 -4.3529158508163810e+01
    1.7842486737614909e+01 -2.5021261202903289e+00
    1.0343525470957660e+02 -1.0380648827097697e+02
    1.7056102534210748e+01 1.1257176289378242e+02
    -9.2955134823911564e+01 -8.0404393686516986e+00
    -1.7865822794799050e+02 1.2052574076541191e+02
    4.7346685239887144e+01 -1.8188123208202921e+01
    2.4553456289417181e+01 -1.0530859868729182e+01
    1.2877196206511906e+02 -7.6321848561299461e+00
    2.7892439913352941e+01 -6.3697811153628734e+01
    -6.1380829367790696e+01 -8.0421344171877067e+01
    2.6423982648563033e+01 2.0215258980580835e+01
    -6.9316637586471712e+00 -3.7703146233994872e+01
    1.3080647724282622e+02 -5.4487513470159186e+01
    -7.1704295858636371e+01 -3.5810769637855259e+01
    1.2404904693743327e+02 1.2303129216538281e+01 9.1708374984284291e+01
    7.4060602761929360e+01 -1.1780753954595055e+02
    -1.9753627926196671e-02 8.4787479214793706e+01
    -4.7885660988576532e+01 7.0464549003025354e+01
    -7.7820063069593948e+00 5.6499576347813431e+01
    -6.0483094782018370e+01 -4.7466965022547626e+01
    -1.0323697242497876e+02 3.0207866970946480e+01
    3.4270008538755321e+00 7.1500816900560437e+01 8.3043259792812407e+01
    6.4833794321686923e+01 -5.2362082709208153e+01
    -9.4712650804633736e+00 4.5745716209768652e+01
    4.3755245203891739e+01 1.2496836734408730e+02
    -1.9225790905736222e+01 1.6447889018012297e+01
    -7.3638639219378888e+01 -5.7016788358086991e+01
    1.0047252166411572e+02 9.8841295116747432e+00 7.4621567867737202e+00
    1.0243364002016267e+02 6.6988375743125388e+01 4.9848251546591264e+01
    7.0579852560372402e+01 -7.9283127496950110e+00
    -6.5370095456818845e+01 -6.9306172966835945e+01
    -2.9292633977058378e+00 -4.0962866512047050e+01
    -1.2003252844291198e+02 -7.6281862247750425e+01
    8.9156106229161452e+01 5.2622949674977505e+01 3.4085621798445011e+01
    -6.0659471739020823e+01 -2.8766023978410963e+01
    -2.2517973369376065e+00 -2.4864579448427147e+01
    1.2714239586298443e+02 -4.1850735354942742e+01
    -2.3080324478809445e+01 -7.2873044945083592e+01
    -5.1803684431442157e+01 -3.8529718933008304e+01
    -6.0697718456538617e+01 9.5035175431821131e+01
    -9.7452522959327140e+01 -2.4096823724409177e+01
    9.0098687421952430e+00 -3.6775149854353963e+01
    6.1770662450533891e+01 5.0543481423907188e+01
    -5.4483028533854728e+01 -6.7876161360756422e+00
    -1.9217818779449684e+02 6.1797297425669157e+01
    2.8035928281922523e+01 1.0847511641840713e+01 4.7119120854754307e+01
    2.3408993773850550e+01 7.1609856412987654e+01
    -3.2413035765426507e+01 -9.2949866180080729e+00
    9.5264517263217357e+01 -8.8745879088557203e+01
    -1.9008888543252857e+02 2.3537105640734069e+01
    -1.2487005188111494e+01 -7.9963012840234555e+01
    1.3216463506262832e+02 6.7171265010257954e+01 6.2900609003414111e+01
    8.5354092063242149e+01 1.0092289429744167e+02 1.1079558147584218e+02
    2.0684290760226737e+01 -1.2228409765493927e+01
    -3.8953824306243106e+01 -7.3398763308991718e+01
    8.2013615318833757e+01 5.5849681720164583e+01
    -5.2736976650128454e+01 -6.1957682815076829e+01
    6.1052263408087988e+01 -1.6009218281163518e+02
    -6.5576169435608577e+01 8.9866160503484132e+00
    -1.4619668011193752e+02 8.9531454745515884e+00</data></s15_1>
</opencv_storage>
