<?xml version="1.0"?>
<opencv_storage>
<s15_3 type_id="opencv-matrix">
  <rows>200</rows>
  <cols>1</cols>
  <dt>d</dt>
  <data>
    -1.3978351935947538e+02 -9.3313857517123839e+00
    7.9758823244623557e+02 -1.1844046234681452e+03
    -3.6838942794650471e+01 4.1955928411736011e+02
    5.9400047271700521e+02 -9.2413510551906938e+02
    2.5604082034173854e+02 -3.6715215686697638e+02
    -2.9628640585556639e+01 2.8939097519259167e+02
    -3.4079249315618227e+02 9.8935608729002396e+01
    2.1131477398227452e+02 -5.5441809189062440e+02
    4.9839295117542542e+02 -6.0729843093746740e+02
    -3.0918755550800040e+02 1.1304867403908659e+02
    3.6124091197104258e+02 -2.7217051997800542e+02
    2.7180854397525707e+02 5.6521354258965729e+01 1.9427565007124835e+02
    -1.1463585006803207e+02 -2.9292978724092643e+02
    1.3638061781531047e+02 8.3042299731621441e+01
    -1.9596941663369256e+02 -9.4674017771971918e+01
    7.5303865720942838e+01 2.0073866104019999e+02 2.6787837733095639e+01
    -3.6453798275984383e+02 6.2450457155694707e+01
    2.0472674747754024e+01 -2.1055960312888948e+02
    1.3236660145297913e+02 -2.4888673443118034e+01
    2.3374297343750357e+02 1.0238606483614991e+02 1.6929657527051454e+01
    1.0001246067144554e+02 6.1916358773159367e+01 1.3415264877098704e+02
    4.5794934428786220e+01 4.7398758120169573e+00 1.9337440029817007e+01
    3.9291969736786626e+01 -6.4679971334814923e+01
    -9.9534071901875905e+01 -2.1439009950278046e+02
    -1.9776672634067063e+02 1.5064862512767994e+02
    -3.5381433119802224e+01 -1.3848608980885237e+02
    3.5056365006932182e+01 7.9691139033781111e-01
    -5.3829330116073542e+01 1.6207375642866799e+02
    -1.2759353003555162e+01 2.3029440279459219e+01
    2.9864469300372310e+01 8.4981450589290528e+00
    -3.4817106260525456e+01 2.7566314234252289e+01
    2.2114326051720152e+01 -1.2402578827153641e+02
    1.0222500102087929e+02 2.5365367879790913e+01
    -1.7351251627656276e+02 -6.6723021907424638e+01
    4.1636636639267785e+01 1.0348565185481112e+02
    -8.1330526405461427e+01 2.8171974813244230e+01
    6.9150252864080755e+01 -3.6424350741302248e+01
    -3.5021388966795456e+01 -9.6199095437941722e+01
    8.7181699044827013e+01 -1.0383840548057362e+01
    -3.5668934561321390e+00 5.8237915509211270e+01
    -6.1656877909101752e+01 1.2909504762167217e+02
    2.0957198927927173e+01 4.4129119743353897e+01
    -4.4873642639521245e+00 7.1586828815662471e+01
    -7.3999814101538519e+01 -2.0693389310497623e-01
    2.8547625103855800e+01 4.2685706634651858e+01
    -2.1921552660792734e+01 1.4350225686925575e+02
    -3.6504675926054439e+01 -2.5366396207161110e+01
    -4.5189369193953553e+01 1.0194023973149066e+02
    -3.4579749381310968e+01 6.7431320138610559e+01
    1.4612955684703534e+01 -6.9719864895164158e-02
    5.4313201694580275e+00 6.2377743644218448e+01
    -6.5682649430979495e+01 3.9620099547125903e+01
    3.7936984801855203e+01 6.3440261104359806e+01
    -3.3712492820543517e+01 -3.4645600053864491e+01
    -1.1692006799963963e+02 1.8753018743424438e+01
    3.5158176510212407e+01 1.8086904609657822e+01 1.6144926480345180e+01
    2.1522593519849728e+01 -1.4384922614297579e+01
    -1.9568415208624476e+01 4.1330195406964513e+01
    -1.0491199584844683e+01 1.3328371214645253e+02
    -1.6341014194263888e+01 1.5524408742988413e+01
    -1.1353878628190849e+02 -1.3982834004127253e+02
    1.0432192066006021e+02 -2.5717198618352128e+01
    -7.1989974314970212e+01 7.5244563349519609e+01
    -1.1645647860974336e+01 8.3055592342886115e+01
    -1.9996786154148443e+00 -5.9443754199876324e+01
    -1.2828743299341278e+02 1.2743332475220660e+01
    -5.5884690847424565e+01 3.9633114702919066e+01
    -3.3367702769272299e+01 -2.4158679156521448e+01
    1.0579141496698018e+02 9.7479989242860597e+01 1.3901807138535435e+01
    -5.3989138040422652e+01 3.5317742168681413e+01
    -2.4905184742858541e+01 -5.5568772343708730e+01
    1.2840074349905777e+02 -4.7462106461277251e+01
    5.4933106872435900e+01 -6.9782616225945588e+01
    -5.2495111184523694e+01 -3.4460507423018186e+01
    -4.6671441773035070e+01 1.2658488491043876e+01
    -6.1027251034654022e+01 -2.2280884698622291e+01
    4.6800059599802175e+01 3.1994084013126796e+00 5.4035046207922861e+01
    -2.7188437611148316e+01 -3.3717055298994012e+01
    -5.1570411054573164e+01 -1.2037071976601224e+02
    -5.0428048059861679e+00 1.5654923085336637e+02
    -4.6530466262919234e+01 5.0861163583756202e+01
    8.6407650831970614e+01 -4.7562740258129104e+01
    -2.9806392823791374e+01 7.9469934998537497e+01
    1.0337922384055883e+01 -6.4195403884699417e+01
    -1.1438117834592133e+02 7.9161500424647940e+01
    3.2433935976741665e+01 -2.0286993910040928e+02
    1.6105230517410595e+02 2.1387562190158949e+01 5.2619657844829028e+01
    4.0333833826397665e+01 -9.8822841591663419e+01
    1.8875300072413207e+01 5.7554031494317513e+01 1.9313670550633239e+02
    -4.7136300127388779e+01 -8.1692184871280844e+01
    5.8944482514665260e+01 6.3023425990495305e+01
    -2.3470961421631973e+01 -1.0295917234250535e+02
    4.2484757716578805e+01 -1.5132723320041137e+02
    -7.1623848733166028e+01 -6.6997925184116243e+00
    -1.3445939075609689e+02 1.8216070180313269e+00</data></s15_3>
</opencv_storage>
