<?xml version="1.0"?>
<opencv_storage>
<s15_4 type_id="opencv-matrix">
  <rows>200</rows>
  <cols>1</cols>
  <dt>d</dt>
  <data>
    2.6057622428902341e+01 4.6522626014922274e+01 7.9159816804757281e+02
    -1.1288018766091809e+03 1.2738818631378118e+02
    4.1311989191814217e+02 6.0744663728468856e+02
    -8.4443275814986282e+02 1.7520517572060268e+02
    -3.5483600572148794e+02 1.6575294370502036e+01
    2.7203715105928194e+02 -3.8334900309947710e+02
    1.7686531128217518e+02 1.6459701888312412e+02
    -5.0469798547555098e+02 4.7454111250515325e+02
    -5.9284525604740577e+02 -4.0667069313849026e+02
    1.5304091421442689e+02 4.3944765099190317e+02
    -3.1355675169196581e+02 1.4685922211443824e+02
    1.3996606448256875e+01 2.4328466804876621e+02
    -1.3253030513013150e+02 -3.7012097202798861e+02
    1.4220815618889424e+02 1.1125937362702247e+02
    -2.4035857934816005e+02 -1.6719356388313463e+02
    6.4787108475663473e+01 1.2384688777751022e+02
    -3.4998687347962971e+01 -2.6077066371100159e+02
    6.2954476973448109e+01 2.8121244213045308e+01
    -1.8455934703215243e+02 1.2038758184339629e+02
    5.7343425961389203e+00 2.7830242457386947e+02 2.9560600122496414e+01
    2.9163275142118270e+01 9.0556944344171583e+01 5.8992461498234007e+01
    2.0037984397067856e+02 1.0105174406246620e+02
    -1.0595258118378933e+02 1.1514222429144988e+02
    4.5220049284840407e+01 -3.2367710198465680e+01
    -2.0023460554773578e+02 -1.2595007789529090e+02
    -1.5152677496159265e+02 1.7742178563902539e+02
    -1.9988943218579493e+01 -1.6725437760123211e+02
    8.9567120702663374e+01 -2.5774113302161794e+01
    -7.5427763899483750e+01 1.3715100629684912e+02
    6.7165292789667689e+01 6.9286806437747455e+00
    -6.4375749466655918e+01 5.7510105177368040e+01
    -1.8677153106454872e+02 -1.6572258919839567e+02
    -4.7937229128648298e+01 -6.1355466489096770e+01
    1.3817861132524004e+02 -3.5202155404531908e+01
    -1.4972290398803059e+02 -2.3009150357305148e+00
    4.8497968643513040e+01 2.4009267315188583e+02
    -1.7874773980370401e+02 3.0377228356260296e+01
    1.1044320783338893e+02 -4.5852332841671846e+01
    -6.3733276193400163e+00 -1.6194810008707944e+02
    6.2688923953234003e+01 -5.7647767802123695e+01
    -5.1539080971298894e+01 -3.3819267577812447e+01
    3.1911206962278737e+01 7.4303892136917256e+01 2.1252749465862301e+01
    1.2807705470198300e+02 -3.6793752311397007e+01
    6.3607960486389494e+01 -3.5779590605178178e+01
    -9.1212845419119276e+01 5.7569108279489276e+00
    6.5108657677497007e+01 7.7943716833226706e-03
    -1.4759171563784915e+02 3.4038014169446434e+01
    3.8796377942286618e+01 -4.2819614708252018e+01
    -7.6560124011704644e+01 4.8132677380769259e+01
    -6.4113370839624451e+01 7.3964070247149905e+01
    -1.0829768680013115e+02 1.4783629851912485e+02
    -4.2843451618224391e+00 5.4341595187471739e+01
    4.7766284153048375e+01 5.4870095517705877e+01 1.3380255451597117e+01
    -1.8519324277554483e+02 -7.7184812828951976e+01
    -5.4220187686219575e+01 -5.0425538928545038e+01
    -1.5676687288329848e+02 -5.0373949013664053e+01
    -6.0120443442762141e+00 6.5834315060694351e+01
    -2.6293912308451326e+01 -2.3588981846535894e+01
    1.1530191049422992e+02 3.2272055234120565e+01 1.3751720723041220e+02
    -3.8373774794327467e+01 -7.3854707361654031e+00
    -4.9397433426112855e+01 -1.0079670370605152e+02
    6.7666692236935432e+01 -8.2224320919122007e+01
    5.3563858960275752e+01 4.1187839327751185e+01 1.2102100398198988e+02
    8.2238112287714543e+01 -8.9460776741010775e+01
    -1.2558742533025760e+02 -1.1274124349526849e+02
    1.3058071452262845e+02 -1.7363658817830512e+01
    6.9479830043802959e-01 -1.1623041959662912e+01
    -4.7258562100281949e+01 9.1199749520452741e+01
    -3.3313398159770500e+01 5.3563897058658462e+01
    -2.4381848991243196e+01 -6.6986210538359146e+01
    4.5711684000134722e+00 -1.6948508483757866e+01
    -1.0596381579616100e+01 -5.3362208868014520e+01
    5.9671158379527334e+01 -9.8290610292125422e+01
    -4.6760320841525221e+01 6.1036229636863091e+01
    1.2194735799840220e+02 7.9574213027483182e+01
    -2.7871038105254428e+01 -1.0604474933857469e+02
    -2.0453139906983669e+01 5.3423561061180187e+01
    2.3850922411372245e+01 8.4417111480653134e+01
    -4.7514032802663202e+01 -7.4326844835160472e+01
    -1.0044915962638568e+02 3.7589332277552153e+01
    8.2585733936773281e+01 -7.3262961786102309e+01
    8.6006330058992617e+01 5.1089458710327307e+01 4.6413828121119485e+00
    -4.3835745109907549e+01 3.0574606908203972e+01
    1.9011702520703302e+01 -4.3073322567500519e+01
    -1.9019895447235453e+02 6.1828988417291086e+01
    2.1710976013173681e+01 -1.8119314400484856e+02
    1.7036204886616372e+02 4.7887529185370376e+01 4.1495159566039185e+01
    5.9783198730801722e+01 3.0138297269308708e+01 9.5592635077961788e+01
    6.9097926670666212e+01 4.8821812595804211e+01
    -3.3572506620789198e+01 -6.7952411900605512e+01
    6.6677477147972212e+01 7.0815916188050551e+01
    -2.9535793511714825e+01 -7.9816660475972782e+01
    5.0994298843572267e+01 -1.6061906049075230e+02
    -6.6792054360845583e+01 -9.8514591217947292e+00
    -1.4426416912816421e+02 -7.8746655211175867e+00</data></s15_4>
</opencv_storage>
