<?xml version="1.0"?>
<opencv_storage>
<s15_2 type_id="opencv-matrix">
  <rows>200</rows>
  <cols>1</cols>
  <dt>d</dt>
  <data>
    6.8155306149297894e+02 -2.0551578090429533e+02
    -5.9339884723852867e+02 -9.9782172404651567e+02
    -4.1502935395514169e+02 5.8436024086026089e+02
    -2.6054584998889209e+02 -8.0267413152505412e+02
    1.3278426820139214e+02 -8.4119400197354423e+02
    -5.3657357038502269e+01 2.1467120807410072e+02
    -2.1684492955278068e+02 -4.4017794021438829e+02
    2.6425617731905641e+02 -2.4397213327489166e+02
    4.4623917309838509e+02 -3.8622683495303653e+02
    2.2942100247901871e+02 2.9218001592699761e+02 3.6749991310421115e+02
    4.7817119590024157e+02 3.1129380013369348e+02 1.2824193344628094e+02
    4.2550376846769780e+02 -6.8174588336145021e+01
    -3.0261264131511208e+01 3.0580820099991371e+02
    -3.4306468490255014e+01 8.5888447840209096e+01
    2.4154109105438398e+01 1.2662242508394407e+01 2.8778440242909630e+02
    5.6638369016238190e+00 -5.1324958174809851e+01
    3.8163649796853207e+01 -5.8189772084702426e+01
    1.2807859353595559e+01 -9.7111749695452886e+01
    -2.5408663724752962e+01 -4.1872669361479879e+01
    1.0326602822456364e+02 -1.2924405495759493e+02
    1.6903220525413707e+02 -9.9267280455343553e+01
    -6.1979442691356198e+01 1.7501659401925713e+02
    1.2133947133849202e+02 -8.2433256236634787e+00
    5.1487767692005129e+01 -3.6424914301538379e+01
    -9.4889960616012402e+01 -8.9584706685903569e+01
    -9.6590778879826274e+01 1.3377663400788413e+02
    1.7435739204950988e+02 -9.7333077954114046e+01
    -6.1950858331675249e+00 9.7401162747388440e+01
    -9.0109540099580030e+01 -4.5675244211080663e+00
    8.4434875673547396e+01 -1.7784011314935292e+01
    -1.3034696473708428e+02 5.7831627287693685e+01
    -1.5640782333518368e+02 -1.8365306981632173e+02
    2.6224230766965203e+01 -9.8299903733558395e+01
    -4.0910426934634536e+01 -8.2236339258011341e+01
    -1.4306087761020331e+02 8.8691205412797444e+01
    -4.4267080940801883e+01 5.0173813412813352e+01
    -9.7017081605865258e+01 -2.3051100929414201e+01
    -3.5291568518602723e+01 -1.1320775707505690e+02
    9.2072692150545983e+00 -1.1763672594952071e+02
    8.3187271315350031e+01 1.3461580069054742e+02
    -1.7989226262537278e+02 8.8590902551966821e+01
    7.5643232294572087e+01 5.5584839903467795e+01 6.3370208774372763e+01
    3.7106710636967208e+01 -6.6745300640300712e+01
    2.3423018757569185e+01 -4.8164332221796871e+00
    1.2327108600558394e+02 5.1813514396570163e+01 5.4939882699333630e+01
    1.0732670551596987e+01 1.5351616921755021e+02
    -5.2809602149745686e+01 -7.7736716053416544e+01
    -8.3805969569139052e+01 5.4188816633655721e+00
    8.0257533921903558e+01 -3.0107707810884843e+01
    2.9859808632650473e+01 -4.1343449522708376e+01
    -5.0433778734173927e+01 1.2213722549330273e+01
    -1.2449227302994694e+02 3.7499955043963602e+01
    2.1009928836069893e+01 6.3939797402902407e+01
    -1.3876419384651254e+02 -7.3480051274086264e+01
    -1.4353880805055874e+02 -5.7683481147192715e+01
    1.2179227819600216e+01 6.3889001496690881e+01 3.7055532881505982e+01
    2.2152776823592754e+02 1.7528834163781042e+01
    -4.7264672585143394e+01 4.8743868754559585e+01
    -2.9153305582725643e+01 2.3383639208813219e+02
    7.5269999548432569e+00 4.6863026904254056e+01
    -1.6441865888105571e+01 -1.9070724077216656e+02
    6.4054529372363291e+01 -1.1576134772975627e+02
    1.3266240196203654e+01 8.7859893402230327e+01 6.9454626714037332e+01
    2.8438086700600405e+01 -6.3051618796327794e+01
    -1.7203480095117776e+01 -9.9327023595773866e+01
    5.1517074021758191e+01 -6.3815386937756571e+01
    -8.7105094680987154e+00 -3.7204329827221606e+01
    -1.1365525405322222e+02 5.5524331420465245e+01
    8.3786740853272210e+00 -3.5431098274521924e+00
    -3.7297706645853225e+01 -2.6387886188735482e+01
    2.0009732251601733e+01 -9.6848511495908880e+01
    1.0802872735107407e+02 -9.6441946154219877e+01
    -1.3417142616390436e+01 -1.0954387855158323e+02
    -9.9799303902685409e+01 3.3417949114958120e+01
    8.8393997684354716e+01 4.7452520162377120e+01
    -3.7554815786734402e+01 6.3751652443287981e+00
    3.5781208495062884e+01 -1.6796515280350825e+01
    2.5570307060493644e+01 5.9278927477563222e+01
    -5.8724693924513538e+00 -5.4707330490008701e+01
    -1.5976064335004941e+02 3.4588882842501562e+01
    1.1100213537672253e+02 -5.4251548674785226e+01
    5.9667243286844759e+01 3.5171643297354699e+01 7.5815480909743826e+01
    -1.8830748395278189e+01 2.5672609468763500e+01
    2.2105743653975033e+01 -5.9621806487496215e+01
    -2.0158803104608376e+02 4.8465473166630112e+01
    2.9820721767084756e+01 -1.2966861249619043e+02
    1.7070808712862706e+02 7.0152898160431093e+01 1.5567827973769589e+01
    4.3848276146554753e+01 -1.4638964400748389e+01
    7.1121068391964798e+01 3.6636949629336883e+01 7.4275850854918502e+01
    -3.2391664099342471e+01 -5.6324590451574849e+01
    5.5676993250297635e+01 5.8783117404132298e+01
    -2.6406119568112874e+01 -7.9596899664616515e+01
    4.9689840189030626e+01 -1.5140090364190442e+02
    -7.1167239047455041e+01 -1.1674621082054443e+01
    -1.4203919241373004e+02 1.8094486145400441e+00</data></s15_2>
</opencv_storage>
