<?xml version="1.0"?>
<opencv_storage>
<s16_2 type_id="opencv-matrix">
  <rows>200</rows>
  <cols>1</cols>
  <dt>d</dt>
  <data>
    1.5351122107296790e+01 -6.4382782278802358e+02
    7.8805732581104144e+02 -1.0193932991664848e+03
    2.5124773561983140e+01 1.2328763186252143e+03 3.4038376435203480e+02
    -1.5583374410888365e+02 4.1382952503872121e+02
    1.2427662014526153e+02 1.3749193092779549e+02
    -5.4492719459642673e+00 -2.6868105415222379e+02
    -1.7757960579220665e+02 -1.2027448981968902e+02
    -6.7715213255352319e+02 3.2641788684434431e+02
    -1.1007630535282335e+02 -1.5529153625477002e+02
    5.5940348649778218e+02 1.8111720208803609e+02 3.5385194525842769e+02
    1.7360523455748375e+02 1.3514104069930491e+01 1.6202806063818491e+02
    3.2080299465510677e+02 -2.6387162487370932e+02
    -2.9455519865264944e+02 2.3306377975070197e+02
    3.7904934378912898e+01 -7.6453008603224163e+01
    -1.2004105036965784e+02 5.8623835805864196e+01
    7.3625909588237036e+01 1.1715694048306199e+02 5.9732109026690651e+01
    8.1909329469521467e+01 7.8920635222959801e+00
    -1.0616361682301222e+02 -4.2954150760246726e+01
    6.8653671531804505e+01 3.2337366308305171e+01
    -9.4965770419287985e+00 -2.0178546167225878e+02
    -4.6707171019187356e+01 2.8152431952547249e+02
    -1.0219198857140726e+02 -1.9335578906513626e+02
    1.4685300411667924e+02 2.1645303700821563e+02
    -9.5960883133569183e+01 1.1212161712519310e+02
    6.9958850567879072e+00 -6.6130880025616747e+01
    1.2521899359316265e+02 -4.8443573567319639e+01
    -9.1981404180744320e+01 8.4657496294232004e+01
    -7.1262685953782254e+00 -8.8119685330500872e+01
    5.5062756148075017e+01 7.0202904460388666e+01
    -5.9956373190901942e+01 5.1969040399028756e+01
    1.1050389971510587e+02 -1.0658366220188107e+02
    -9.5539348370130753e+01 3.0191470758585435e+01
    -1.0843571391912300e+02 1.3018133753891726e+02
    -1.3820759144868094e+02 1.7489150100014945e+02
    1.2412125942003365e+02 9.5560710609380450e+00 6.2168975664867226e+01
    -7.6589019959143513e+01 -1.9380392274577751e+01
    1.0349879515779577e+02 -1.1995491508560013e+01
    3.7206179922831559e+00 -1.1934029391886510e+02
    7.8732325667686794e+01 -7.6046178192578058e+00
    -5.1765065070367349e+01 1.2160262194499104e+02
    9.6173038042784000e+01 1.0717909360700395e+02
    -5.8562417656938948e+01 3.3235587832754618e+01
    7.2032222315939620e+00 1.4574176018587451e+02
    -7.2821627105810862e+01 -7.3973720888598237e+01
    2.6205665477182791e+01 6.2563735164682747e+01 7.7373773676496370e+01
    4.6643990916707828e+01 -1.3345224213016573e+02
    -1.7174821373317005e+02 -2.8814254353295418e+01
    9.2451130678809378e+01 8.1933730109904594e+00 5.7621062251594090e+01
    9.1593507904800560e+01 -1.1521566107194514e+02
    1.1594487097911117e+02 8.4908552202346090e+00
    -3.0343765281350837e+01 -1.4345382037547807e+01
    -2.6729405055490472e+00 -4.5368118656490637e+01
    -1.5504076932779847e+02 -5.3518512468839482e+01
    -1.3937898119276232e+02 -1.0807899074779952e+00
    -8.0239469112465628e+01 1.8765128696852145e+01
    2.6931824051599541e+01 3.8744394142035198e+01
    -4.7280387341554551e+01 -1.6848385471053118e+02
    4.9952654344051552e+01 -3.6479417695144996e+01
    1.4347168465780942e+02 1.9828522890375510e+01 2.2804681631193954e+01
    -7.3096609113007418e+01 -4.6623568131023795e+01
    1.0943968402031450e+02 -1.4089117768943989e+01
    4.2365840111824539e+01 1.4940703421648465e+02 7.7499541191789234e+01
    6.7574929396383084e+01 -1.9163893756064457e+01
    -6.0830276518147606e+01 -6.2250224435843663e+01
    3.0664407716362664e+01 -3.2181121581106012e+01
    -5.0507046657067036e+01 9.1107040058127069e+00
    -4.4995343918358707e+01 1.0881994497852513e+02
    5.1755173088266986e+01 1.6278254598976725e+00
    -1.3002527027176015e+02 -3.5702247836398527e+01
    -1.2902841775821976e+01 -4.4349320197331572e+01
    1.5582448136967994e+02 -3.8707631095640707e+01
    3.8016308035531550e+00 -9.0303261973486826e+01
    -9.1576712071460562e+01 -2.7523279134674677e+01
    4.2978010259166211e+01 6.5764177590508348e+00
    -6.8679692971407285e+00 -5.3401968274394243e+01
    6.7823600705431744e+01 -1.3897444502592236e+01
    1.7538797265257006e+01 6.0601080655692058e+01
    -1.9304128721998570e+01 1.2840551206095457e+01
    -6.4521993825506399e+01 -5.9815938242489475e-01
    1.3003664472702434e+02 -2.1368625256423194e+01
    4.2011682082005755e+01 4.1953390172374810e+01 3.7082637512127640e+01
    -9.5003807347603598e+01 9.8252973352513240e-01
    4.5921462422552864e+01 -1.0134363249848121e+02
    -1.6706075111765648e+02 8.6770533123234259e+01
    3.6811884760299563e+01 -1.6280881997617195e+02
    1.7403226575817936e+02 3.5650627026435814e+01 8.5346607464834278e+01
    7.7179133020162141e+01 1.5454990088779805e+01 7.1529687374080595e+01
    6.2568255638827026e+01 8.4747792891713416e+01
    -5.5415812890759476e+01 -8.0212957991595275e+01
    7.4059532032107128e+01 7.6284339688346549e+01
    -3.2349982373042721e+01 -8.4332946959764655e+01
    5.6103743545833538e+01 -1.7365929055862131e+02
    -7.1637429729101513e+01 -1.3246475195800475e+01
    -1.3559128797150393e+02 1.4382528941247936e+00</data></s16_2>
</opencv_storage>
