<?xml version="1.0"?>
<opencv_storage>
<s16_4 type_id="opencv-matrix">
  <rows>200</rows>
  <cols>1</cols>
  <dt>d</dt>
  <data>
    -1.2173132190222750e+03 -9.7406852018431107e+02
    6.0428233570538055e+02 -2.9996339822752503e+02
    -1.4401470001940936e+02 7.3142343635051202e+02
    6.7820984091517641e+02 -1.2967663994736105e+02
    2.2620175627948478e+02 -1.6179312517554317e+02
    2.0770504049241416e+02 2.0255881379210277e+02
    -1.9609625789218595e+02 -3.0032430536363341e+02
    -1.9206512546600067e+01 -2.7415642690104869e+02
    2.5166581329088783e+02 -3.6907579837642339e+02
    -3.6608688786975222e+02 6.8224199332577712e+02
    6.2801235642964237e+01 4.0730518015418261e+02 1.3969295411913629e+02
    9.9817354314786371e+01 1.6379601768796763e+02 8.6052064152084583e+01
    -1.3275950207890293e+02 -3.5757460941408152e+02
    1.8625415012081518e+02 9.8416274721899782e+01 1.7246616757932365e+01
    1.2389446972257689e+02 1.9562479845313339e+02
    -1.5112023388761330e+02 6.7276898041277235e+01
    -3.9911617500221048e+01 -1.7909396935168246e+01
    1.7797232304884554e+02 1.1199802604510909e+02
    -1.5874852505339942e+02 6.4630360825264987e+01
    -1.2747350920929456e+02 -5.5888712472261176e+01
    1.6968833726523494e+02 -9.0512991554159768e+01
    2.3335316345154979e+02 6.0588444087611123e+01
    -3.1483602905503581e+01 -1.7337186009094466e+02
    8.2041013146260596e+01 -1.3454612677292365e+01
    -1.7345735084730310e+02 -2.6292845644261337e+02
    -2.0928282445142210e+02 1.2154719256843802e+02
    8.3361600329233525e+01 -1.8989876791434742e+02
    -5.9810257719364008e+00 -1.6950720782026320e+01
    -1.5416447789302346e+01 5.7118764048390510e+01
    6.8996622632302209e+00 -5.2056514470705345e+01
    6.7611044948010360e+01 -4.6096174368964540e+01
    -1.6703116098872393e+01 4.4147232253393859e+01
    -3.3169380533587640e+00 -8.1045416597691784e+01
    8.4354236876113362e+01 2.9028359952080255e+01
    -1.4953362915689900e+02 1.9300278561448110e+01
    7.3094173265187870e+00 1.1103469329458808e+02
    -3.7554545458520536e+01 5.4829416684401213e+00
    -4.1407261446035832e+00 -8.4316582929584584e+01
    7.3705619196961678e+01 -8.0706308561991449e+01
    7.3477186423069782e+01 2.0547368246361533e+01
    -2.1202482862839414e+01 1.3787838676787572e+01
    -4.0718908112581154e+01 4.9151741626727080e+01
    7.5139825252565473e+01 8.1161124681930900e+01
    -1.7576708850729159e+02 4.6382370533008633e+01
    -8.4782339357402762e+01 9.7827382481054581e-01
    2.0440731994755293e+01 -6.5933748917271133e+00
    -8.4947819295699574e+01 3.0802715414148125e+01
    4.0027486651833641e+01 2.9119560266003122e+00 2.0206165879892009e+00
    -2.6949188032821780e+01 5.5068778013373617e+01
    -7.7767664511178737e+01 6.0531409708568937e+01
    -4.2873970176639951e+01 2.0870186929232224e+00
    6.3967367723910208e+01 6.0222113000481599e+01
    -2.1470924205214217e+01 3.8504995235206941e+01
    5.0464952939635175e+01 -6.7004329659396475e+01
    -3.8028761580900216e+01 -1.0942157367706034e+02
    1.3309703226549079e+01 2.5242249835401903e+01 5.0804218230365422e+01
    -7.6098346260573324e-02 1.2553413409997874e+02
    -1.2314923588615963e+01 4.7901615290791533e+00
    7.8921731307576863e+01 7.7294701713011847e+01 1.8791877449223148e+02
    -3.7363975076969361e+01 7.1992524073622349e+01
    -5.7499829410610104e+01 -1.1158262969664264e+02
    7.5570417080304281e+01 -4.3492508080682107e+01
    -4.3302404989603318e+01 2.5002885048785593e+01
    4.7513908754630393e+01 4.3617027002371977e+01
    -4.0649555232777367e+01 -1.7438921816334076e+01
    -9.5271470047834342e+01 2.0970158116141686e+01
    -5.4233986229260793e+01 -1.3237106449472142e+01
    -6.7368016383063406e+01 -1.5636000968334342e+01
    6.7054543827309999e+01 2.6015107406206141e+01 3.9815766651682452e+01
    -9.2459385167105793e+01 -3.3020469601266996e+01
    7.0875619886082202e+00 -2.4111653581406806e+01
    5.6797278561955878e+01 -3.4748325867018231e+01
    3.9587469662173902e-01 -7.0623601827251122e+01
    -3.2747646652132429e+00 -1.4523246676300884e+01
    8.0583648535140306e-01 1.7919673046509196e+01
    -6.1327388518253748e+01 -1.1009959445011748e+02
    -7.0345223487036943e+00 -1.5775593916837520e+00
    -4.9138936169940850e+00 3.8414573252062851e+01
    -4.5880500719360356e+01 -3.9224866149107214e+01
    -1.1802896598413264e+02 7.0494249828828188e+01
    1.1994777592111603e+02 -4.6009441645642535e-01
    6.2561008002407171e+01 4.5690882306212565e+01
    -1.6808968687069047e+01 -2.0379207478796719e+01
    2.4933006626298294e+01 3.7103249035584064e+01
    -7.2379029429280791e+01 -1.8209436613889565e+02
    6.1451137312963162e+01 5.1938387895706867e+01
    -6.5638753178291097e+01 1.8127369020848786e+02
    4.2933926511381244e+01 1.0035917344156412e+02 2.8295331769364573e+01
    2.5328222183584852e+01 9.0004986939264853e+01 8.5677226324036724e+01
    1.0561476655135114e+02 -4.0485919909843147e+01
    -7.0689087869668725e+01 2.0626301497216068e+02
    8.9059542000576883e+01 7.3300034566589414e+00
    -7.8018902394271748e+01 1.5453468449482965e+01
    -1.9970810456493538e+02 -7.4735748010334547e+01
    -7.3517664227241299e+00 -1.3829620779957020e+02
    8.0764136958245558e-01</data></s16_4>
</opencv_storage>
