<?xml version="1.0"?>
<opencv_storage>
<s16_3 type_id="opencv-matrix">
  <rows>200</rows>
  <cols>1</cols>
  <dt>d</dt>
  <data>
    -7.4136485828456969e+01 -5.7292616933632053e+02
    5.2214536466858033e+02 -1.0891834559640190e+03
    7.1946404673019003e+01 1.1344854424058215e+03 3.3613531861155775e+02
    -4.5114684866838815e+01 7.5255471496541668e+02
    2.3877448214469604e+02 2.0940803612625618e+02 1.6085239693575897e+02
    -1.0765277583229644e+02 -1.8587878962414325e+02
    7.3251052725230508e+01 -5.9112501240774407e+02
    4.1437561505367239e+02 -1.2042805316295558e+02
    -6.5370709420553993e+01 5.3175577355707048e+02
    9.2602614952874589e+01 4.2124803402959861e+02 1.7123448771037795e+02
    8.3086799342088739e+01 2.8349233640949160e+02 2.0026075881538739e+02
    -1.3303790046269782e+02 -6.5982412541301244e+01
    1.5666911794430925e+02 -7.9620342142586310e+01
    -1.2787911579119785e+02 -1.6622985623011232e+02
    -5.3156169516262267e+01 1.2284283205770652e+02
    -9.6295337780436796e+01 3.2973794191989910e+01
    7.0225332172547581e+01 7.5831835520139194e+01 1.9915062326804951e+02
    1.4256928367433679e+02 -5.9111537451336346e+01
    -7.3506973062080789e+01 -1.5678520128271342e+02
    -1.1772718751208812e+01 -4.1269399253578328e+01
    2.0636643433041809e+02 1.3292581758739169e+02
    -1.7199151293798008e+02 8.8539190866410976e+01
    2.0411732239333222e+02 -1.3798376722253924e+01
    -1.0547880366818703e+02 -6.0142091916982451e+01
    -3.0173233211859844e+02 1.5299179686273712e+02
    2.5010410190631536e+01 -3.1804187423723590e+02
    6.1282718643013219e+01 -3.1501921018226140e+00
    -2.9918794802353432e+02 6.6172628956039503e+01
    -9.0288745134512311e+01 7.2963631631167274e+01
    -7.8799352549809257e+01 1.0658566840279747e+01
    -3.9230438486803230e+01 -1.1852437474104191e+02
    -1.5342790308729640e+01 -2.1139701759740356e+02
    1.9538278346036952e+02 -1.4096873297950916e+02
    -1.4227225309710809e+02 -1.9629078269398761e+01
    3.5000233891701470e+01 2.1801142183885207e+02
    -1.2412596625188679e+02 7.3401028786110984e+01
    1.0771904724634355e+02 -2.8406036801711767e+01
    -2.3919416949814311e+02 -8.9670758036006262e+01
    -4.0552747414569431e+01 6.7614986802449963e+01
    -1.1224030782248568e+02 6.0978426558469494e+01
    -8.3490855920922485e+01 -4.7958375815446253e+01
    4.4430849459584877e+01 8.8900920483491007e+01
    -9.6739860617230491e+01 1.2495459128238537e+02
    -3.4928462031131993e+01 4.1792405290546860e+01
    1.9546769627496609e+01 -1.0810485301914786e+01
    1.2869594996213243e+01 -4.2254808637239904e+01
    9.6488524134504289e+01 -6.5485473182880156e+01
    8.2668330064355977e-01 1.5419335267786533e+02
    -1.3791565284129132e+02 7.3677499128045099e+01
    7.5011588351189829e+01 -1.3386853935464686e+02
    4.6691252203492112e+01 -1.5129225430275772e+01
    7.3735052108402876e-01 4.0043731133440652e+01 1.5309671488050927e+02
    9.6564612494075334e+01 -3.6386478742120815e+01
    -8.7242096822806459e+01 -1.6222947966819422e+02
    -2.1471327255547440e+01 -5.4548831549234983e+01
    1.0000542097637893e+02 -3.0715568937687312e+01
    6.9436937364749056e+01 -9.9336580453116241e+00
    -1.1230475501061838e+00 8.9558670921171188e+00
    4.8034054393864686e+01 9.1011338322845802e+01
    -2.3521143471423656e+01 -3.4894958946529705e+01
    -3.8748397259380830e+01 -7.8725112732293624e+01
    6.6010420055195169e+01 -4.1179075121853508e+01
    1.7296339136126587e+01 -6.9600768588438214e+01
    1.0442370301676397e+02 9.3045715944155660e+01
    -2.5749538256511951e+01 3.3282290176090115e+01
    -2.2156595129628803e+02 4.2010316409258770e+01
    -3.9428968454562231e+01 1.4132278169307357e+01
    -7.8271304320284031e+01 -1.4839258716195860e+02
    1.2092851494446444e+02 1.3548562167695079e+02 1.2412148527315896e+01
    -4.1641659137300657e+01 -5.4763907451702147e+00
    2.6204787066044478e+01 -6.2529604967654173e+01
    5.9544289397239453e+01 -8.5650872006724711e+01
    -4.7409753645157586e+00 -7.4645378323508353e+01
    -5.0689848115128264e+01 1.8800356025053702e+01
    -1.1731715810487335e+01 4.7841744473056892e+01
    -6.6492754779980231e+01 -1.6076125905687370e+01
    2.7852533641244159e+00 4.0976945822840065e+00 4.3355216423106825e+01
    -1.2763319144198293e+01 -1.6262707465453751e+01
    -9.8339371199143613e+01 -1.2865636676265893e+02
    4.1113508935297247e+01 7.6681076923054960e+01
    -1.8846713248129156e+01 1.7141114472858867e+01
    5.2174252786660219e+01 2.7692129414634060e+01
    -2.7950451380641915e+01 3.8541930044752455e+01
    5.4638071752970120e+01 -1.7452200590092712e+01
    -1.5863634733830395e+02 4.9825778753291509e+01
    1.1039027293120672e+01 -1.4455972628259107e+02
    1.5209090782270209e+02 8.6165517113343824e+01 2.1684694923089776e+01
    6.0814345435154777e+01 -2.5763433323923830e+00
    8.5868520845171446e+01 5.3550993493722046e+01 5.3840562856725640e+01
    -2.2040955868845547e+01 -5.7150291918768346e+01
    6.8608613725271084e+01 5.6385423218368864e+01
    -3.6329158830366431e+01 -8.6201561236309885e+01
    4.8276578774275912e+01 -1.5261937366545911e+02
    -7.1136689002587048e+01 -1.1170572068524955e+00
    -1.4671789968657731e+02 6.0849735018720343e+00</data></s16_3>
</opencv_storage>
