<?xml version="1.0"?>
<opencv_storage>
<s16_5 type_id="opencv-matrix">
  <rows>200</rows>
  <cols>1</cols>
  <dt>d</dt>
  <data>
    -1.1074851663120403e+03 -1.0109541185488762e+03
    6.7805821263836890e+02 -3.0312377462752852e+02
    -1.6330976420695387e+02 7.7021692788852044e+02
    6.8985221032063407e+02 -1.9426061830741619e+02
    2.4891976964316598e+02 -7.7125629519344372e+01
    2.0252306561889455e+02 1.6332314378031134e+02
    -1.3406218230362614e+02 -2.8927604839292223e+02
    -5.1353537513385326e+01 -2.7691427721825750e+02
    2.0526614142515217e+02 -3.4427217008530556e+02
    -3.8684365275726384e+02 6.4840858712321119e+02
    6.0268598724580485e+01 3.7664746608396831e+02 9.1871871317601688e+01
    2.1901410171878626e+02 9.6267382154459469e+01 1.2823520020423317e+02
    -1.2288701922014008e+02 -3.0136028027873283e+02
    1.6545164931778280e+02 7.2283060999287855e+01 1.2583085425828118e+02
    8.2707847287831228e+01 1.7404537507832379e+02
    -2.1368965735718018e+02 1.1596901320138916e+02
    -5.6631625102216788e+01 -5.1949669823050399e+01
    2.1748589076308946e+02 8.0150876606940287e+01
    -1.8196919725706437e+02 1.9794646314989638e+01
    -1.5776521454694020e+02 -2.1100028048245967e+01
    1.8876135670306394e+02 -2.3542246952424819e+01
    3.0310088705598326e+02 -4.2012774338390741e+00
    -1.2064745945600033e+02 -1.4933215379382483e+02
    7.7357464744117095e+01 -8.2213444158830754e+01
    -1.9193794412339511e+02 -2.2590137355142531e+02
    -2.2073236497067515e+02 1.5535080321962991e+02
    1.0476198424870107e+02 -1.8683657744136408e+02
    -6.5210639075814782e+01 -5.6419125331538147e+01
    -8.5528446419027404e+01 7.7723198783104380e+01
    2.4747010196347311e+01 -5.4133185826700057e+01
    7.8675363656968784e+01 -3.0516835444260458e+01
    -4.6970166944458818e+01 -3.2609528626884341e+01
    -1.3901821856962055e+01 -8.3410347708222602e+01
    1.3998934383376624e+02 -9.3978300341667182e+00
    -1.0313339444436937e+02 -1.3684775770560531e+01
    1.7300319279450797e+01 8.5727757033042778e+01
    -7.0177276768647488e+01 7.9290156642580962e+00
    5.0855266883381027e+01 -8.5681329684182941e+01
    1.5271874735031196e+02 -7.6867201485348488e+01
    1.1469156225676072e+02 1.8763183259600204e+01 2.8902208808120196e+01
    -1.4681791213057078e+01 6.7840535370070839e+01
    1.0794506855623288e+02 6.5551484891383325e+01 9.8534183936449892e+01
    -1.3092891596010332e+02 -1.2468228256935689e+01
    -7.6309503863978861e+01 7.3786133645132850e+01
    2.8657241001829327e+01 4.0391586235563636e+01
    -5.0819571944545586e+01 2.5928506949625067e+01
    1.7718185869284426e+01 -1.6572171772563415e+01
    -1.7117773201568394e+01 -3.5977528893876141e+01
    7.1218091278545359e+01 -7.9763492547983162e+01
    9.9664631040426457e+01 -4.6572396973345846e+01
    2.0045500407763875e+01 7.8333618909832936e+01 5.7170563338551908e+01
    5.1102981612802921e+01 5.5155496481517019e+01 9.6970173900399402e+01
    -8.9241224161567672e+01 2.2022475673351924e+01
    -7.9381654498222957e+01 -1.4997623438634480e+00
    3.8032726836721487e+01 -7.1116734647388125e+00
    -1.6449010296900987e+01 9.2134678035731326e+01
    -6.1018250765127434e+01 1.2557151292730040e+01
    2.1024489982360862e+01 4.3935429826074150e+00 1.6818128932333397e+02
    -4.8644012990884391e+01 6.0965587236300387e+01
    -9.2810363212579063e+01 -7.5843375979832842e+01
    6.4503281582750517e+01 -2.5852550064366529e+01
    -4.0803260009415915e+01 2.0599104261722356e+01
    9.9741583267559065e+01 9.9691870167410542e+01 1.7760870582387039e+01
    -6.0949134622295560e+01 -1.2012635177010571e+02
    1.4882459981430960e+01 -6.2385000113480572e+01
    -2.8903210262562084e+01 -4.0065358938853066e+01
    -2.4828833091063087e+00 9.3733475513593845e+01
    3.3172514654204363e+01 1.3573862640303711e+01
    -9.5298683581277345e+01 -1.7691808253985464e+01
    -4.4502950776585187e+01 8.0794833999969438e+00
    4.5175280669679289e+01 -1.3899462845200201e+01
    1.8631405297439564e+01 -1.0057505015134134e+02
    -1.0498538709429900e+02 -2.5797974648542066e+01
    -1.7288620809405181e+01 8.6158168702232288e+01
    -4.9422834731090248e+01 -3.0166462938490881e+01
    3.3401269254086195e+01 1.0768075955399379e+00 3.7275996581022582e+01
    3.1084503118055363e+01 -4.5078440526431187e+01
    -1.5039723223979859e+01 -1.1869912077383599e+02
    8.2570646880861176e-01 8.6720241474879785e+01
    -6.2371704034538631e+01 4.7389137059937099e+01
    5.1964979767651034e+00 5.1403368283907113e+01
    -5.8849087409773560e+01 2.7567998427648021e+01
    4.5540152719285636e+01 -4.7296633710345255e+01
    -1.4342362626173784e+02 4.5345741857272508e+01
    4.9389156566978674e+00 -2.3544494676556914e+02
    1.2693847345487978e+02 6.6001993159780255e+01 4.1527366838308302e+00
    9.0736073453894548e+01 9.7691455916782721e-01 7.3621798228362493e+01
    1.5645002058090004e+01 5.3720811805969674e+01
    -8.6108768823608148e+00 -7.4997973408236959e+01
    -6.6736193425960153e+01 3.9028478064968823e+01
    -5.3142506757713235e+01 -8.9888772737385366e+01
    8.3325970562521235e+01 -1.1918791262068218e+02
    -6.8130850949283172e+01 -5.4850162575407886e+00
    -1.4490138275263291e+02 1.7298617198219179e-01</data></s16_5>
</opencv_storage>
