<?xml version="1.0"?>
<opencv_storage>
<s16_1 type_id="opencv-matrix">
  <rows>200</rows>
  <cols>1</cols>
  <dt>d</dt>
  <data>
    -6.3213308189613588e+02 -4.4971885446627635e+02
    1.0280600252761253e+03 -7.2773122560471813e+02
    -1.4444279222179270e+02 8.8545857862305149e+02
    6.0638014331664840e+02 -3.3186449287886097e+02
    2.0759298968015369e+02 1.6308303891280852e+02
    -9.1456967369044726e+00 3.7987431611124492e+02
    -3.5222958200384289e+02 -4.8835563723801982e+02
    -6.9822643719615755e+01 -4.8097370111376318e+02
    1.4321003931849614e+01 -1.7856170773889068e+02
    -2.3184234526375755e+02 3.0949180344946825e+02
    2.2576316112908358e+02 3.4246890593666762e+02 6.6754196798183372e+01
    -8.5659939226995888e+01 2.2254292633709065e+02
    2.2742539756758211e+02 -1.5363428751928399e+02
    -2.3019142638572521e+02 2.8492801975277189e+02
    2.9104700540561936e+02 -8.1933948723390856e+01
    3.9991955575987582e+01 2.7560976609509430e+02
    -1.3734937678031284e+02 3.5788875030220112e+01
    -1.4086188611651514e+02 9.3728761230185675e+00
    1.7513798639715057e+02 1.2082587144560222e+02
    -3.5403953412893657e+01 2.4682139142972449e+02
    1.5262932038496248e+02 3.6199659956056820e+01 1.9777390036596501e+02
    -7.4103109434760853e+01 2.8560569712677722e+02
    -1.4596558806948116e+02 -3.9511664812618122e+01
    -2.6858673491860372e+02 2.7498102508252618e+01
    -1.0729830040088800e+02 -1.9920118882117902e+02
    -1.2612915406820473e+02 -2.5906275905161334e+02
    1.2346946301760350e+02 -1.3724817582928327e+02
    -2.3452601022837544e+02 9.2433212818949400e+01
    1.5366112393232864e+01 1.4902635232009972e+01 1.4825622828257664e+02
    -5.3490178166983753e+01 -2.3032816320897319e+02
    8.1369055280075088e+01 -3.7029518559895109e+01
    5.1342836412643805e+01 -1.6726146501361453e+02
    -2.1221034458866029e+01 -6.1325819550481157e+01
    -3.9028639588274913e+01 -8.0134108929047926e+01
    -1.9976990014092920e+02 7.6075011999701104e+01
    1.4972430850937283e+02 3.0157909743774707e+02
    -6.6439316488617919e+01 5.0310624662553742e+01
    5.7835753007803483e+01 -6.0095819279377046e+01
    -8.0327743578124299e+01 -8.0897632499822393e+01
    1.1929848087884022e+02 8.9134059157361946e+01
    -1.5188332598172880e+02 2.0001228823760876e+01
    -4.0785116659000614e+01 1.1188440693607978e+02
    8.8855222815070469e+00 8.2412065486986251e+01 2.8459382690033348e+01
    1.0228885532035346e+01 1.2067366366182252e+02 6.0671628042800499e+01
    -5.3088038814577153e+01 1.2296447131032894e+01
    2.7990232300901202e+01 1.1343939319792742e+02
    -1.2053681073049223e+02 -2.5715605959652677e+01
    -1.2037681240981374e+02 6.9054604819137666e+01
    -5.2287306649020422e+01 1.9710113967228096e+01
    -5.2624086160481689e+01 -1.0224634124046958e+02
    1.3507187060116888e+02 4.1080772342308443e+01 6.7867164069750658e+01
    1.4754404308774312e+02 2.6508631419870998e+01
    -6.5574875769659897e+01 -1.8016057305664972e+02
    -8.0027084031540497e+01 1.9827865570046328e+01
    -3.9457087573926856e+01 -1.2716959142817418e+01
    4.1752474289424612e+01 9.9571607505755395e+01 5.1842867673413068e+01
    1.5284087720818988e+01 -4.0945587194451775e+01
    7.4779541214964496e+01 6.2109086271314403e+01 8.9256258264941650e+01
    3.1950031414925718e+01 6.8963143295763389e+00 6.0405709566744967e+01
    -5.0410056210437318e+01 9.1379752585131470e+01
    -2.6477292875228468e+01 5.9826124123397726e+01
    1.5203298008584247e+02 -3.1800910815588708e+01
    1.6595073714949120e+01 -3.4605079768368228e+01
    -8.0568877658021748e+01 -7.3308399176079817e+01
    7.9754683475516714e+01 -5.5669962772691697e+01
    2.3665212155741088e+01 -7.5394587166338766e+01
    -1.0175158823790962e+02 9.0897104737282874e+01
    8.2661070879078608e+01 3.6895910891314649e+01 8.6702715111183295e+00
    -5.3157241397375614e+01 -2.0517486306184569e+01
    -7.4364620814600997e+01 1.1639944332705537e+02
    -4.9518256148960283e+01 5.7844190134332976e+01
    -8.3213002459601043e+01 -2.6464511575708951e+01
    1.6747536275256252e+01 7.4860112545161179e+00 8.4068536577389324e+01
    -5.7353118902542789e+01 1.6990461749608375e+01
    -4.4399539703442741e+01 2.9804459041329405e+01
    3.5348235443537206e+01 4.0350324704897382e+01
    -4.5209387789634100e+01 -6.9050659455096721e+01
    -1.8331886620173771e+02 2.5474268386312172e+01
    5.1533699141270269e+01 -3.6345511400643041e+01
    3.8574929315449751e+01 3.6952172443297798e+01 6.4131498812669570e+00
    -2.9205715838418193e+01 3.6151953513626665e+01
    3.7588569614113489e+01 -6.9541115144104083e+01
    -1.7248346495965129e+02 2.9778008872437979e+01
    -9.5278650026699747e+00 -1.3937929261453505e+02
    1.5353439740613285e+02 3.3801135396863224e+01 6.1691010881638341e+01
    3.4152216267807425e+01 -1.6764074284800042e+01
    6.9519908517342998e+01 3.6547506094484348e+01 8.2989859832850939e+01
    -3.6591610193105026e+01 -6.4800979034360594e+01
    5.2070541814376838e+01 4.1210415404759281e+01
    -3.8249425597730401e+01 -8.9003586523191188e+01
    4.1568545850149206e+01 -1.5247822809076575e+02
    -6.7126337920503744e+01 -5.7334863907024376e+00
    -1.4373420424274099e+02 -8.9713208954330914e-01</data></s16_1>
</opencv_storage>
