<?xml version="1.0"?>
<opencv_storage>
<s17_4 type_id="opencv-matrix">
  <rows>200</rows>
  <cols>1</cols>
  <dt>d</dt>
  <data>
    5.9935384631897921e+02 -4.9649993395472052e+02
    1.8055469213271346e+02 -1.4289223112752911e+03
    4.0781677463627551e+02 2.0288811752887887e+02 4.6770535810942539e+02
    -5.1036270047922909e+02 3.1351362549545644e+02
    -2.5782194811609128e+02 -3.4652023920420100e+02
    3.7951751416340414e+02 -2.6053404718238539e+02
    7.3097868403810068e+01 2.7358626413192900e+02
    -4.0248445192319008e+02 1.2496526710499566e+02
    -2.0546629235642817e+02 -1.9980594692676924e+01
    5.7223447498413339e+02 2.1286801611339695e+02 2.9794379281256926e+02
    1.0545337300050814e+02 2.8662270747081072e+02 2.2054568764352777e+02
    2.1280651763250404e+01 -3.8895192677423438e+02
    1.1970838382218713e+02 1.7773538604576643e+02 1.7551160516669547e+01
    -5.0008733914952984e+02 -1.3505897631897187e+02
    1.4895392340237177e+02 2.0301758776945650e+02 1.5118032600323758e+02
    -7.1253951988112917e+01 -1.5813680661953612e+02
    -5.6101520373197104e+01 2.2106264342900531e+02
    1.0350575970838662e+02 1.3636884167469015e+02
    -6.8929415938955472e+01 1.7180679231281754e+01
    2.2349258966575141e+02 -2.1697606571101724e+02
    1.0313007930912862e+02 -2.3638669975857491e+02
    1.1048319817091611e+01 -7.7422711353750202e+00
    1.2682445400000134e+01 3.1104628970281684e+01
    -5.7748889023788557e+01 -1.6491048007029059e+02
    -1.5423544737537753e+02 2.5631784597168655e+02
    -2.0746551352063253e+01 -3.1674846549042365e+02
    -1.0138156163908221e+02 -6.0178744026199311e+01
    -7.8519923546592835e+01 7.2646435412083534e+01
    -1.4895935974099925e+02 -1.4447034457325844e+02
    -9.6598453455000126e+01 -5.5659820999428106e+01
    -5.5314641147810761e+01 -1.0678747305911118e+02
    1.3689079482805440e+01 -1.5174361914641773e+02
    4.8889217750668600e+01 6.0606958573782510e+00
    -8.4131012132950971e+01 6.0238062876009771e+01
    -2.1535485876773020e+01 1.2665377532266272e+02
    -7.3982998474299222e+01 -8.8954984940590709e+00
    9.7692431000415041e+01 -9.2494379506487277e+01
    1.2613766140050265e+01 -2.4025818317618916e+02
    2.2170111696017941e+02 -7.6795820238127462e+01
    4.2645367496866655e+01 2.0911293074518547e+01
    -5.3243397264069529e+01 5.5946510713446884e+01
    2.0890312445416157e+00 6.0833902857425556e+01
    -1.1201417732312275e+02 -1.0631316625698318e+01
    -7.6574173468355056e+01 -2.6917542933772012e+01
    2.5653479539357559e+01 1.7446826783944712e+01 1.9445342681140758e+01
    1.7936628513265731e+01 -5.9499665451941617e+00
    -6.5119276795612819e+01 -7.7547690982575361e+01
    7.1716829499905401e+01 -3.8045667131655833e+01
    -6.5448697725797430e+01 5.6089059111571856e+01
    -8.0824188018308774e+01 5.3870876200194083e+01
    5.5560578575890922e+00 2.2983986567996610e+01 5.9592147124354284e+01
    9.1035947627355583e+01 8.2996555651685568e+01
    -5.6512333936111574e+01 -4.9468155936818626e+01
    -9.9010016463829643e+01 -2.5486037172375582e+01
    5.7265918198767043e+00 6.9522670303256731e+01
    -6.8797930644632128e+00 1.0083154820299596e+02
    1.4927377054733306e+01 -4.9894758523277922e+01
    4.7973207739087620e+01 -1.1351679060804630e+01
    8.8476502445939019e+01 -1.0561528010301429e+02
    1.9041325087641187e+01 -5.9206417031815107e+01
    -8.2222756866160466e+01 5.0054418925523819e+01
    -6.0487014758620397e+01 3.8959225359589928e+00
    7.2856282169191289e+01 7.2871171752253844e+01 3.1520324113862028e+01
    -3.5566545365951193e+01 -5.8804307249012439e+01
    -6.5517328410941829e+01 3.8062645053423601e+01
    -2.4217609508520187e+01 -1.8912776095848542e+01
    -3.3697534536133894e+01 -3.4599996657227031e+01
    1.2056424274421605e+02 3.1180113841644800e+01
    -1.1699204782374201e+01 -3.7020123362819383e+01
    -8.8573306943870023e-01 -2.3597979134242497e+01
    -7.4213003934966906e+01 1.3956293573616529e+02
    -5.7826922155235330e+01 3.7944782564984351e+01
    -7.0483156202969994e+01 -3.4509899191827479e+01
    -1.5149675658262266e+01 6.2904366019374551e+00
    2.2254978593768271e+01 -6.2697645890652964e+01
    -4.6994500865126227e+01 3.5244860020330142e+00
    -4.7483229632954158e+00 2.1191183227911615e+01
    6.5637323463026405e+01 -2.0084871450767778e+01
    -2.3242366874373730e+01 -1.2665009202173168e+02
    4.0609408237123482e+01 1.1840542361469170e+02
    -4.2501794330587316e+01 3.6320491503752407e+01
    5.2541201492604188e+01 1.9928470707457482e+00
    -4.3475887691542148e+01 1.4715994123382295e+01
    5.8769701258200008e+01 -8.6237484402207755e+01
    -1.6171430439132828e+02 3.2079251559678369e+01
    9.7722994406919685e+00 -1.4022535960034003e+02
    1.4736203078942162e+02 6.0362234566938092e+01 7.2502743088029973e+01
    4.8805194324580100e+01 -6.4610406776126590e+00
    8.2700020167558904e+01 3.1960042585895554e+01 8.0225504355043441e+01
    -3.1886470670752040e+01 -5.3410827627511239e+01
    6.1060201668903389e+01 7.9414380364653155e+01
    -3.8352103012507357e+01 -7.5195143035078289e+01
    8.2467968724370877e+01 -1.6381779115069543e+02
    -7.5807712604539546e+01 -7.7594839594923741e+01
    -2.7181356343973772e+02 -1.9410582768386956e+01</data></s17_4>
</opencv_storage>
