<?xml version="1.0"?>
<opencv_storage>
<s17_3 type_id="opencv-matrix">
  <rows>200</rows>
  <cols>1</cols>
  <dt>d</dt>
  <data>
    4.6404555971925572e+02 -5.5748520496219408e+02
    2.3307242983726780e+02 -1.4436666589920876e+03
    4.9200842319627725e+02 2.6022492213657733e+02 4.5279176096013816e+02
    -5.0033562778331407e+02 3.0550816814330182e+02
    -2.6113665481182363e+02 -3.4220937281538801e+02
    3.6653132203998291e+02 -2.1994538366892550e+02
    5.8255098931752656e+01 2.5267943974524857e+02
    -3.7912476181751333e+02 1.3428814384549415e+02
    -1.6104379482608425e+02 -5.6413012491948237e+01
    5.6325253526171775e+02 2.4126205514565387e+02 2.8940344511802681e+02
    9.8199133231887203e+01 2.7311984682257378e+02 2.3717077025807305e+02
    3.2140447242906383e+01 -3.9647047503014403e+02
    1.1194939884130112e+02 1.6511004566840856e+02 4.0693197118609817e+01
    -5.2098446097675571e+02 -1.4439005818035540e+02
    1.5332676696056788e+02 1.8215630268279685e+02 1.3135734660098251e+02
    -4.2839643354452100e+01 -1.7051435375924967e+02
    -5.3507620519120117e+01 1.9656393412732993e+02
    1.1026383207390572e+02 1.3153442891324144e+02
    -5.7829826657802670e+01 3.6938114282896905e+01
    2.6057408553573686e+02 -2.4615267955423829e+02
    9.6988396921963613e+01 -2.2009719636706399e+02
    8.4338211120497260e+00 6.3853419668799996e+00 2.4856299885518979e+01
    2.6782091978044181e-01 -6.8139736797719976e+01
    -1.8964607141850942e+02 -1.4440478135474979e+02
    2.6715903637739922e+02 -6.9006052792907973e+00
    -2.9487747794996574e+02 -9.1006262034566177e+01
    -8.2082120405703890e+01 -1.0203088604788128e+02
    9.2477460805425693e+01 -1.5590912686595647e+02
    -1.2620157420610678e+02 -1.0782019109627740e+02
    -5.3394896148558864e+01 -5.0997365596338419e+01
    -8.8543509848810587e+01 -1.2765607620669110e+01
    -1.4896759780131495e+02 4.4957104627999115e+01
    -2.4546477299892551e+01 -1.0827021987868422e+02
    8.1257682443676217e+01 -3.1125845485988922e+01
    1.3868376305048767e+02 -7.8997034605016822e+01
    -4.6044283368235043e+01 7.3008524668608132e+01
    -7.2517458282724547e+01 1.2158719892168730e+01
    -2.2941218555019671e+02 2.3617232286135049e+02
    -8.6689227998143338e+01 3.7290750528274363e-01
    2.2509649781774694e+01 -6.5532323111593584e+01
    6.4977888485048098e+01 2.3619052820348131e+01 5.6433569247653359e+01
    -1.2820085810187501e+02 2.3667085939420684e+01
    -4.9485865972095816e+01 -1.4602052536586392e+01
    5.1889051521600202e+01 3.0342800703424224e+01
    -9.0189643892368405e+00 4.2274865673631430e+00
    -1.9951998196225510e+01 -9.7908495003260285e+01
    -1.0429319190588217e+02 7.1568739989065676e+01
    -1.7011016703822644e+01 -5.7780445907328641e+01
    2.9934090088185108e+01 -8.8647702551007981e+01
    6.2901376616313826e+01 4.4970266357276714e+00 3.8006301847522892e+01
    7.1491245101108746e+01 1.1156566367077306e+02 6.1012090047935757e+01
    -1.2357951344517615e+02 -6.1694545302782707e+01
    -1.1129005116137526e+02 -4.8877534296374236e+01
    6.2981540883501275e+00 5.9750874332569261e+01 1.6364053249853314e+00
    1.1385133047225108e+02 -1.4765197998379090e+01
    -6.5332800608955864e+01 6.2858828640198524e+01
    -7.8134760126237115e+00 9.6336554014507854e+01
    -9.7590896948475248e+01 1.0843675185533233e+01
    -8.1926717133526054e+01 -7.2408408227429760e+01
    7.0057389902689167e+01 -6.1365340894170949e+01
    -1.7459025431616809e+01 4.8210784885312179e+01
    7.5102607231869356e+01 5.5749722564517768e+01
    -2.1193186867908217e+01 -5.6532338778944165e+01
    -6.0482966802056772e+01 -6.9506560170794582e+00
    -4.5709598976943555e-01 -7.7014997254719040e+00
    -3.6041396400662585e+01 -1.3559058027718557e+01
    1.0025210924152077e+02 3.1415260428020577e+01
    -3.0322988534603240e+01 -5.0271818904084661e+01
    -2.4412785946942419e+00 -3.3986754647579906e+00
    -9.0329992822369874e+01 1.2663841821298595e+02
    -3.2604727567235692e+01 2.3346155840447349e+01
    -9.7041570054865005e+01 -7.4481549308952722e+01
    9.6602652064922303e+00 4.1788879950996005e+00 2.6916219378286094e+01
    -7.8047409016146645e+01 -5.7019751579831869e+01
    -2.6694046678883890e+01 1.2247939983567251e+01
    7.6078338516261095e+00 5.2550205725924144e+01
    -3.4851692410904505e+01 -2.6113835807685351e+01
    -1.1957015576838410e+02 3.8665565108008195e+01
    1.1274730300445506e+02 -4.9958440555065025e+01
    3.4298258953220561e+01 4.4870862249672534e+01 2.0423383645058642e+01
    -5.3478028955893876e+01 3.1979194663471933e+01
    5.5792441018981108e+01 -5.5189284239726859e+01
    -1.8827392246795080e+02 5.1270415934635245e+01
    1.3341212931687453e+01 -1.5162034895801986e+02
    1.7719369209075785e+02 4.8984979981054487e+01 7.5294761741508410e+01
    4.4628633575377172e+01 2.9871605201932669e+00 6.7601910010384756e+01
    5.2949263974146035e+01 5.8563439610774601e+01
    -3.3731253249455150e+01 -4.3541663467619664e+01
    5.6168538939902973e+01 3.6046700612002425e+01
    -3.3882851613465029e+01 -9.7879459319889648e+01
    3.6197644538753785e+01 -1.4719781284358922e+02
    -5.2929080727755824e+01 7.0015884749503968e+01
    -1.6412665432546458e+01 2.3549817908183140e+01</data></s17_3>
</opencv_storage>
