<?xml version="1.0"?>
<opencv_storage>
<s17_5 type_id="opencv-matrix">
  <rows>200</rows>
  <cols>1</cols>
  <dt>d</dt>
  <data>
    -4.7521293787304728e+01 -1.1225358117954077e+03
    9.1756090447521149e+02 -9.3736565451778904e+02
    6.9457639085703477e+02 5.1114407178485982e+02 1.9579767475200916e+02
    -4.5351422659835936e+02 2.7756556295710715e+02
    -1.1666816375788981e+02 -5.1112960965706145e+02
    2.4892799399521721e+02 -2.9326137622485385e+02
    -4.6368892925311663e+01 3.3033786470584636e+02
    -2.8327185033922092e+02 1.8727115950908941e+02
    -3.5612119043881108e+02 -1.7348228776636807e+02
    4.0889728905086321e+02 1.8404070151249098e+02
    -2.7085521255940272e+01 9.2124217771162890e+01
    1.7577073382924547e+02 1.1551907376607114e+02 1.0777738901953643e+02
    -2.8940957994542117e+02 4.7444284365498469e+01
    -1.6340968812065407e+02 1.9019669247147627e+02
    -3.3095494639920315e+02 -5.0360213382964979e+01
    -2.9306714966580323e+01 -1.0864654426200235e+02
    -8.8837876070290083e+00 -2.9881754028082139e+02
    -3.5511832509804684e+01 2.3437807474671672e+01
    2.0340300735232208e+02 -3.6617049833096353e+01
    1.8905411343452972e+01 -1.6812418346688838e+02
    7.0552559063615249e+01 6.3708491355749928e+01
    -2.8923860480569135e+02 2.6091806765458188e+02
    3.8816491490457722e+01 -4.0232460908328868e+01
    -1.1186575328158121e+02 -1.1376658845449703e+02
    7.2269570744110894e+01 6.2069171231755007e+00
    -9.5908795354884205e+01 -1.9313348902310804e+02
    8.9128500934384491e+01 7.9067356685040025e+01
    -4.8079890362574993e+01 1.2400380094557606e+02
    6.3202305314891859e+01 -5.8177856248943598e+01
    1.3126904726494658e+02 -3.3236103961609132e+01
    -3.5370874284028865e+01 -1.7240630329751827e+01
    9.3064447485311959e+01 -7.9194728961455851e+01
    -1.0731221239335594e+02 -1.1863499448361127e+02
    -1.3123063757282210e+02 6.3531481815360088e+01
    -1.1125637969151661e+02 -6.6651181399753341e+01
    1.0024067325608833e+02 6.5171503565263663e+01 2.6625554223288802e+01
    -1.4951177444426006e+02 1.3274317914583406e+02
    2.0177468350732840e+02 -3.5148775514882207e+00
    4.7898398497625784e+01 -1.3318355307227446e+02
    4.2185332972546568e+01 6.3181623274343977e+01
    -1.3929714417547476e+02 6.8835151928347429e+01
    -2.4950374990021430e+01 1.0932296171506397e+02
    2.7429125782556081e+01 4.5671422961673180e+01
    -6.1391408576775845e+01 -1.2128462090063083e+01
    8.7164763564930787e+00 -8.1217408898801278e+00
    -5.4331196319912110e+01 4.6531704723112384e+01
    -2.4579747710576427e+01 1.9947242116446336e+01
    -2.1658090925456552e+01 1.7703229866981708e+01
    -1.0682687276462913e+02 8.5301528840390304e+01
    -3.4305423385472984e+01 5.1416615592976866e-01
    3.1118593032780641e+01 -3.4104309592429608e+01
    1.0099322189091330e+02 7.0601922536170846e+01
    -5.6179418503338120e+01 3.0977280214257071e+01
    3.8355990468992026e+01 9.1741343098790708e+01
    -9.9018204290601929e+01 -6.0831006593702504e+01
    -8.3821517660441629e+01 1.2542278914449739e+01
    2.6216832628728177e+01 5.8757824606507683e+01 1.6408610431762494e+01
    4.2866859223481356e+01 -1.5829234444393798e+01
    -2.5727108682040210e+01 1.1300555173245154e+02
    1.3340236969971761e+01 1.4044622556135965e+02 1.8571024294188597e+01
    6.4044195855158549e+01 -3.5160990954689218e+01
    -9.8767880077193780e+01 9.4842690134398453e+01
    3.8998432011071178e+00 -1.8852538425214050e+01
    2.8137805222295189e+01 7.3092752844502215e+01 3.4734717167759648e+01
    -5.7881295091502274e+01 -7.2958754356386478e+01
    -1.2687908950937469e+02 3.4426086564528497e+01
    -4.2111787349600604e+01 -3.1711924221160551e+01
    -5.5375128084478810e+01 -6.5996716245559483e+01
    1.1949097260993028e+02 3.5772616798611793e+01 2.9610407479339617e+01
    -6.4559670397942924e+01 -2.4865980764864656e+01
    3.7934939847299184e+01 -5.6405356965618580e+01
    6.1318263136415013e+01 -6.1427140227938594e+01
    1.7902477715381835e+00 -9.4274720463159909e+01
    -7.9260462812897956e+01 -1.3382698308233945e+01
    1.6945977606451507e+01 2.9081332531508821e+01
    -5.4864053651088156e+01 -3.4752660701144791e+01
    -2.5344562028071554e+01 -3.6249772995066103e+01
    3.0464792662718048e+00 2.1704852119226580e+01
    -3.5536053450304038e+01 -7.1259328760988396e+01
    -1.4119665104627879e+02 3.2672793136283666e+01
    1.0876438329102788e+02 -1.4744339497012207e+00
    6.1184383132333338e+01 1.8944991876864727e+01
    -3.0296557360335342e+01 -2.9331898895094184e+01
    1.2510662245115554e+01 5.2675992238766121e+01
    -9.7587851518591506e+01 -1.6642292231669205e+02
    1.9923566789852398e+01 3.6162885558361083e+01
    -1.3057489934752860e+02 1.6476605259788388e+02
    4.3610306389559213e+01 5.8465186073518261e+01 9.9153871283065527e+01
    -3.1372654772009092e+01 1.9132250012430738e+01
    4.0663897608487574e+01 2.2345016793221948e+01
    -3.5824257731313094e+00 -9.9028288334729396e+01
    2.2110003968330183e+01 2.3705551904838032e+02
    -5.4995138272541837e+00 -7.8101542034880651e+01
    4.2844478629388277e+01 -1.4054972348291750e+02
    -6.4000734314561072e+01 1.1257181846449620e+00
    -1.3120593792759192e+02 1.6155261024860049e+01</data></s17_5>
</opencv_storage>
