<?xml version="1.0"?>
<opencv_storage>
<s17_2 type_id="opencv-matrix">
  <rows>200</rows>
  <cols>1</cols>
  <dt>d</dt>
  <data>
    2.1914964840295016e+02 -1.0878487092084895e+03
    8.9774500122004702e+02 -9.7511396077326572e+02
    7.8073937378805795e+02 3.0690520826241936e+02 1.2747844833422680e+02
    -4.8636933275600853e+02 2.8091302243281251e+02
    -5.4856927220030812e+01 -5.5155356876001736e+02
    2.5473560781373135e+02 -2.6975414136269205e+02
    4.4592007856455327e+00 3.6711503438353151e+02
    -2.4034351212254242e+02 1.1983595809805905e+02
    -3.6466793667798896e+02 -1.2341424277527304e+02
    3.8601597136562481e+02 2.9964825637273611e+02
    -6.1778979708108025e+01 1.0143335436213212e+02
    2.0310078165272566e+02 1.4908142226185248e+02 8.9852019451079315e+01
    -3.1435730064747855e+02 6.8665589364223024e+01
    -1.7337727667505607e+02 1.7979180124285571e+02
    -3.4712766644608280e+02 -9.9507335105188261e+01
    -2.6012851277969929e+01 1.2645700428479206e+01
    -1.9498767145358666e+00 -2.3188028360619626e+02
    -2.6049912658563301e+01 7.1965069803128955e+01
    1.6595012681307338e+02 -3.8916847162672184e+01
    -7.4509512185953483e+01 -1.7969772536065963e+02
    1.3638242666512710e+02 1.2304713248044355e+02
    -3.1914293637453699e+02 1.9963867153645580e+02
    -8.1440367351841552e+00 -1.5349705534137328e+01
    -1.2265861767328607e+02 -3.6395538370897960e+01
    -1.1441541156281534e+01 2.2783644457453175e+01
    -3.8419516250004072e+01 -1.7678605297753157e+02
    7.4579846508531887e+01 2.5544142769209746e+01
    -3.5041818602971965e+01 6.3087101444426011e+01
    -2.8303502549235493e+01 -9.0457651386051893e+01
    5.6465606518194441e+01 -5.7295418826169715e+01
    -1.3393847931737156e+01 -2.4116805952596337e+01
    4.1875200675588459e+01 -3.9826495105299458e+01
    -7.0790327110629804e+01 -1.4158955214183936e+02
    -1.7137115881284674e+02 -1.2532938525619469e+01
    -1.5615302976618034e+02 -1.3457550203657348e+02
    8.8782159918939982e+01 3.3644776938812377e+01 8.8317680311717666e+01
    -2.0910681367389276e+02 2.3067401590086856e+01
    1.4593156736206038e+02 1.4268845469549884e+01
    -1.6325454081626123e+01 -1.5066466785298081e+02
    8.1125762596711439e+01 4.9848090832447340e+01
    -1.4734706493979229e+02 8.2574812132305539e+01
    -6.0841438658246600e+00 8.8384018418765990e+01
    7.0663964375906517e+01 -4.9850133130224677e+01
    -5.2182718949027105e+01 4.3856643587078317e+01
    2.9985000002351615e+01 4.8263051644581132e+01 1.4421057407616569e+01
    -8.0370812305785506e+00 -7.8416556224482017e+00
    5.5910970494546653e+01 6.3435564158800677e+00
    -2.2147332276554216e+01 -1.0728107766189592e+02
    1.8128039843723467e+01 5.9892268338320678e+00 1.5904863975442932e+01
    1.5186642909915905e+01 -8.5677991214796108e+01
    9.5916519377956575e+01 5.5353517801641779e+01
    -6.9575418891564746e+00 9.0178748864930498e+01
    3.8897880553048950e+01 9.7725168057677596e+00
    -1.3736087919954130e+02 -1.9364194924194809e+01
    -4.7055184295736829e+01 -1.0820896726011293e+00
    4.8816293397732604e+00 -8.2591790556788443e+00
    9.2995602113265718e+00 -2.4003217539103890e+01
    -5.2807399771839407e+01 -5.4753626312929981e+01
    1.0564335081298185e+02 -2.2161207530339873e+01
    1.2659680463415140e+02 4.8395359887983467e+01 5.1531520421376849e+00
    -6.1062762805390498e+01 -8.9193724385539028e+01
    7.1884948515240879e+01 -1.2229452667253275e+01
    -9.7433084694316577e+01 5.0551840249852248e+01
    6.8049835256380234e+01 1.0481250746493251e+02 6.4248251191890361e+01
    -8.3898612947238774e+01 -1.6746783253800521e+02
    -3.4244373234335100e+01 -6.3217878618919038e+01
    1.8425113411449694e+01 -5.4023279111404307e+01
    -5.9190444110698174e+01 5.9920443749168101e+01
    6.5799674192750956e+01 -7.3893537528577880e+01
    -5.2769233002307786e+01 -8.8346704695812790e+01
    7.4401278470707609e+01 5.1896239482801420e+01 5.0990620235047352e+01
    4.6878629618287393e+00 -7.3569045450990814e+01
    -1.1646978701386945e+02 -6.6130232231545406e+01
    -7.8552325520064144e+01 7.1558489444851105e+01
    7.7003668824925526e+01 -3.1406035541378056e+01
    -5.6716372553689851e+01 4.7921104116175727e+01
    9.1634337086394861e+00 -3.3000439296645801e+01
    3.9960347437239349e+01 -2.2718950705713713e+01
    -9.5651090400424976e-01 -1.0442512174446131e+02
    8.7069560905383980e+01 9.7872379410354384e+01
    -3.5385567961919364e+01 1.0303924033331981e+02
    5.5299408396549794e+01 3.6603843774543371e+01
    -3.0332274501969593e+01 6.2475037856917574e+01
    2.9243452279997516e+01 -2.4081072869595094e+01
    -1.5901492727109800e+02 7.0819903691244008e+01
    4.9273556928131077e+00 -1.5662201260888381e+02
    1.1820532282253153e+02 6.1314953426990016e+01 1.8636634672006110e+01
    4.2910018230376579e+01 -2.2846674360509418e+01
    1.1611392444409624e+02 5.4570837767627324e+01 9.3476868831210311e+01
    -4.0918768006907030e+01 -7.5412886796325225e+01
    1.1586259040460061e+02 -2.9911291836756998e+01
    -5.4386549711979995e+01 -8.0670201501204090e+01
    5.8925646400814585e+01 -1.6872444909103285e+02
    -7.2902176886106560e+01 -5.9264782741373239e+00
    -1.5709976872378894e+02 -9.4676270056495504e+00</data></s17_2>
</opencv_storage>
