<?xml version="1.0"?>
<opencv_storage>
<s17_1 type_id="opencv-matrix">
  <rows>200</rows>
  <cols>1</cols>
  <dt>d</dt>
  <data>
    -2.2995686542259838e+02 -9.6619486797191598e+02
    8.3206473427438743e+02 -9.5792832561801083e+02
    6.7437775054953909e+02 5.1862996686139320e+02 1.4412518927475998e+02
    -6.1367734574460758e+02 2.4666234195258679e+02
    -2.1458626764953470e+02 -5.4569736507909818e+02
    3.5858263842916978e+02 -3.4068007379540700e+02
    -7.7054209720428176e+01 3.9502990706847686e+02
    -3.0511155760331570e+02 2.7875871637859166e+02
    -3.3504122997157617e+02 -1.6611485188231811e+02
    3.1888787223556250e+02 1.2106209172630743e+02
    -1.0899332453089240e+01 1.2435490503285983e+02
    1.5977987030892982e+02 9.9766197088552602e+01 5.9049002322790884e+01
    -2.5950567066104895e+02 8.1739303473800973e+01
    -1.9553507285610641e+02 2.0982774460060270e+02
    -2.7943227572134640e+02 4.3427929404903246e+01
    -1.4695771944577352e+01 -1.3499087706264703e+02
    1.2379380686462719e+01 -2.7777672925052218e+02
    9.8801660344309809e+01 1.0326560892436679e+02 1.2694637856134685e+02
    -5.9888903757511251e+01 7.6282019092362475e+01
    -2.0208778621802571e+02 6.1178099787069328e+01
    2.0406902250010010e+01 -2.0256450101802312e+02
    2.8363816473410395e+02 1.2915524478890126e+02
    -4.4682701532687460e+01 -9.0993049703064983e+01
    -6.2615843850628494e+01 1.3182125149341061e+02
    1.4308518717557399e+00 -1.7210402859838072e+02
    -2.0061362273941930e+02 1.4622920945541529e+02
    9.6029198141755771e+01 -3.9234483066015017e+01
    1.1054088221481483e+02 7.2861665488142719e+01
    -8.9868616431478046e+01 1.6625096009777826e+02
    4.3624194877111314e+01 -6.0302593406182874e+00
    4.9669585400313800e+01 9.6226301690614250e+01
    -1.3450676642203979e+02 -1.5633093776245329e+02
    -3.8819115959584011e+01 -1.2255971171522803e+02
    1.6547043266343701e+02 -7.0204174056217909e+01
    6.8685256693460168e+00 1.2199724031953832e+02 9.5299296824423294e+01
    -2.0467389108464886e+01 -9.7047522475158857e+01
    1.2266561856631427e+02 1.9752077503718195e+02
    -9.5696612790119886e+01 5.7441615001948179e+01
    -1.2634581517560878e+02 5.6748938576477777e+01
    6.4562678813491232e+01 -1.3115543768296314e+02
    1.7824334912495690e+01 1.8053144663675969e+01 9.5532715971127644e+01
    1.3778393122917554e+00 1.5125254586094499e+02
    -3.4884591342884661e+01 -3.1675007934153221e+01
    -4.3468044628024494e+01 -3.7411420729745721e+00
    1.4722713556280333e+01 1.0168535753073394e+02 3.8037171505726150e+01
    1.1051337510321121e+01 -1.3414556317931701e+02
    1.4206136565967071e+01 -6.1387425777995311e+01
    7.6580630943981660e+01 -1.6182333002315112e+01
    -8.5253754832152779e+01 7.6498670271819620e+01
    -3.7241831086357699e+01 7.1959571723225380e+01
    1.3416369808853542e+01 -3.0656468764136974e+01
    -1.1479652018610787e+01 5.2486308129991734e+01
    4.2020607034710856e+01 -3.5542389212935682e+01
    -1.2491797386291483e+02 -6.8202894616226473e+01
    -2.4066968967699616e+01 3.8135475887824946e+01
    5.2265586662265797e+01 2.0075680084922286e+01 9.5482385187283313e+01
    7.6213109864011784e+01 -2.8675569372625116e+00
    2.8088068484492460e+01 7.7577571450995904e+01 1.5604135481259584e+02
    -5.0631630856362150e+01 5.8451229157199791e+01
    2.1143837812265076e+00 -6.8649223587665702e+01
    3.9052994127733378e+01 -3.7823286629588580e+01
    1.5488407450191833e+01 8.2142556232432540e+01 1.5273354323601677e+02
    1.1003776828379499e+02 -2.7391104730002816e+01
    -2.2841769340513356e+01 -7.9106152484839242e+01
    5.3681833908472726e+01 -7.2345622124642574e+01
    -8.8704708903829200e+01 -2.9182185631206067e+01
    -1.5026347980381761e+01 1.4918911339913313e+02
    7.3080259412455774e+01 8.0368479403363651e+01
    -1.3481488812813467e+02 6.4576085185149395e+01
    -2.9849769672518644e+01 -1.3423624205162281e+02
    2.9244932843721219e+01 -9.2250058653287397e+01
    7.4704721837961173e+01 -6.8950739104057694e+00
    -3.0366684856806710e+01 7.8325772296429776e+01
    -5.0971071414718423e+01 1.7564376035528515e+01
    -8.6237142882019796e+01 -3.4314438269129084e+01
    -2.9239967640513715e+01 -2.7410714699132367e+01
    6.8095040802846185e+01 4.2496945258804260e+01
    -5.4368191621191350e+01 -8.5057137445896245e+01
    -1.0947035553495527e+02 1.8694415273988543e+01
    5.4161985480393348e+01 -3.6581305563962509e+01
    7.3225422063351617e+00 9.6957037719015119e+01 7.8184413001541017e+01
    -4.1169990668424731e+01 3.7316476864501631e+01
    3.7471287225877859e+01 -6.2173277969428142e+01
    -1.5658186575515674e+02 5.3709304098721191e+01
    2.0863298452405235e+01 -1.5734304279486403e+02
    1.6240510370426833e+02 5.2021180347319905e+01 8.2472878716827807e+01
    4.1444946590231794e+01 1.9857493753531305e+01 7.0306644433437810e+01
    5.8747746288129989e+01 1.0641449611797651e+02
    -7.7244003035759889e+01 -4.9446958121145208e+01
    7.1645568102459819e+01 -3.0672841301305620e+01
    -5.0242675354923470e+01 -8.7008992039282674e+01
    6.3578543569038921e+01 -1.7976694764285034e+02
    -6.7653772226028764e+01 -1.2950156982528945e+01
    -1.3491013734711876e+02 -9.1511202407063621e+00</data></s17_1>
</opencv_storage>
