<?xml version="1.0"?>
<opencv_storage>
<s18_2 type_id="opencv-matrix">
  <rows>200</rows>
  <cols>1</cols>
  <dt>d</dt>
  <data>
    -2.2089310415362633e+02 -1.4060309720240639e+03
    7.9263845488938159e+01 -6.3801476198502667e+02
    4.0619643058634540e+02 5.9514857384883578e+02 4.0970089337146123e+02
    1.3698227609042743e+02 -5.1955289995759813e+02
    -6.4975495941093527e+02 -2.3727282002166504e+01
    -1.8728802373644535e+02 -1.3584387023408678e+02
    3.8319611361323649e+02 1.7528258294151411e+02
    -5.7197182461361672e+02 4.2700132500927339e+02
    -9.2540964171428442e+01 2.1065589394006642e+02
    4.3480056889858446e+02 -4.7727275999566707e+00
    -1.9496654084606843e+02 2.6615056971174761e+02
    2.0246435607192205e+02 -7.5990835097259202e-01
    4.0828274999172055e+02 -2.4659288583049491e+02
    1.2089511605131366e+02 1.6370512847101389e+02
    -4.3490048592088243e+01 -2.4539876298499235e+02
    -4.9621043911165842e+01 2.5412748292197645e+02
    1.5662956810610171e+02 6.1498873643172516e+01 5.7304553702701774e+01
    -6.0831095781357654e+00 5.4995142062153938e+01
    -1.4107261794792524e+02 2.2226146038957332e+01
    1.1299975035240318e+02 -2.4728105671262224e+00
    -1.7394879226031486e+02 7.1275605552228186e+01
    -4.7877369720885248e+01 2.8511433942952186e+02
    1.2525355902520371e+01 2.4553706729758645e+02
    -3.1293846312128405e+01 3.9418729206747088e+01
    5.1348486961818978e+01 -2.3917142794315378e+01
    -1.6409744145620459e+02 -4.0635059010468893e+02
    1.1018807964368551e+02 -3.7125506849571643e+01
    -3.1144012682771910e+02 -9.3436303880693984e+01
    -1.7730961662937244e+01 -1.8907696743282060e+02
    -7.2534072191716774e+01 3.3113800852495899e+01
    -9.3112201327548689e+00 1.6409357818946198e+01
    -1.1896512290100547e+02 3.8786248721531024e+01
    -1.5060029202241799e+02 -3.0433171504899708e+01
    -4.4692769492139902e+01 -9.0037591688677709e-01
    -2.6026101511306486e+01 -1.4520459509069460e+02
    1.3840843745860074e+01 4.7122407490131437e+01 1.3044853362635311e+02
    -1.6227629429068719e+02 6.8577284002410238e+01
    1.3069259324997063e+02 -3.8120625377302488e+01
    7.7047054561776164e+01 -8.1861471949202283e+01
    7.4874766064046213e+01 3.6278054258892887e+01
    -1.6113996283278851e+01 -7.7768375246933005e+01
    3.9886596674145608e+01 -2.1818186120821327e+01
    -1.5759037986054237e+01 4.7407675937261658e+01
    -8.8851422131123726e+01 2.4228142071410360e+01
    1.6442748948315986e+00 3.4510322024220812e+01
    -8.5512787447927519e+00 3.8453109434015296e+01
    5.3381650891477834e+00 4.4158515354594968e+01
    -9.3300285919753847e+01 -1.6669469855481108e+01
    -5.6994333284656882e+01 2.9139055287334266e+01
    1.6810944272189637e+01 -1.5146734112985481e+01
    1.0529328515969547e+02 -7.0737231553683799e+01
    -8.7732598242527100e+00 8.5289133730352347e+01
    7.7136630881640187e+00 2.9406700826866956e+01
    -4.4418872423397204e+01 1.2167137414750088e+02
    -1.4688405725376469e+02 -1.3700977959324476e+02
    -3.3063749874608185e+01 1.0900920986986347e+00
    -5.1614722485484155e+00 4.1926854610562536e+01
    4.5426614966150510e+01 3.1893171676200311e+01 4.2468006988271306e+01
    -1.0889977296307177e+02 6.1306556651291807e+01
    -2.8404717114321258e+01 1.1661856376115644e+02
    4.9811659946035380e-01 -4.9928736088109289e+01
    -6.5209037286876139e+01 -9.8744602267031894e+01
    3.3334949081919390e+01 2.4399615580648778e+01
    -7.0000402341855775e+01 1.0064835095111832e+02
    8.8460451005055262e+01 1.4165007914598976e+02 3.8641731266297256e+01
    -1.4348578971415077e+02 -1.0687272548040566e+02
    -2.4546150855117922e+01 -8.7534663736827170e+01
    1.1411063851072166e+02 -7.4679463973620202e+01
    1.6298469992022184e+01 1.1529352939947344e+02 1.5041106570036470e+02
    8.8453229914066739e+01 1.0565892824323521e+01 1.0632498746384259e+01
    -1.9857176449632526e+01 -6.2135539625251660e+01
    5.3620894438166488e+01 -6.4510626393976665e+01
    -8.7163468159835999e-01 -1.2125288670144126e+02
    -1.3746801538116648e+01 4.2114532657072466e+01
    6.3859021572300868e+01 -4.1449497992119035e+01
    -4.9387618908526520e+01 -5.5362827682258612e+01
    2.0228817894012128e+01 -3.8911622219043949e+00
    8.5711775560547821e+01 5.9515264335385304e+01
    -4.2830458002321787e+00 -7.5307447194498423e+01
    -1.2843917383857504e+02 2.3704219810614592e+01
    6.1234192539266125e+01 2.8659392793445441e+01 7.4820652887221115e+01
    4.3521229006787529e+01 4.6924378859114213e+01
    -4.7186786733627017e+01 -1.3731097605518009e+01
    1.4013907041021753e+01 -5.5861480226440513e+01
    -1.7645472656600344e+02 3.3845864146094051e+01
    2.2906306282702474e+01 -1.4338645880131924e+02
    1.5583255576753007e+02 6.2282143779353447e+01 6.4333044754656044e+01
    8.7244639226824219e+01 9.3842568862506592e+00 8.5325207266887503e+01
    6.3462718101602938e+01 7.1522509314799748e+01
    -3.8838316687322816e+01 -7.6814150224630623e+01
    6.5431270600782966e+01 7.5678195427949333e+01
    -5.1217385603729433e+01 -8.0440919817364886e+01
    4.5183749632804904e+01 -1.5734584560133666e+02
    -7.0127095499871757e+01 -8.4874320476528080e+00
    -1.3559648804880072e+02 1.3042029519485883e+00</data></s18_2>
</opencv_storage>
