<?xml version="1.0"?>
<opencv_storage>
<s18_3 type_id="opencv-matrix">
  <rows>200</rows>
  <cols>1</cols>
  <dt>d</dt>
  <data>
    -3.8572957022905769e+02 -8.4833634378211548e+02
    -7.4144319165969216e+02 -1.1818584933515231e+03
    -1.0895600173019768e+02 5.6213049558371483e+02
    -4.0970215463854606e+02 -1.3044501970134488e+02
    -1.5494078813199465e+02 -2.2120360663803808e+02
    -8.1779181091905187e+01 2.5994647641216244e+02
    -2.8476142269227040e+02 -2.1586437559835386e+02
    5.7649708785094795e+01 -2.3315828119642603e+02
    3.5609042927732190e+02 -5.6091372415882984e+02
    1.0444763488410389e+02 4.9663753265363948e+02 2.6809028133195716e+02
    1.5617295173037849e+01 -2.7731825202647559e-01
    -1.4379540439131850e+02 2.2063641730892203e+02
    3.6073295204743806e+02 -2.3264301282462461e+02
    8.4864690296555523e+01 2.6943519502159745e+02 3.7843704466103766e+01
    -5.2068017697798574e+01 -6.1264443868678347e+02
    8.0704657745148879e+01 -1.1580462513518746e+02
    -1.0984859888111247e+02 7.5550044747085664e+01
    3.8543179535588351e+01 1.9880183220851069e+02
    -1.8242242127471897e+01 8.7320875043315141e+01
    -9.1541066415983021e+00 -1.2366419454312340e+02
    2.8559246167368804e+02 1.3831576697543019e+02
    -2.1761702419073693e+01 2.7449476393728804e+02
    1.5977066242735805e+02 1.5692211347316720e+01 2.1517367940919135e+02
    -2.5526835493691900e+02 1.2529062773851672e+02
    -1.5152743588596607e+02 -2.6206253366875097e+02
    -1.3151782028326389e+02 2.7062917640404891e+02
    -8.3430800608804390e+01 -2.8280187504847356e+02
    8.1217262444462648e+01 -8.9079842881435496e+01
    -4.3667849096964908e+01 2.2613064140486060e+02
    -1.0695558812700503e+02 -9.3059993172715153e+01
    1.3729327636567052e+02 2.1799847401698990e+01
    -1.8255529529417939e+02 -2.4669291085721383e+01
    -4.2572280570274607e+01 -5.2940656120399559e+01
    -4.6760376258275244e+01 2.2016767450766440e+02
    -3.6389654408767282e+00 8.1965788615788810e+01
    -1.8999817102883040e+02 5.1469696603679807e+01
    3.4732098893643155e+01 2.8318738667034712e+01 1.2766378239409376e+02
    -2.2070727222707688e+01 4.5291274466837045e+01
    2.1448977879965820e+01 1.8899843228781984e+02 1.1646458369872556e+02
    1.1136793915004392e+02 -8.4656311180765741e+01
    -8.4287795653411990e+01 9.7699213106503095e+01
    8.3837131924440868e+01 -6.3110517991462011e+01
    -8.9145010171314301e+00 1.7483287811545292e+01
    -2.1264886267368766e+01 -6.9993746450440227e+01
    1.4717230410842648e+01 3.6090751328571500e+01 3.6397965050309551e+01
    4.4653426515567752e+01 -3.0254440596487605e+01
    -6.4156419617303939e+01 -7.0692833676345273e+01
    8.6128360895683869e+01 -8.2289961374189843e+01
    1.0312162522557642e+02 8.0516207171708288e+01 7.7618183295505849e+00
    1.0998235403620501e+02 9.1437337415881572e+01 1.0348444295775685e+01
    6.6150547227810407e+01 8.8805920846032620e+01 7.5949558705009750e+00
    -1.5831397313278148e+02 -5.9661860740304505e+01
    -1.0498482278443382e+02 -8.9994570679640390e+01
    -1.5266219752186814e+01 -1.9389455623994554e+01
    8.4100329835786951e+00 5.7369302739536622e+01
    -1.0929913031607938e+00 1.7264621551612207e+00
    5.8878843282742956e+01 6.7012584138616367e+00 1.0234565527208972e+02
    -1.6030853866676445e+01 1.8504586773518064e+01
    1.2697841347517226e+01 -8.3523720833692849e+01
    -1.5635544572191936e+01 -3.1560698934446048e+01
    -2.1943675152423303e+01 5.8423063114098831e+01
    1.1047408728602643e+02 1.1903443193457571e+02
    -3.9567989571031312e+01 -1.4336849084521520e+01
    -7.9536864053973645e+01 2.4495600179405528e+01
    -7.3347359668500815e+01 8.4248196278840481e+00
    -8.1165567534986479e+01 -1.1751382693766789e+02
    7.8038064401476646e+01 4.0137566685278763e+01 5.5543267888476763e+01
    -5.5761856771316928e+01 -3.0752604963150564e+01
    3.3820398043586238e+01 -9.3399482467878627e+01
    3.4927353146224014e+01 -4.5622602402647603e+00
    -2.3871753394011012e+01 -6.1053778270562809e+01
    -7.7549949056099308e+01 1.8615445716529237e+01
    1.5328902339661152e+01 8.1132363552286407e+01
    -3.6587995892117483e+01 -4.1641875070537857e+01
    -2.0570221784440101e-01 -1.7990593276524105e+01
    5.2709195643044175e+00 2.1070332481167430e+01
    -2.1648604085150577e+01 -4.8325440580784139e+01
    -1.2004561004328454e+02 3.8983808499744917e+01
    1.0208885781927505e+02 -5.0048878203251704e+01
    3.7041600486256300e+01 1.9067507548777424e+01 1.3985102667090052e+01
    -3.0793792524934858e+01 4.4955115728990009e+01
    2.5248378335514452e+01 -7.3908472451082019e+01
    -1.4935719520236887e+02 7.8231669593213539e+01
    2.0497021217949200e+01 -1.3037201410407093e+02
    1.5439067153217275e+02 5.1621493977514596e+01 3.8881536808578360e+01
    8.7850820073920090e+01 1.6201165861977593e+01 6.7623971288295124e+01
    5.2704583040393395e+01 9.0125177414460879e+01
    -4.2143677964711877e+01 -7.7049356752099882e+01
    6.7109023133207856e+01 5.9158725213187694e+01
    -2.9436826235320769e+01 -7.8198583401268280e+01
    5.4482974653031121e+01 -1.5886668649936675e+02
    -7.0499381679211382e+01 -2.5600303210916318e+00
    -1.4427908789145644e+02 4.5838315600978119e-01</data></s18_3>
</opencv_storage>
