<?xml version="1.0"?>
<opencv_storage>
<s18_1 type_id="opencv-matrix">
  <rows>200</rows>
  <cols>1</cols>
  <dt>d</dt>
  <data>
    -1.0136799088580207e+02 -1.4473889344027393e+03
    3.3384702580919054e+02 -5.8206702558623692e+02
    3.5324409912125196e+02 7.1129081277066189e+02 4.7069989052624499e+02
    -1.8186054599956790e+02 -5.1671626135285146e+02
    -3.6838278976608728e+02 -9.7638471213580601e+01
    -1.8748724806442951e+02 -2.8752482566671819e+02
    2.6204343500893395e+02 1.8879160282917121e+02
    -4.0145973572974361e+02 3.7624580105602672e+02
    -1.2160152821035909e+02 1.8339253379792785e+02
    4.4492034458759167e+02 -2.2503141652647329e+01
    -1.9333311355118039e+02 2.3959318898723978e+02
    4.2450488712924891e+02 1.8628668176794085e+02 4.0743207666741250e+02
    -2.8149737400921680e+02 1.8854512027290005e+02
    2.8690189751794134e+02 -1.5392849038474645e+02
    -1.2811617110420468e+02 -1.7043751026872096e+02
    7.6434626567122436e+01 3.2347873025672521e+02 4.9704897029133029e+01
    1.1465440712645461e+02 4.6663068649933010e+01
    -2.5051683728185647e+01 -2.3477952807867041e+01
    9.6422809698350008e+01 1.4487930104416509e+02 8.2399226283642435e+01
    -8.8625942503338976e+01 1.3243522762744423e+01
    5.2766035396610498e+00 2.4864039575058206e+02
    -5.5826849550845328e+00 2.0295905171493800e+02
    -6.8064019427180938e+01 9.9616036308962492e+01
    -7.4647905138629312e+01 -3.7137867321947674e+01
    -2.5378565303190723e+02 -3.1864363000511713e+02
    1.7444323464852150e+02 1.9548752409674159e+02
    -2.6823633105440678e+01 1.5426888720781012e+01
    1.0105163347645448e+01 -1.8287532346256236e+02
    1.6517310797531795e+01 -5.3586940345999396e+00
    -7.2594312328694997e+01 -2.2637348969846236e+01
    -2.4047463018432836e+01 -4.4675165676087133e+01
    -8.7115007088995284e+01 -6.7803827043635962e+01
    -9.4882865802431027e+01 -4.3608277390490038e+01
    -2.3733613598864800e+01 -3.6823039012732455e+00
    -8.5839510817555862e+01 4.5856873374764582e+01
    5.1138918445408954e+01 -2.0736797234789401e+02
    1.6117776303336183e+02 5.3591837040223780e+01
    -7.8551126468574566e+00 5.5223840442496389e+01
    -2.3995640929864884e+01 2.9364182994649659e+00
    9.9107910801161637e+01 -1.0309610141624751e+02
    -4.6661147222968459e+01 2.1782316381025623e+01
    2.8820170406597612e+01 1.5335311969972825e+01 3.3286196672090867e+01
    -1.4597606267569692e+01 6.9589215016860322e+01
    -1.0832929545576853e+02 1.4598856453994514e+02
    -3.8222941534386059e+01 5.5002941520142663e+01
    -4.7430126322094246e+00 -5.6152705166792202e+01
    -7.3351096984856213e+01 8.8327696886200073e+01
    -1.4379740510467138e+02 1.1772813476823278e+02
    -3.9261939635350110e+01 7.0324104627741253e+00
    5.4342906141387903e+00 -6.3188708548224000e+01
    1.4345850235960620e+02 1.8425852142664784e+01 7.4419649152904270e+01
    4.1970754939457656e+01 7.0385118869829938e+01 7.9098672069709721e+01
    -1.7464044389630331e+02 1.5792991457262408e+01
    -4.7628520058906197e+01 6.1926857347769179e+01
    1.0944163577110812e+01 4.9616131302213311e+01
    -1.0860759805096555e+01 1.4262370090622082e+02
    -7.6547653514610570e+00 -1.9331088282912894e+01
    7.3078934829231329e+01 8.1046519576716307e+01 1.4926213004369373e+02
    -5.8268381122910476e+01 -5.1404988544873945e+01
    -8.6387299712668934e+01 -9.5468285411942915e+01
    1.6412532825549943e+02 -3.3263830151731306e+00
    2.5919948815721776e+00 6.8035488690660316e+01 4.8202061427837243e+01
    7.9850395112399193e+00 3.4150504823477682e+01 3.0817263605931405e+01
    -1.0107997164878073e+02 7.4293872031656250e+01
    -8.3149951802665516e+00 -5.9604578330172522e+01
    -8.0206873041801089e+01 -8.9427611434901252e+01
    1.6489065272436480e+02 -6.1409535832857415e+01
    2.2872903752979624e+01 -1.2601340709536794e+02
    -5.6371087371889487e+01 5.9032286820814606e-01
    -9.1866043219849701e+01 1.1489683789520998e+02
    -1.0851115816788290e+01 2.5166759726855222e+01
    -5.2457647675653369e+01 -8.3869711089201445e+01
    -2.0797240688312151e+01 7.3299218284502903e+00
    1.3547200894186193e+02 -4.5594922812617298e+01
    -5.4980838894276559e+01 -3.1330807464264637e+01
    -9.3619416664480362e+00 -1.6554552345263776e+01
    3.3479337538614715e+01 -7.7704434801105293e+01
    -2.3060518634330989e+00 -1.2186875299798838e+02
    4.1947313612645026e+01 1.2933504906021352e+02
    -8.1321159545794174e+01 1.0138932065151542e+01
    3.9269508044113152e+01 -7.8849953316146522e+00
    -3.1278937324457608e+01 5.9633972629025870e+01
    7.0181336563913675e+01 -8.5980548144953161e+01
    -1.4647302017015289e+02 6.1572018348324050e+01
    1.1022414996338270e+01 -1.3384592547295057e+02
    1.4893653364630694e+02 1.4676010615245517e+01 3.2608035586245556e+01
    6.7378041691368562e+00 9.5739146479338688e-01 6.2682403456543284e+01
    3.6096648902099446e+01 7.2853628265974422e+01
    -4.2559170379108480e+01 -6.0979482831700047e+01
    6.4243675688065281e+01 4.3589964528729709e+01
    -2.1082624983126053e+01 -7.5419733545275193e+01
    4.3443398779664662e+01 -1.5639996919862301e+02
    -7.2079093966954517e+01 -2.4610909941169834e+00
    -1.4695721376156908e+02 -3.1569454808548036e-01</data></s18_1>
</opencv_storage>
