<?xml version="1.0"?>
<opencv_storage>
<s18_4 type_id="opencv-matrix">
  <rows>200</rows>
  <cols>1</cols>
  <dt>d</dt>
  <data>
    -5.4260030600600248e+02 -1.3770491889991893e+03
    7.7908863930319328e+01 -6.4924354765728845e+02
    3.5594165841712783e+02 7.4138517908742926e+02 3.2519232891381404e+02
    1.7068222068120261e+02 -5.3405622813604521e+02
    -7.3378542096822787e+02 9.4108206300418942e+01
    -1.1199293859521276e+02 -8.4471952810554214e+01
    2.2926010237816692e+02 1.8477832942443857e+02
    -4.8632523458906303e+02 2.6732258717272236e+02
    -2.1256950767961829e+01 1.0216692648961209e+02
    2.5042852314208324e+02 -9.7072452446767656e+01
    -2.8845783605352057e+01 1.7493053424185300e+02
    2.6295208426513449e+02 -4.4890844161323882e+00
    3.8204261400283036e+02 -3.5522691925300336e+02
    1.1537921407053135e+02 2.4370040045603383e+02 5.9544851594360155e+00
    -3.7106567433212706e+02 1.3657078987937780e+02
    2.7270043784688579e+02 -4.1136013606817663e+01
    4.0289487184438642e+01 6.1023368421188927e+01
    -1.7332767675556573e+02 -1.9179692530825964e+01
    -3.3207294424921521e+01 -4.3711741415914263e-01
    9.2186899448910026e+01 -5.7717949262751262e+01
    -6.0887188285489309e+01 1.6035345614364994e+02
    -1.1709127678294981e+02 2.6223408877513174e+02
    3.6650039121872091e+01 7.0798346858460661e+00 1.0095455865511343e+02
    -1.6907065028851481e+01 4.1047286044289862e+01
    -1.4853365381291445e+01 -7.6123826405664218e+01
    -2.4340231695301267e+02 4.3997243058629579e+01
    -7.8794155196866939e+01 -2.6431173519943229e+02
    -1.6419323119548682e+02 -3.6422354797437116e+01
    -2.1906001619327418e+02 3.2219109233572070e+01
    1.2682030326720191e+02 -1.5221853607489559e+01
    1.0611553184043936e+01 8.7820826181573053e-01 1.3106392231665771e+01
    -6.1632431030894566e+01 -1.1634606901273026e+01
    -6.0175822723622900e+01 1.4210068926298129e+02
    -6.2805566399136424e+01 -8.3987913933820366e+01
    1.1261552896067100e+02 6.3509954836291776e+01 1.1243934289025327e+02
    -9.9814804265749615e+01 -8.8439692794252323e+01
    2.9141617389638373e+02 -1.1824576268168875e+02
    7.1889196814582249e+01 -5.8684427736287752e+01
    1.0503271438792241e+02 -9.1504005609040874e+01
    -1.4210505884192423e+02 9.8684100845877083e+01
    -1.0940168806279263e+02 1.0409343416425440e+02
    6.1162307335458003e+01 7.3426076116917741e+01 4.4738810186787582e+01
    6.8372912331283388e+01 -5.0975304267158990e+01
    -1.0467934571537553e+02 7.0461551572663140e+01
    1.7386989349948365e+01 3.4935434432485366e+01 6.7031293710685190e+01
    -1.5759875121479007e+01 -8.1794343240378069e+01
    2.8253101813749325e+01 -1.8741276786523842e+00
    -3.4740504052597458e+01 5.0254311593456215e+01
    6.4676714782648759e+01 -3.1411759152086073e+01
    9.1933850714194193e+01 1.3760370096796706e+02
    -9.1604132225284630e+01 5.5441667452943761e+01
    8.3704994050948613e+00 -6.6121892360800629e+01
    4.6942070948370855e+01 -8.2307362942276939e+01
    -9.8119681135944361e+01 5.1201520076486077e+01
    9.8004979420450553e+00 6.9667068135591506e+01 7.0827177774263490e+01
    -9.7905553013481601e+00 -8.4007943635819245e+01
    7.9701435762112297e+01 1.4330930193546499e+02 6.2480948916755935e+01
    1.7143339373339387e+02 -4.4257341070352417e+01
    1.3782568702458053e+02 -5.1722174415173050e+01
    -5.8175062530984121e+01 9.2511683189374423e+01
    -1.6017966070940628e+02 5.5653372697388548e+01
    1.9602960713644727e+01 6.7478613771363001e+01 2.2421275103848490e+01
    -1.3692251484710940e+02 -1.2391481654601121e+01
    -1.2323120077366097e+02 3.4196033195333527e+01
    -7.3640908887659506e+01 -6.3665476984035074e+01
    -4.3850822901865847e+01 -9.3885298221601090e+01
    7.2603162242572864e+01 -7.7098936164697447e+00
    -1.5094132068058478e+01 -8.9726633012815356e+00
    -5.5567252844821780e+01 4.6951437542182347e+01
    -4.5121596349486389e+01 4.9978360706093014e+01
    -5.7684512954813009e+01 1.9730225193337048e+01
    -7.5217719640801334e+01 -3.7114858252954988e+01
    -5.4483350240906177e+01 -1.4644527000778382e+01
    7.2807313175808517e+01 -8.3542306064311134e+01
    1.5898661767505487e+01 -9.0215316735570870e+00
    1.2287590089762825e+01 4.7697900818601759e+01 6.5314847536153593e+01
    -4.6574531314400048e+01 -3.9692142823740518e+01
    -1.7099284450790555e+02 2.5518303529644520e+01
    1.1076167940380797e+02 -8.1273030529493354e+01
    6.4206191701457740e+01 2.4678295817717469e+01 3.7247549711180996e+00
    -3.6571678584320452e+01 1.5854082855967329e+01
    3.9606809891353755e+01 -9.7068739340870422e+01
    -1.6467072795535981e+02 3.1868164596683346e+01
    -8.5765788237137930e-02 -1.5781293386066272e+02
    1.3807772368171044e+02 6.6186022744277082e+01 3.3584749715181310e+01
    4.9526420097992130e+01 -5.9166221055154433e-01
    7.7448282413887213e+01 5.2070932503017339e+01 8.2084565974214570e+01
    -5.0213254811043136e+01 -8.1029927780354527e+01
    7.2695769211365501e+01 4.1522778187271769e+01
    -4.1013873391590813e+01 -7.8766077392417913e+01
    5.7374493811459963e+01 -1.5435415562584188e+02
    -6.8049609090677606e+01 1.3403479809616514e+00
    -1.3516058639239017e+02 -2.1905483720387404e+00</data></s18_4>
</opencv_storage>
