<?xml version="1.0"?>
<opencv_storage>
<s18_5 type_id="opencv-matrix">
  <rows>200</rows>
  <cols>1</cols>
  <dt>d</dt>
  <data>
    -2.7924604054716400e+02 -1.1538899723155930e+03
    -2.7828815727602432e+02 -1.0868232223684402e+03
    5.1733621820134083e+01 5.2463310817915408e+02
    -5.4045418718660088e+01 2.6317720359225723e+02
    1.3711192664734510e+01 -6.7112508799869931e+02
    -2.6769746099592709e+01 4.2195106220249556e+02
    9.2630546850478353e+01 -3.6282864441480555e+01
    3.3789008018026614e+01 -5.6009980143975827e+02
    6.1528896089774037e+02 -1.2966277420065757e+02
    2.0853060686083023e+02 2.8231314451111359e+02 2.9822276896062171e+01
    9.9354134697489599e+01 3.9964889204001167e+02
    -1.2947833813478240e+02 1.4720229954476105e+02
    -2.6587397544369047e+00 -4.6799227018130381e+02
    -1.7490839953041334e+01 2.7072958467877868e+02
    5.2834796785391475e+01 -1.8366460209397627e+02
    -2.0317232434619186e+02 -1.6476594866361287e+02
    8.1011548209795649e+01 -1.9780531680504993e+01
    8.4556402604314414e+01 1.5772471794012560e+02 6.6200354097987187e+01
    1.1637015320055260e+01 -3.5495228548871701e+01
    -2.3490085873329551e+01 -3.3369912661183116e+02
    6.2486402509734276e+01 4.3615961393289737e+01
    -1.0247153728456587e+02 2.2988814494940831e+02
    8.4609976723260914e+01 -2.2455012292784227e+02
    -4.5310505963732313e+00 -2.3231204026598212e+02
    1.5937233412035798e+01 -5.6706309005712413e+01
    -3.7572578864877511e+02 -9.7825623671347060e+01
    1.1491291374969653e+02 8.1456913782785378e+01
    -1.6243567410876992e+02 2.0740319750172777e+01
    -8.0462336556033929e+00 -3.4832898836418309e+02
    8.3643572252207605e+01 5.6879696540684037e+01 1.7262029612085175e+02
    1.2767000291739245e+02 -1.5617645874136807e+02
    -1.2397315444278046e+02 -1.7670095092665460e+02
    -1.0671630388835351e+02 -2.1529184168086910e+01
    2.5694006393302502e+01 -5.5724488018494455e+01
    -5.7802516456580371e+01 8.4506789921089322e+01
    8.4810603358155049e+01 1.4586350212778524e+02
    -1.9508374575116878e+01 1.1578303779802785e+02
    -7.4279790698310919e+01 8.7536019688321815e+01
    2.0509787761906844e+00 -1.5905503641632629e+02
    2.4212054415338085e+02 -3.6627868820850985e+01
    -2.2955854747265050e+02 -4.3279590874531863e+01
    2.2841066929826933e+01 3.2841715220887323e+01
    -2.8205216475309232e+01 9.3859780194234659e+01
    -1.4998554508004253e+02 2.8307290548902124e+01
    -4.4535715876643927e+01 -1.5701596319247525e+02
    2.8101387962509548e+01 9.4645286418169420e+01
    -5.5375812580780483e+01 1.4286357250351116e+02
    1.7674125619841320e+01 -3.8446924893013140e+01
    -1.3855093748828480e+02 1.6235928954283114e+01
    1.1798383156040195e+01 -8.2876618780057498e+01
    -6.5189026500884054e+01 -1.3605981774275037e+02
    2.5794937034066979e+01 -9.3931558355647624e+01
    -8.4714745623482024e+00 8.3893029171413716e+01
    1.3785189761506361e+01 6.6676909850563675e+01
    -7.5304233960526787e+01 -3.6417862115477483e+01
    -9.2437909440845047e+01 -1.9251110833788196e+01
    -5.9362990559542112e+01 7.8150443478915420e+01
    -7.7351677382170241e+00 3.1179850463231958e+01
    -1.6792405506220378e+00 -9.8887423126994971e+00
    9.3506271689645089e+01 2.7417259524258377e+01 1.4906481366076113e+02
    7.6888302867956781e+00 3.6908811130730122e+01
    -4.3610729229810566e+01 -1.2956980271574736e+02
    1.0167460897058737e+02 4.0762297464771365e+01
    -1.8905119760765764e+01 9.4968739163680837e+01
    -2.2749296075949154e+01 1.1898595087404595e+02
    -5.9209823476816020e+01 -7.5714901066556934e+01
    -9.0559031185035067e+01 2.3767019095993223e+00
    -4.2474673348208526e+01 -5.3251983317555464e+01
    3.8868377082715737e+00 -8.7537906978056157e+01
    5.5823210512365009e+01 6.2461401747879329e+01 4.4342976479993602e+01
    -6.5106354085551075e+01 -4.8241496017334853e+01
    -2.5414020867825950e+01 1.1613579338245881e+01
    1.3413375691021565e+02 -7.4301304555553102e+01
    9.3949476300769248e+01 -7.2147482132930307e+01
    1.1068948508214874e+01 -3.0228776764517317e+01
    -5.7285969693477661e+00 7.0830497142355540e+01
    -6.7355490850634993e+01 -4.4697394601480205e+01
    3.2176173948298818e+01 3.0918045498886915e+01 2.2485538749091681e+01
    2.6097575241948721e+01 -5.8708832150799850e+01
    -3.4906544853573394e+01 -1.6280251581863408e+02
    6.6055160499999360e+01 9.3249720243395558e+01
    -5.3514136261591766e+01 3.9193021579766658e+01
    4.8606843044038250e+01 2.7229363433504773e+01
    -2.9380883693536443e+01 6.4112901536956130e+01
    7.8283182585473938e+01 -5.6346639790350423e+01
    -1.6800744819313832e+02 4.9892987847053263e+01
    2.0425837654169989e+01 -1.6714679809195727e+02
    1.5599455256248598e+02 2.7400504299217335e+01 6.6282441680752299e+01
    4.7961106022200262e+01 -1.3760012627870287e+01
    7.4848454640966551e+01 4.0257824987148389e+01 5.4266985205704849e+01
    -2.5104507215691775e+01 -5.4604463156990313e+01
    6.0119108155754084e+01 6.3802405160833409e+01
    -3.3981242267918446e+01 -8.1204456028384271e+01
    6.2063524767206694e+01 -1.5903796008001962e+02
    -6.6027637557041103e+01 -4.0692491888045650e+00
    -1.4156227128177173e+02 -4.3926241728928495e-01</data></s18_5>
</opencv_storage>
