<?xml version="1.0"?>
<opencv_storage>
<s19_5 type_id="opencv-matrix">
  <rows>200</rows>
  <cols>1</cols>
  <dt>d</dt>
  <data>
    -1.1124417125786995e+03 3.4348275688653722e+01
    4.4175920250182855e+02 -1.2029186271001913e+03
    -3.8496972476215893e+02 3.6502626527687136e+02
    5.5592534192543815e+02 -6.2204196761654748e+02
    7.6396983821849972e+01 -1.8729075622232688e+02
    -4.4578735559055559e+02 3.2288433103783166e+02
    -3.3349199656709054e+01 1.6594218865262977e+01
    1.3363750290501002e+02 -6.8895544480738727e+02
    2.1731871216398946e+02 -1.7770317439145714e+02
    -1.8716138272296942e+02 4.3209036883404184e+02
    2.2576887972487785e+02 -9.1075830475344446e+01
    2.2051539383309316e+02 3.5796444920816754e+02 6.1919006215491088e+01
    -1.6050014563916693e+02 -1.8115410228082845e+02
    3.9350815652370528e+01 1.9095998008469843e+02
    -1.1669313094653752e+02 -5.4826497632639260e+01
    -2.6827259124867009e+01 2.3054111250087914e+02
    3.4469048076131514e+02 2.8459114570296116e+00
    -6.4296268287143164e+01 -1.3140000978576859e+02
    -9.0843426417906503e+00 -3.3362338956984928e+01
    2.5419889312898047e+01 -1.2572890688562058e+01
    -9.7989513065332545e+01 1.5815601696957103e+02
    2.4121731226183036e+02 -1.6782306879748953e+02
    5.3328636541821410e+01 -6.2185589103950623e+00
    -8.5795872522567905e+01 -8.2923561121610256e-01
    2.4710482282213697e+01 -1.6720113416833328e+02
    -1.0255248098701115e+02 -9.1320780008365148e+01
    -1.7540872188860885e+02 2.2133879238164420e+02
    5.4710810897602776e+01 -1.8208312845845700e+02
    -1.0627645254747806e+02 -1.0329876790680865e+01
    -1.9639845538292670e+02 1.2930319847398789e+02
    -2.6678079412367723e+01 1.2628405870617666e+01
    1.8227860118985200e+02 -2.2765843154930000e+01
    9.8338720768414319e+01 -1.6335882659652277e+01
    -5.4276652075901140e+01 -2.8369302536444803e+01
    9.1144380278447258e+01 -9.6113208021534831e+01
    1.1416985724476019e+00 2.2822991550714059e+02 1.6172967292467993e+02
    1.0022471877988242e+02 -3.8437937987179950e+01
    3.9397493431877855e+01 9.5716872723835621e+01 1.2868317899715620e+01
    -9.3019072069728370e+00 -7.5120885064497557e+01
    1.9230051122011551e+02 1.4863534199907460e+02
    -1.2145793535688613e+02 7.5247971112337284e+00
    -5.0672049593737249e+01 -3.5676281150643824e+01
    5.0596752794314206e+01 -2.1390869686785550e+01
    -5.5314908228013856e+01 -2.1857586939831265e+01
    -8.1257857822618206e+01 1.2153089352939124e+02
    2.2097236577711627e+01 3.1311089444750930e+01
    -3.5861946081661053e+01 1.0266017801646376e+01
    2.2215487045614861e+01 -7.8690077694153402e+01
    -3.3294047405431463e+01 8.2130175238357438e+01
    -5.5052565569561608e+01 -1.9779317996432411e+01
    4.0317798767808846e+01 -1.2697678535147743e+02
    4.4674529842786200e+01 5.7786503841972319e+01 4.3488574172411475e+01
    1.3306021358366488e+01 7.3382674810035795e+01 4.3846316125877593e+01
    -1.1910868939041875e+02 -2.4998379912120939e+01
    -6.2128589794575703e+01 1.1974195173726097e+00
    3.7449350885740387e+01 4.2818959905130704e+01 2.7656785128946556e+01
    4.8084535447862535e+01 -2.9158458844382665e+01
    1.3762853640858985e+01 7.2240994236015098e+01
    -3.8920824467801545e+00 1.4050142427640048e+02
    2.3875610912796400e+01 -1.2397595811094313e+01
    -4.1256688417297568e+01 -6.6155099481615380e+01
    5.8995767486832825e+01 -5.1460215685003533e+01
    1.5521818787892064e+01 3.7631376589640240e+01 7.0741092680920517e+01
    7.8925009322594036e+01 -2.0431081738667665e+01
    -5.7115684971274902e+01 -7.0879982438006522e+01
    3.6902934476797725e+01 -6.2925723088311400e+01
    -2.3418001057614063e+01 -3.5395352046887922e+01
    -8.1922155185014617e+01 9.7979722928028579e+01
    3.1357646887556150e+01 6.6047275568157559e+01
    -4.7159130774899985e+01 -2.8367122990871813e+01
    2.8315495462936386e+01 -3.3791092565690825e+01
    6.4888392292560127e+01 -7.1567385343499623e+01
    1.4279534169527471e+01 -1.1528832967698641e+02
    -8.2481518238022872e+01 3.0300612298395492e+01
    1.5237399089980460e+01 4.9007199809382556e+01
    -2.3808615103359323e+01 -2.8277201645115895e+01
    8.1993477419942824e+00 -4.5304070185503534e+01
    2.8891500471252240e+01 3.6308874450698454e+01
    -4.5923608379591919e+01 -8.1636327632550476e+01
    -1.4114439677606970e+02 4.5825674317208808e+01
    8.4425631196723245e+01 -6.9793506866870857e+01
    5.4237445295705854e+01 2.5427815056863174e+01 3.1636294494477912e+00
    -7.0144906417748260e+01 2.0894607381567529e+00
    5.3134087282835814e+01 -6.2504260070523060e+01
    -1.3329195597195874e+02 7.4675817820820882e+01
    -1.4449276694465146e-01 -1.3468352018412500e+02
    1.4724318839302794e+02 3.5787044023608011e+01 3.5194173433463213e+01
    7.4204828657157378e+01 7.0729946123979888e+00 6.5413560792713000e+01
    4.6563003551912644e+01 8.8727139985515194e+01
    -3.8341642372780882e+01 -6.6629213117307955e+01
    6.0621830961319574e+01 8.2035669418867727e+01
    -2.6571849028052942e+01 -9.4386545672521507e+01
    9.1411478774901923e+01 -2.2497741319395084e+02
    -7.1074216645281993e+01 -8.3489510563619163e+01
    -7.3812803154485366e+01 -8.3542182163661877e+01</data></s19_5>
</opencv_storage>
