<?xml version="1.0"?>
<opencv_storage>
<s19_4 type_id="opencv-matrix">
  <rows>200</rows>
  <cols>1</cols>
  <dt>d</dt>
  <data>
    -1.1592405297260043e+03 1.0893401028132755e+02
    4.5800033226011601e+02 -1.2253625449179481e+03
    -2.9678209372611514e+02 3.1619645400582687e+02
    4.7287513660452009e+02 -6.7298498245283088e+02
    1.7049464843759965e-01 -1.9869040821901922e+02
    -4.7722100539299140e+02 2.9597690151373286e+02
    -1.1920706370467718e+02 1.7765825082650476e+01
    1.3156753464822106e+02 -7.2720679274377903e+02
    2.1326011040828368e+02 -1.1618511718761495e+02
    -1.3979697019762497e+02 4.4413869201424825e+02
    1.0286310644623769e+02 -8.6013977736044794e+01
    1.7822916671164541e+02 3.1310069369624085e+02 8.1212351674663367e+01
    -1.2452084112939305e+02 -2.1136711701786564e+02
    2.8733147322418283e+01 1.7615654487578101e+02
    -1.2677211064307795e+02 1.0319815098382984e+01
    -1.0897171611747318e+01 2.1723172352643664e+02
    3.8217437583892325e+02 3.1521187700698984e+01
    -5.2241836832833329e+01 -7.4242106880874204e+01
    1.6744659743017930e+01 -6.1224826789253505e+01
    3.5439336485349649e+01 1.2900744843276147e+01
    -7.3299025113343660e+01 1.1653538928689328e+02
    2.1708435499129979e+02 -1.8420284785991254e+02
    9.5214928107229397e+01 3.6628819475867886e+01
    -1.5086012586999422e+02 -4.3476498125555004e+01
    -3.3222918267471137e+01 -1.7949243623999013e+02
    -8.7457801302510305e+01 -6.6840108605277820e+01
    -1.5834820156518344e+02 1.6036625226057208e+02
    5.4129270134227781e+01 -1.4877613182910432e+02
    -8.7990096899641671e+01 -7.5589844655183498e+01
    -1.6384156087606362e+02 1.2934336451076476e+02
    9.1065455918182927e+00 7.5095819177465888e+00 1.6147943656128197e+02
    -6.0737707160283499e+01 9.9470606568770947e+01
    -3.9441915453854726e+01 -6.7363531728250294e+01
    1.0088436605814172e+01 8.7244750815770558e+01
    -1.0443510424141468e+02 1.9899645824764004e+01
    2.5690737984388113e+02 1.1584041584613848e+02 7.0802948918000553e+01
    -6.9217733687495382e+01 1.1337734032198336e+01
    9.4010927052030127e+01 1.5961578773008989e+00 1.2936448114893317e+01
    -6.3659396528783290e+01 2.2127749302461334e+02
    1.3621788299414968e+02 -1.4839835771117953e+02
    -1.9690250258386367e+01 -2.8852825139946162e+01
    -9.2741257123738574e+00 6.5064905873500170e+00
    -1.3753352020680282e+01 -8.4053480582329911e+01
    -5.6609660735637881e+01 -6.2570724629561774e+01
    9.8930067058863628e+01 4.4546269967387744e+01 3.0967087169071611e+01
    -4.9880408075049104e+01 -4.4408799630939662e+01
    -3.2683869943446666e+01 -7.0985759471781776e+01
    -8.4585674305441678e+00 8.1044437879760977e+01
    -5.4257645829637582e+01 -3.5827160444088541e+01
    1.0300874274988360e+01 -1.0060095944021744e+02
    2.7111371849272039e+01 4.3686280558601055e+01
    -6.7365708370575184e-01 -3.1622430636626868e+00
    1.6472879931200335e+01 1.4250164984825753e+01
    -1.3720119782872058e+02 -4.7853070179909118e+01
    -7.1803738507525523e+01 -1.2934864694536181e+01
    1.3711480425483007e+00 1.5663436801855410e+01 3.8196189494806625e+01
    4.6532512317823134e+01 -4.2584389187295585e+01
    3.7503813289633634e+01 5.5707900136401349e+01
    -3.6379306442128261e+01 1.2451204058856997e+02
    3.7877489118137726e+00 2.5319760619024304e+01
    -2.9185933479217070e+01 -5.6845404580867907e+01
    5.2563405685915036e+01 -2.3656024130447310e+01
    8.2611681633351125e+01 1.9797375857848852e+01 6.7762403328445359e+01
    9.8076595633798917e+01 -2.3122929647302573e+01
    -2.3537790073940087e+01 -6.7200063431100048e+01
    3.9039211913661561e+01 -4.4505275147070527e+01
    -4.3174327916412956e+01 -1.9566514056583554e+01
    -4.1665844186239212e+01 9.5048115721596901e+01
    4.0408120468688956e+01 4.9962897829821564e+01
    -7.0639844650792611e+01 -1.8695078685818483e+01
    1.4250651350402320e+01 -3.0860147271091272e+01
    4.5879309532538201e+01 -7.7611229673648452e+01
    -1.1901728401253074e+01 -1.0354296778695604e+02
    -7.3781838645286186e+01 1.4474962853001845e+01
    2.0077892593400726e+01 4.4223185965857297e+01
    -3.0454382411810077e+01 -5.5580712021501078e+01
    -2.1205392924016238e+01 -2.1346508279448919e+01
    6.5398714337866664e+01 5.3081127285740088e+01
    -2.3255111456441753e+01 -6.5655608875234719e+01
    -6.9175981407676332e+01 3.1317104244234905e+01
    7.7361978447677600e+01 -4.1013798216461595e+01
    4.2259181069650367e+01 2.5903859301825321e+01 3.1779241158514420e+01
    -5.0150903559484377e+01 7.0930884041649421e+01
    1.2789617999547112e+01 -5.9125734505542034e+01
    -1.7966873643514575e+02 5.3076375715510387e+01
    8.1426501883562530e+00 -1.4710387491579243e+02
    1.8791902445271910e+02 4.5848109779593528e+01 7.0104378709616711e+01
    5.4872939000968188e+01 -8.1128357716131347e+00
    5.8228719105216868e+01 7.0836163598874265e+01 1.0496295715985956e+02
    -5.6027517026082542e+01 -7.3816193324364690e+01
    8.3882523357500432e+01 5.5399806286317968e+01
    -2.2170214160391193e+01 -8.7601858385663050e+01
    1.4415936486224602e+01 -8.8959970311587625e+01
    -7.0400916900774604e+01 5.9545016609434199e+01
    -2.0717570124223150e+02 7.6895239545237146e+01</data></s19_4>
</opencv_storage>
