<?xml version="1.0"?>
<opencv_storage>
<s19_3 type_id="opencv-matrix">
  <rows>200</rows>
  <cols>1</cols>
  <dt>d</dt>
  <data>
    -1.4739125714213465e+03 8.4674240481646712e-01
    2.6551596632946342e+02 -9.5859514150482687e+02
    1.1816563738754077e+01 2.6054452927954839e+02 3.1278895484640964e+02
    -4.4161032344820273e+02 1.7910593828724402e+02
    7.7241844398565078e+01 -4.2284186949032022e+02
    2.8825990372451764e+02 -3.7530065191716380e+02
    -2.9212734692478170e+02 3.8021366153903443e+02
    -6.6752943719435416e+02 1.2366142877363352e+02
    -5.0305467287742246e+01 4.6414784718906412e+02
    4.4831169494567405e+02 1.9423619818997130e+02 1.6438220399232598e+01
    1.7503263003787646e+02 1.4907620390896764e+02 9.3303404990233759e+01
    1.9348801472369578e+02 -1.5643386803306640e+02
    -1.3176554356130154e+02 2.6205154189387576e+02
    -1.4982414073654994e+02 -4.9210489762833589e+01
    2.3203168593579721e+02 -9.2720292157220413e+01
    1.9720944463782570e+02 -2.0100897161434631e+02
    -1.6409890846609663e+01 -2.9198643175110213e+01
    1.4879827810857483e+01 1.0170253678082256e+02
    -1.2545035021355019e+01 6.6625149811518185e+01
    -2.2608262432913915e+02 7.1020212585122280e+01
    1.8096041858893560e+02 -1.0363207750531626e+02
    1.5548404723743917e+02 -3.2415425491521269e+01
    -2.0005042090916540e+01 -3.1146022312894615e+01
    2.6053020274216088e+01 -6.2861259931867650e+01
    2.0020482257502326e+01 -1.9563272548245070e+02
    -8.8544742547869333e+01 2.6440435641466053e+02
    -4.3509502497953243e+01 -1.2682250782545654e+02
    -1.2045168990819602e+02 5.1139714262869141e+01
    -1.3834600097775632e+02 1.9564051321146442e+02
    5.4131195123300238e+01 -3.8738375925836664e+01
    5.4673988840357467e+01 1.7263108561120369e+01
    -4.4979215847466492e+01 -8.1487873853575493e+01
    -7.3327940778321590e+01 2.6157064931421413e+01
    1.0937641485640560e+02 -6.4747867406770851e+01
    -1.9605839702362971e+02 -6.1288873292091090e+01
    7.8068249937049274e+01 6.0140834467902280e+01
    -1.1811478684349296e+02 2.9635053494797265e+01
    7.9952181927789255e+01 -1.1385683760667790e+02
    -1.0017739555924886e+02 -2.1036509681457527e+01
    1.7140895558065557e+02 2.3978799913730345e+01
    -8.7752288421763822e+01 -1.4783870136168165e+01
    5.8003330553054075e+00 1.0004456463659642e+02 6.9520656869832607e+01
    7.6021936230225663e+01 3.0188380101407123e+01
    -2.1733390703237525e+01 6.1338914302963701e+01
    -4.0623718219410883e+00 -1.0944603396172953e+01
    3.5128645682861595e+01 -5.4730127104536166e+01
    -4.2667458262578648e+01 7.7945550262711025e+00
    -1.0281594945415345e+02 -3.1933225141135647e+01
    3.3854108221172581e+01 8.9574082413413365e+01 5.0428825654962857e+01
    1.3893413053005611e+02 -2.2665451720644661e+01
    1.5585841371848819e+01 7.4981924463306555e+01 1.7395724347712875e+01
    1.0620920506088062e+02 6.1189711148876683e+01
    -4.1802870476965801e+01 -1.2017439971643498e+02
    -4.5988012027664929e+01 -3.0088849101554011e+01
    -1.6549245531172414e+01 -3.1494030828774726e+01
    -2.4729686645183946e+01 1.8298646352857478e+01
    7.1583400082396878e+01 3.3525821162539984e+01
    -5.3607465566336387e+01 1.6632669833785116e+01
    1.0944003752579113e+02 9.0761455568673938e+01
    -1.1789927557289136e+02 -8.7198902469188173e+00
    -4.2368084636630968e+01 -1.1755486336490372e+02
    1.7340086878596205e+02 -1.5049047083978037e+01
    -1.4210871549524501e+02 2.7402170404560987e+01
    1.2238101106320248e+02 1.4538367711195141e+02
    -6.6538285827443943e+01 -1.2908765078585265e+02
    -9.1042115136777653e+01 5.5480828537786948e+00
    9.5363048506141705e+00 -8.0014961319351343e+01
    -6.4707063077839180e+01 -1.0681249581529998e+02
    1.3462938175998571e+02 2.6653556887857366e+01
    -2.0755349938978949e+01 -4.4480601909013060e+01
    -1.3094228485883741e+02 3.3015621533235894e+01
    -9.1646500954362281e+01 8.9501017108741067e+01
    -4.1666071789002473e+01 1.1726134382720536e+01
    -2.1524054479032973e+01 -3.8761648503342087e+01
    -2.9352058448406719e+01 -2.7629201000190040e-01
    -2.0829825888398862e+01 -7.0095205210236244e+01
    -1.1743072463288858e+01 1.0504336980490051e+02
    -7.0140169010793244e+01 1.1015919707002837e+01
    6.6428479799457477e+01 -6.1463324404120605e+01
    -5.2579449723519843e+01 -1.6541021352701637e+02
    -1.0357069182488217e+00 5.7995030953333767e+01
    -3.7093458199843568e+01 1.8818411786218956e+01
    4.6435599936091933e+01 4.4915755250050800e+01
    -4.1344092809806597e+01 -3.9930007140941662e+01
    4.2162225739932602e+01 -3.0008851554628428e+01
    -1.9501793534215417e+02 6.3380367939620136e+01
    6.4028683631892633e+01 -1.3071351994570804e+02
    1.8409019505003664e+02 2.4537891401767158e+01 3.5978507933459944e+01
    4.0813140075920600e+01 -1.9978641971444347e+01
    4.5316920355891540e+01 4.4714243410239497e+01 7.0676920240194235e+01
    -4.9572510197820606e+01 -5.8266158725204242e+01
    5.4195726560719464e+01 5.8674493370667875e+01
    -7.8776411693677613e+00 -5.0436954955722861e+01
    4.5964490034038697e+01 -1.7179811026439182e+02
    -5.4597333159046848e+01 1.7054293283175888e+00
    -1.5133450640025654e+02 1.2473581677724772e+01</data></s19_3>
</opencv_storage>
