<?xml version="1.0"?>
<opencv_storage>
<s19_2 type_id="opencv-matrix">
  <rows>200</rows>
  <cols>1</cols>
  <dt>d</dt>
  <data>
    -1.2617758674246043e+03 -3.3302593349730877e+01
    2.3739788543768063e+02 -1.1420934084365872e+03
    1.5292004946706612e+02 4.1059486831649343e+02 1.1564524104049887e+02
    -5.5673096995745982e+02 1.5621553263157338e+02
    5.8490444137637766e+01 -4.4015046576558035e+02
    2.7314999600446566e+02 -4.3055038154355896e+02
    -2.1787330714552925e+02 4.3782142011096352e+02
    -7.6444390452977427e+02 1.2656961819787495e+02
    4.9294541776978713e+00 5.1041138407917538e+02 4.4063704744003866e+02
    2.1752672350365737e+02 8.9829822731809202e+01 1.3063563959941436e+02
    1.8005998631054507e+02 9.7986260714556664e+01 2.4727987211721052e+02
    -1.2984949498972398e+02 -1.9454639122920992e+02
    2.0360495635660797e+02 -1.4678759945379088e+02
    -3.6779859871907604e+01 2.0652362356366316e+02
    -6.0335654564165139e+01 1.8105811339555208e+02
    -6.0268572611324146e+01 4.9379349215954889e+01
    -5.0793132219831371e+01 6.7138055389199508e+01
    2.2880067356888489e+02 -1.8535345247677160e+01
    1.1950332699346545e+02 -1.7714601526803256e+02
    2.4452895501311339e+01 1.8404067885932616e+02 3.2956655481656249e+01
    1.4887624305194646e+02 4.9628322465531980e+01 6.8578893519145083e+01
    -6.6394645084054815e+01 1.1158263099507036e+02
    -1.0889050757792307e+02 7.4815500113298725e+01
    -2.1297356667293778e+02 -6.6290766554618244e+01
    1.8824896605315490e+02 -9.8022807910104660e+01
    -5.6901747344290520e+01 -1.7468264492995760e+02
    6.8295588786638589e+01 4.9938161688687766e-01 1.2816256996429888e+02
    4.6342124381942561e+01 -8.0208662381397772e+01
    4.8619920970037683e+01 1.3019040426635169e+02
    -1.3437558711886365e+02 -9.1709115162016502e+01
    -5.4653630554631071e+01 -5.2281622612385419e+01
    1.4694502695378674e+02 -6.9311774558105853e+01
    -7.5034530627830833e+01 -8.8877860374309023e+01
    -1.0029420643445938e+02 -5.1064727330682036e-01
    -9.6321621739070736e+01 7.7895552619776964e+01
    1.3882388394514467e+02 -3.3514344279683108e+01
    -4.9001140965589371e+01 2.8648161182371179e+01
    1.6526936055739674e+02 1.6446630811697105e+01
    -8.4150479816047579e+01 -2.1712495198019564e+01
    -2.3591749383944492e+01 8.5492488125938237e+01
    8.9320430504904948e+01 8.7395165887860813e+01
    -5.8887570732259661e+01 4.2861490862698183e+01
    4.3632377689617945e+00 -5.5325197420525278e+01
    2.9682269068793016e+01 5.1698703331782227e+01
    -5.8161078094386106e+01 4.2699600260124171e+01
    -5.6900111237900511e+01 -3.6042893617765728e+01
    -9.8833593276210848e+01 4.3332059245018790e+01
    -2.6467535877467716e+00 -1.4787846419295194e+01
    7.5687157831420171e+00 -8.1974980914624297e+01
    8.9176594290848978e+00 5.1090355216441019e+01
    -3.0342515710971497e+01 5.1135885388063755e+01
    5.8861856167704246e+01 6.5448196334428189e+01
    -8.8616225550170995e+01 -1.6920957873299812e+01
    -1.1496099503424180e+02 -2.6096465821377958e+01
    -1.0248299661279496e+01 1.3818899790146752e+01
    3.2323145701942195e+01 4.9484783449198467e+01 4.0313877703141854e-01
    -1.8506223464127196e+01 1.1104646729190692e+02
    4.0817899993815530e+01 1.4505327871082838e+02
    -3.6983464007596268e+01 2.4091404254303985e+01
    -3.5851976190142842e+01 -1.0346171264776919e+02
    5.6990557281175334e+01 -1.9877981237449461e+01
    1.8510084090730299e+01 9.7629639798986346e+01 5.8737968290998850e+01
    3.9006330162176546e+01 -2.3152825847968110e+01
    -7.6900225335919412e+00 -9.4960355733484519e+01
    3.9121919196459672e+01 -2.6591601038123336e+01
    2.0364230313623501e+01 -2.4164620134689621e+01
    -3.0492584616433135e+01 8.4072827952883529e+01
    5.8029434786796386e+01 2.7184652139929238e+01
    -5.2974127532796011e+01 2.5077972543671006e+01
    -4.7286527955159157e+00 -1.7898627600939530e+01
    7.4702931240774660e+01 -5.2142462709042135e+01
    1.2124020215377591e+01 -5.9385610047575078e+01
    -5.7249583340396157e+01 -3.6420941839806202e+00
    3.9236755710551776e+01 7.5405780743614045e+01
    -5.6865768806307280e+01 -5.4819889392198839e+01
    -2.2062594137586636e+01 3.2261018112731804e+01
    3.1411197819057811e+01 1.8559021751598806e+01
    -3.0714324779072516e+01 -1.9639890947450557e+01
    -8.6412101465632531e+01 6.7851254657109365e+01
    7.2481994922250237e+01 -3.9800366164935618e+01
    2.8198503074322680e+01 3.5946313588435380e+01 4.0372563193966982e+01
    -2.0775633010796607e+01 5.6490654943546815e+01
    5.8763729296173324e+01 -6.3678012539944667e+01
    -1.6713502335764466e+02 9.0483749549828119e+00
    -1.5767515718919256e+01 -1.6066327193915473e+02
    1.4919204471991839e+02 6.9180048855375375e+01 3.6304171368677309e+01
    5.3125032803647962e+01 2.9524806960625114e+01 7.3393890546138124e+01
    4.3446406964129949e+01 7.1530570085028785e+01
    -4.3996752850630131e+01 -6.7907383431765552e+01
    1.1858092100283487e+02 1.0891476488456355e+02
    -1.4861086380273264e+02 -1.7435034500256668e+02
    2.3492431539411889e+01 -1.0532070799645761e+02
    -7.5869955738160584e+01 -2.0535110280813534e+01
    -1.3055711220742472e+02 -3.8116101526877138e+01</data></s19_2>
</opencv_storage>
