<?xml version="1.0"?>
<opencv_storage>
<s19_1 type_id="opencv-matrix">
  <rows>200</rows>
  <cols>1</cols>
  <dt>d</dt>
  <data>
    -1.1467802097784443e+03 -7.6010903267372029e+01
    3.0541882122290019e+02 -1.2609443100475778e+03
    1.9520916788950169e+02 4.2211942078357549e+02 1.0839455964793723e+02
    -5.6376568170502503e+02 2.1161432620319817e+02
    3.7163571176860273e+01 -4.1096631855249888e+02
    3.3444539078032943e+02 -3.3649709669771937e+02
    -2.2773396942590836e+02 4.7295600161108803e+02
    -6.7443710292520564e+02 7.9825993419862797e+01
    -5.4828845075731060e+01 4.6266459554003728e+02
    4.6660012475026463e+02 2.7994444094736787e+02 5.9489450880077499e+01
    1.1196133586035400e+02 2.4048729623988467e+02 1.1465078258388384e+02
    1.7351292330947396e+02 -1.5418659118600578e+02
    -1.9099686637211209e+02 1.6359991390236019e+02
    -1.0797989068956700e+02 -1.2882711511786604e+02
    1.6367544467762454e+02 -2.9683749539614773e+01
    1.5454061452989265e+02 4.0935789594957619e+01 1.0337787381212895e+02
    -1.8655161263416140e+01 1.8613266168315878e+01
    1.7748553039807982e+02 -1.8989269514476625e+01
    1.4738628884872952e+02 -1.0404597174410178e+02
    1.1079604624761747e+00 1.3787214411837726e+02
    -1.0553987111687269e+01 1.5121979610429952e+02
    4.6416258039260882e+01 1.0324477623476265e+02 3.2409240730087461e+01
    1.4780582488300965e+02 -4.3743636312704666e+01
    1.0924267979758018e+02 -2.2445073578228195e+02
    -1.0302745192824644e+02 2.0015170059386969e+02
    -1.4072524588989057e+02 -9.6960146917113690e+01
    -1.8579446811268036e+02 1.0274184042055947e+02
    -4.2669929909480665e+01 1.3905202069337395e+02
    2.2458760722506810e+01 -5.0460537431377773e+01
    1.9070450467813611e+01 9.1632574054317743e+01
    -1.1622595392470825e+02 -6.5117481238860677e+01
    -3.3652730737290696e+01 -3.5617202792450179e+01
    1.3196360832394740e+02 -1.0204382562442143e+02
    -7.4986135492180907e+01 -2.5474846415931861e+01
    -1.6205456608027646e+01 8.0433562702438834e+01
    -8.8503015329308738e+01 8.9008355568221219e+01
    1.2773787502141093e+02 1.9904846064724289e+01
    -4.9865946671689670e+01 2.1027821929816895e+01
    1.3553715580931166e+02 8.1686075994943238e+01
    -1.9943742404235650e+01 5.1627800264573782e+00
    -3.4814848504051987e+01 1.0208850835274406e+02
    1.2144138878552562e+02 8.9209554243056601e+01
    -1.1945629503050262e+02 8.1325956746196781e+01
    5.6527002584103041e+00 -5.3050468685339006e+01
    2.9257893792284591e+01 3.0626436399930430e+00
    -6.5394060570899455e+01 1.1811136203985163e+02
    -7.8019460600105873e+01 1.3612295321325977e+01
    -1.4006706566286550e+02 4.4240148595148909e+01
    -3.9111293191363075e+01 -3.5270683364912003e+01
    1.6557609466448715e+00 -1.2979234572723283e+02
    5.7291398408132011e+01 7.0379048836017375e+01
    -2.5212847930397995e+01 7.4744306447503206e+01
    9.5925258697341462e+00 7.6743226964293470e+01
    -2.5881542076154091e+01 -1.2614045352508027e+01
    -1.3541051816875324e+02 -2.6082166396508498e+01
    -4.3086157220041173e+01 3.8727657332874657e+01
    2.7576269742498724e+01 5.3457076365401981e+01
    -3.9368112210669857e+01 -5.2390578433544000e+01
    9.0851365949366965e+01 -8.3701966050130103e+00
    1.7562855356713021e+02 2.9508171334160814e+01 3.7894013284985526e+01
    -4.9987637676143748e+01 -1.0244185207722093e+02
    7.0068918464484975e-01 -1.8149321335387203e+01
    5.6090553131074913e+01 5.0880000776187039e+01 4.7348182051759856e+01
    2.3349366351868447e+01 6.5778305632774037e-01 1.7977950938386702e+01
    -9.9489121023788854e+01 2.8693264662862141e+01
    -5.3999730023661485e+01 6.3683689634467008e+01
    -6.0565657914406552e+00 -6.9743555363718910e+00
    1.2655911095606402e+02 7.9003062753699439e+01 3.1369983995160577e+01
    -4.4056616582595694e+01 4.6993294262041267e+01
    3.2923323961300470e+00 3.2791516166080941e+00 3.7013887064164322e+01
    -6.5144832289332044e+01 1.3684307851625208e+01
    -1.0175128295118384e+02 -7.0866453410255744e+01
    2.3153679917008301e+01 2.8595284586177069e+01 9.8373976256947188e+01
    -5.0695898007906294e+01 -5.9893977896628314e+01
    -5.5906686058002627e+01 2.2088822566856511e+01
    4.3035667672123814e+01 2.0290437885972295e+01
    -5.6723635569698992e+01 -4.3636596883318632e+01
    -1.6143445782291818e+02 7.5593197871128282e+01
    1.1406787117464455e+02 -3.1069229259747079e+01
    8.1805799614006631e+01 6.8969355690844537e+01
    -6.3742765502360603e+00 -5.5893584871171711e+01
    1.2646767607136191e+01 2.6035810872650323e+01
    -9.0428852937301755e+01 -1.6809309022128224e+02
    5.9665400422831681e+01 5.3302320698227108e+00
    -1.5792311637431305e+02 1.4595675253456409e+02
    3.0427940183497036e+01 7.5938717526695086e+01 7.8150043971888664e+01
    8.8629365345819409e+00 9.9288238596643239e+01 3.9438559670922160e+01
    5.7519036801265621e+01 -2.5118835051462383e+01
    -7.4233421609903885e+01 2.3341655111255324e+01
    2.0850574293571835e+01 6.8405834070286616e+01
    -1.8276141972090729e+00 8.1896334814701532e+01
    -2.0601506082842732e+02 -6.3848807034660894e+01
    4.6343026076008575e-01 -1.4369421269406996e+02
    3.4968838902700071e+01</data></s19_1>
</opencv_storage>
