<?xml version="1.0"?>
<opencv_storage>
<s1_1 type_id="opencv-matrix">
  <rows>200</rows>
  <cols>1</cols>
  <dt>d</dt>
  <data>
    1.2776574951402623e+02 -5.2948494756947628e+02
    3.9071842647488131e+02 -1.4856395360351346e+03
    -2.2843204596745383e+02 9.0960195708263575e+02
    2.1803526259485398e+02 5.7908837967159371e+01 6.5782339164399275e+02
    7.7874462506235275e+01 -6.9477485187055080e+01
    1.5334489829983164e+02 3.1080877934594469e+01 1.4788432118796408e+02
    5.3844183306714957e+00 -6.1174594181819771e+02
    2.9401849604572033e+02 -3.1634000974082596e+02
    1.2614020278207178e+02 3.7830687358961575e+02 1.6737139558875853e+02
    3.7824252966770217e+02 7.0298108971247814e+01 1.6351273763667263e+02
    -6.5552838508152789e+00 4.7895851077590109e+01
    -2.6967733870327874e+02 2.9961220058089737e+02
    2.3946487277149521e+02 2.1507419131838379e+01
    -1.1175652744977678e+02 -1.9219863606906435e+02
    1.2526940975112754e+02 3.1005374212958452e+02
    -9.0548231379063495e+01 -4.8076809545490207e+00
    1.0117685548578474e+02 -1.8380865759288028e+02
    3.0175978686273493e+02 -2.4089453247198225e+01
    3.9472466112190617e+01 -6.2410756879285394e+01
    -6.7242412726794171e+01 2.0044028681562006e+02
    -2.9700145930003856e+02 2.0890006293780314e+02
    -6.9627020561460398e+01 4.4948871772421739e+01
    -2.0685420743542547e+01 7.7995011706924700e+01
    9.4401791901918060e+01 -8.4770371756197477e+01
    -3.1100495438817376e+02 -1.4444501185453760e+02
    1.9323806791654044e+02 -6.2859280370803781e+01
    7.5219474197999574e+01 -4.7372596488776111e+00
    -1.1075934616812768e+02 -4.7345133268865290e+01
    6.5301254559258425e+01 1.4032595730871675e+01 2.4139865713246316e+01
    4.3164948389656388e+01 -4.6260366593039471e+01
    1.8991747618265595e+01 -2.0536097222297371e+02
    -7.6692941061320738e+01 -2.3040534970318518e+02
    6.5917449827191476e+01 -1.0385103831430882e+02
    -1.2827242122898136e+02 7.2196545904167451e+01
    -2.1730006187601745e+01 4.1372561442123846e+01
    -9.4563589868761355e+01 -9.9397699325316125e+01
    8.3482958785669847e+00 -2.0728953434079256e+02
    -7.2740038489282322e+00 4.4324149919219884e+01
    1.4895851150202409e+02 -6.9542528540428037e+01
    -8.0252955536909326e+01 -6.9380049716352559e+01
    1.9472527087059910e+02 1.5823265297663006e+01 5.8747435649079797e+01
    3.1940642712768817e+01 1.0248440103900686e+01 9.4652053667033414e+01
    -1.1886828541825963e+02 4.9953449962369035e+01
    8.2942030093085435e+01 1.3430754043482631e+01 7.8958965868906916e-01
    7.0489572486985281e+01 -2.9629797454386986e+00
    -7.5115971541779736e-01 3.6806549502545721e+01
    -9.2717081362837561e+01 2.0029557020506640e+01
    -8.4613383726384455e+01 1.0926065420426724e+02
    -8.7188275989673187e+01 1.2505676281656378e+02
    1.4329977362338335e+02 -3.6211021217006284e+01
    3.5847059863234392e+01 4.0750685973392741e+01 3.5195794460408123e+01
    -3.3007814549661234e+01 9.8574007780662818e+00
    -1.1715974583806650e+02 -2.1784018059272839e+01
    -5.2539838293650256e+01 -4.0957994026335584e+01
    2.0091595452398426e+01 7.6720590295101630e+01
    -1.1297807662247833e+02 -5.4792894801761109e+00
    1.2133395463756041e+02 4.9040985717356136e+01 1.3526115234558154e+02
    3.5972139221787316e+01 -2.4922129053096974e+01
    -3.0627981178007769e+01 -2.4778119298643304e+01
    -4.0745696938300497e+01 5.7881477702652873e+01
    -6.3124118913932676e+00 1.3892261100984237e+02
    5.8819190969319891e+01 6.5908472711163455e+01
    -3.2830698171041512e+01 -9.3338193122894481e+01
    -1.6545554642265776e+02 6.3473425750375334e+01
    -4.8357533685188372e+01 -5.8299226691239539e+01
    -7.9062332256681458e+01 -8.4556180932203176e+01
    1.2025587866352613e+02 1.0101363518594748e+02 2.8738202802590905e+01
    -7.0269472120733539e+01 -2.1711500561274306e+01
    3.4019875886834036e+01 -1.0199374014916067e+02
    8.5746570036322055e+01 -1.8714301189420166e+01
    4.6014775917189468e+01 -9.2013692945687581e+01
    -1.3179916682895345e+02 -1.5581559197427664e+01
    -1.3214280927083766e-02 4.0320142864448805e+01
    -9.1474891785087067e+01 -1.4932793417255921e+01
    -3.2222693349743047e+01 -6.8910324899451169e+01
    3.1950367896651862e+01 2.9510086442323239e+01
    -4.7939086069224885e+01 -9.3266338958912229e+01
    -1.5444609718857600e+02 3.4937665500980003e+01
    6.1169132756836696e+01 -4.8883523075036514e+01
    7.9880297647785795e+01 6.0915506187083793e+01 8.2367931585504852e+00
    -6.7542685693149096e+00 6.9827117141350200e+01
    -2.0384378273851054e+00 -5.3790957983575417e+01
    -1.5083511234095715e+02 4.8803665385725992e+01
    1.4369933651859185e+01 -1.2551182118713433e+02
    1.5094915546602869e+02 -6.6748384128114289e+00
    1.1117578189107199e+02 3.6817886683436583e+01
    -1.0328773180313268e+01 6.6894158150495215e+01
    4.8291166693517994e+01 4.6592365069078717e+01
    -3.4683302722474089e+01 -8.2414801890579909e+01
    6.7410830407360919e+01 6.1735784771536942e+01
    -3.7929385661130276e+01 -8.3028591664552835e+01
    5.0292373589950863e+01 -1.5105508607158453e+02
    -7.2223086038233419e+01 -4.5805686309319968e+00
    -1.4218380345931433e+02 -8.9764026729637880e+00</data></s1_1>
</opencv_storage>
