<?xml version="1.0"?>
<opencv_storage>
<s1_2 type_id="opencv-matrix">
  <rows>200</rows>
  <cols>1</cols>
  <dt>d</dt>
  <data>
    -7.3994926482828930e+02 5.2993743279179694e+02
    -5.0062378821487528e+01 -8.0605594930437735e+02
    8.3121881706395484e+01 7.8860753737666585e+02 5.8610992527850385e+02
    4.7371194437262369e+02 -8.4067211280416416e+01
    -1.5937636207949001e+01 2.9071740903591731e+01
    3.8438476981293725e+01 -3.0050892015471214e+02
    5.5311463133333064e+02 5.1250805886182661e+02
    -3.7388852275765993e+02 1.8681241201846245e+02
    -7.5245527901066396e+02 -2.6670318058983315e+02
    5.7875244618282386e+02 -5.0364833131312224e+01
    -2.4717355288795807e+02 4.5290865784504666e+02
    4.1403331955783784e+01 2.1116236764065764e+02
    -5.0621682719843356e+01 1.6147865108108729e+02
    1.7412632909373087e+02 2.3310384454643537e+02 4.1897468745292173e+02
    -1.2497400136983549e+02 -2.0297360362522099e+01
    -1.5635112407729616e+02 2.6260834081105588e+02
    -1.0009353859760894e+02 -1.6779083440798274e+01
    1.3916985914364093e+02 3.1416455850387911e+02 8.4757315436997274e+01
    -2.5475262487858970e+01 -6.6100259518943147e+01
    2.2629598236636724e+01 -4.4376777669872035e+02
    3.0249592177586311e+02 -3.1973494962545473e+01
    -7.1397578408087057e+01 -2.8912110361863870e+02
    4.0099958642435418e+01 -1.6471625511510464e+02
    -1.6713683298688068e+02 -2.5133824327205426e+02
    1.2814087786075842e+02 -3.4533443708062100e+02
    -4.4207367110108748e+01 2.7372810268778881e+02
    -9.3183966436199938e+01 -2.0259943752787115e+02
    1.7891565950414250e+02 6.1740921395088213e+00
    -5.6586394349248124e+01 1.7113345979823490e+02
    -6.3957606432310934e+00 -1.0131179438814249e+02
    -2.9533371556634513e+01 8.0373559388910934e+01
    -1.7179184127604191e+02 -1.1838685241806692e+02
    4.4444625006870460e+01 -1.5495162022556335e+02
    1.9642559638003945e+02 -1.4228768829961629e+02
    -1.2037342319506384e+02 2.2503784047121621e+02
    1.5677759607660512e+01 1.2927650526357112e+02
    -1.0472913388730346e+02 1.6559670931525162e+01
    1.5213830768674055e+02 -1.2993097502137329e+02
    1.0567360310384636e+02 1.1922989689332859e+01 2.0364192853324951e+02
    4.1556594411778349e+01 -4.4631655871556504e+00
    5.2869941354028484e+01 1.3541665921241666e+01
    -3.1775454251899760e+01 -5.2446534822031900e+01
    6.4196992910022530e+01 4.5567820680620201e+01 5.6886767379617474e+01
    3.9092377601701983e+01 -5.8776434510671045e+01
    2.5255108176825345e+01 7.3485888237608677e+01 3.5939956139838216e+01
    5.3035644768364833e+01 -3.6134949996444895e+01
    -1.8248670941521574e+01 -9.7803230285878044e+01
    6.3924092115680558e+01 -4.2762672279888861e+01
    -7.8421918628225868e+01 -1.6091232837639733e+01
    -1.3678040632315921e+02 1.2232351410371615e+01
    7.8761987350908257e+01 1.0707343893070286e+01 1.0856994969460780e+02
    6.5730435806991451e+01 5.5637839426291968e+01
    -1.1713391207328905e+02 -9.7958676164584304e+01
    -1.4418026021126076e+02 -3.8142176071312943e+00
    5.0344881996806619e+00 2.6268109316517592e+01
    -2.3226474882277756e+01 -2.2829761033460176e+01
    -7.0446450915138541e+01 -1.4040908153954550e+01
    4.3035030022343371e+01 8.2652084044900036e+01 1.5418309328655027e+02
    -3.3567046541041378e+01 1.0145088058862981e+01
    -5.4933196702515374e+01 -1.1521424974930763e+02
    6.7271257944357103e+01 -7.3314509909123274e+01
    -2.4994743605886224e+01 2.9703269722806763e+01
    3.2360036681548735e+01 8.3558443095418511e+01 1.8944133895731774e+01
    -7.4582160039162793e-01 -1.3745100709592745e+02
    1.7085944143002639e+01 -5.7312010748997103e+01
    -4.5315455809708233e+01 -4.3766498490789289e+01
    -7.3289755097469950e+01 1.0986694570547880e+02
    1.6096580130536214e+01 6.2436248454111023e+01
    -7.3212612005766260e+01 -4.9447118857188634e+01
    -2.4722619443053574e+01 -4.4264404216764994e+01
    6.7180939977934344e+01 -6.8887627974129387e+01
    -1.8465439575900504e+01 -8.5090415256830639e+01
    -7.4859273971459189e+01 4.3473847202442100e+00
    1.2535746785727396e+01 5.7328491937013588e+01
    -3.5908847263800268e+01 -6.0688507779098046e+01
    2.8152356725816507e+01 9.8204501838463543e+00 3.0079108045875540e+01
    3.3096408492645395e+01 -9.4208796835237258e+00
    -4.5907276449211615e+01 -1.4357478767277195e+02
    3.4095041963980321e+01 9.0318532494771787e+01
    -3.5199536756832792e+01 5.3843556933566944e+01
    6.9015112013383501e+01 6.7103758916214531e+00
    -3.2580123200216789e+01 9.6541365397324395e+00
    4.6348495436520267e+01 -6.2396475076906206e+01
    -1.8272299610831271e+02 6.1641752139966897e+01
    3.0751402427298910e+01 -1.5853850702412836e+02
    1.8607668037681174e+02 5.1178284921837182e+01 4.6259068530122548e+01
    5.4889972656617545e+01 1.3884944377175618e+01 7.2691675392852545e+01
    4.9480995861255572e+01 7.9447009246839372e+01
    -4.4695601916638509e+01 -7.1065065602227875e+01
    6.2323437261199196e+01 6.4394671113878175e+01
    -3.3063410144110769e+01 -8.0300137736959570e+01
    4.8962806264991038e+01 -1.5649720792239697e+02
    -6.7482785401696489e+01 -9.5808863482684945e+00
    -1.4106175607070543e+02 2.3452646080000275e+00</data></s1_2>
</opencv_storage>
