<?xml version="1.0"?>
<opencv_storage>
<s1_3 type_id="opencv-matrix">
  <rows>200</rows>
  <cols>1</cols>
  <dt>d</dt>
  <data>
    -5.1407481380252375e+02 -4.4254959322211965e+02
    -1.1657155087440417e+01 -1.4333088314953782e+03
    -5.4028685576822522e+02 9.3259331606891465e+02
    3.9675428494921601e+02 2.4870041327511419e+01 7.7192588315093917e+02
    -7.3429862309897391e+00 8.3967141836920305e+01
    7.7552786105632777e+01 1.3623286159541482e+02 1.4263433846589646e+02
    1.6228550806718655e+01 -4.0179810312724061e+02
    3.4358603722629647e+02 -1.0803214020576220e+02
    -5.5134494285102058e+01 2.7611208075799203e+02
    2.1910250439476198e+02 1.5938987614771003e+02 4.9354077693868270e+01
    1.6721603402988499e+01 -1.8878696412535277e+02
    -4.2749947565856509e+01 -4.1182055633693132e+01
    1.5073864297995834e+02 2.2410700965594989e+02
    -2.5589345056241136e+01 -6.6754645243762653e+01
    -3.0030323156187040e+02 1.7948047206853127e+02
    1.7619434488338413e+02 -1.6290804045459819e+02
    6.8325282577865011e+01 1.1540277770338061e+02
    -7.6350688329281738e+01 3.9558257404180245e+02
    2.1396295175546626e+02 6.3204821588147475e+01
    -2.2131652070898667e+01 -9.4079314901704947e+01
    4.9315955476586922e+01 -3.8760098475009255e+02
    1.6084151361647130e+02 1.6682549641631727e+01 1.2213536286250317e+02
    -8.9512286584881892e+01 7.5834942493341828e+01
    1.4559968191720549e+02 -1.2550047691315221e+02
    -1.6160906642096236e+02 -6.2033564145681957e+01
    1.9580808219371127e+02 -1.1316803345475270e+02
    1.2015061153692622e+02 -9.5219576391785424e+01
    -5.5328725867031245e+01 -1.3363649653246432e+02
    1.4740796565887862e+02 4.2797078678915916e+01
    -5.9596440352844574e+01 5.7876660345182955e+01
    -7.9805348458146511e+01 -4.3337771001973763e+01
    -2.0442104473874269e+02 -6.2546961513374988e+01
    -1.6565571256498484e+02 1.1739698659389823e+02
    -9.1471436434765977e+01 -1.4759332261745953e+02
    9.3016544478095000e+01 -3.9790497462071045e+01
    1.4380929024623234e+02 -4.3868086605951206e+01
    1.5245920684194849e+02 2.5503048970739204e+02
    -6.0113137920316994e+01 -4.9020982430063633e+01
    4.2988467310164957e+01 8.3676466471683199e+01
    -8.9492419297489207e+01 -7.6072095903512178e+01
    -2.3136713047743878e+01 -6.0031608039894756e+01
    2.0290379109310769e+02 7.6326067214873021e+01 1.3557910555629891e+02
    -1.4677148058712956e+02 5.0153596348133419e+01
    -9.2749847482846192e+01 8.4265317760504104e+01
    6.4493169440475180e+00 5.2136466686300075e+01
    -1.3886765156424775e+02 3.9408925789705407e+01
    -1.1047540182150927e+01 -1.5234169587509169e+02
    -1.5615575204484733e+02 8.0095967426919259e+01
    -3.0932913869636263e+00 -5.9744251394199148e+00
    5.1703663755604289e+01 -6.2855999884009286e+00
    1.1118293059802900e+02 9.1662969434419033e+00
    -8.1492851497302397e+00 1.1286940008359356e+02
    -8.1945445955551790e+01 1.1183888868396298e+02
    -2.3392482221564157e+02 -1.4661197989254418e+02
    -7.7879399307206043e+01 8.1689060507873492e+00
    4.7919257675095913e+01 9.8257492447423573e+01 2.1702447535672755e+00
    3.9784944050224546e+01 3.2987271041918056e+01 2.4572586891835262e+00
    -1.3663701052811046e+01 4.5796519231814798e+01
    1.0600712732785628e+02 9.0126388972235318e+01 3.9976477972536962e+01
    -3.9528791424685444e+01 -4.9545530160755341e+01
    1.4861572084374862e+02 -1.4475546310108481e+02
    -4.9338792563698043e+01 3.0933620768241354e+01
    4.3982400803905307e+01 7.4858958508551211e+01
    -2.0712303934253683e+01 -2.5852872667590123e+01
    -6.2442250625084647e+01 -7.4272417030928626e+00
    -4.5015640653428825e+01 -5.1401327614490235e+01
    -7.9088265684286583e+01 -1.8410746855545341e+01
    4.1822088206025271e+01 1.7062308431505393e+01 6.6786153687436524e+01
    -7.8167763646961077e+01 -2.1827776880227027e+01
    -2.6098448500396945e+00 5.3071409610541318e+00
    4.9930581386812172e+01 -2.2710991154670456e+01
    3.2645477233170027e+01 -8.5654382072417462e+01
    -5.0759771973748656e+01 4.8157030212035835e+01
    3.6238250457732946e+01 5.2044313587830970e+01
    -6.7434364773037501e+01 -7.7823601710665216e+01
    9.4574801968246405e+00 -4.8862279897132828e+00
    3.9435642694715774e+01 1.0426276682135151e+02
    -3.9864540480987301e+01 -3.1046202817693771e+01
    -1.2453652886847706e+02 1.0391827623428309e+00
    1.1425812284400746e+02 -4.1982683091575609e+01
    5.2728929414968171e+01 2.4017068797527553e+01 2.6710532207764171e+01
    -4.7365071403481771e+01 5.7288602224996774e+00
    6.4831106214236485e+01 -1.0287923827671565e+02
    -1.7150484966176666e+02 3.4853987354379370e+01
    2.4837637834560287e+01 -1.7006750297733598e+02
    1.4410995481025682e+02 6.6645899894799399e+01 2.0791406041554357e+01
    6.9786162489800191e+01 3.1979630447813334e+00 5.9283629909033479e+01
    3.9365970776754132e+01 1.0960180178286616e+02
    -3.7914507805797058e+01 -5.3388462340126814e+01
    7.8964242759880349e+01 5.5921909964719354e+01
    -2.5659076302266826e+01 -8.3195240016263341e+01
    5.4509965235190599e+01 -1.6136538555331575e+02
    -6.6612322255808863e+01 -7.3596245462931602e+00
    -1.4589488441009283e+02 4.5330739501958233e+00</data></s1_3>
</opencv_storage>
