<?xml version="1.0"?>
<opencv_storage>
<s1_4 type_id="opencv-matrix">
  <rows>200</rows>
  <cols>1</cols>
  <dt>d</dt>
  <data>
    -7.3441473269876712e+02 -1.2967343192128944e+03
    7.4503548907384436e+02 1.1203066044066441e+02
    -4.6248346271529078e+02 4.7686931458274074e+02
    -5.0128616730879446e+02 -3.9904452776564278e+02
    5.0924707144946939e+02 2.8146960027627665e+02
    -7.7199248761196452e+02 1.9730570018014316e+02
    -1.8290985632226037e+02 3.0879782789394102e+02
    1.1180897085212932e+02 -1.1713660500106465e+02
    -5.7459856396224232e+01 -8.2205030452451524e+01
    -5.9050712916420833e+00 4.3547007840256850e+02
    7.0947880693721686e+01 2.2342267853050672e+01 1.7142500497262472e+02
    2.0788679217870214e+02 2.8305269672887110e+01 1.1706786252906992e+01
    -1.8335398797253393e+02 1.4271630540313751e+02
    1.5057789685978747e+02 -1.7444629057812571e+02
    1.7059667181691222e+02 -1.6149242743302972e+02
    2.7777887704920222e+01 -2.3827818377433042e+02
    8.5428010803992773e+00 3.1751097935130463e+02 6.6397720657523323e+01
    -3.7200031756555518e+01 5.3597740369329145e+01
    6.0043925370753108e+01 3.7349535700516284e+01 2.8262673455961038e+02
    1.1871924948942812e+02 1.4068164950950651e+02
    -2.5074759666635919e+02 9.4416196087540001e+01
    -3.4782703087420763e-01 1.5486946281356282e+02
    -1.0735444444954200e+02 1.2936003435041568e+01
    7.4053608530145482e+01 -1.1794511348373635e+02
    -1.8607843253056064e+01 -1.2054530299143890e+02
    4.2382272366557618e+02 -1.0967063975417609e+01
    -1.6983933269558747e+02 -9.0042192539372692e+01
    1.9180478558989901e+01 -2.6108318574690156e+01
    2.6203767551365922e+02 2.3776092746561243e+01 4.0685867909021852e+01
    1.3764320706875546e+02 -1.4130453576702902e+02
    1.0886717256127903e+02 4.6656417129247458e+01
    -4.8341531624670431e+01 -1.9727111320892723e+02
    1.6441718472790205e+02 -1.4762486228144880e+02
    -1.3936666304209007e+02 9.6285264960843164e-02
    -1.7017246963493665e+01 1.6937941499310153e+02
    -6.4462157485767960e+01 -3.1919104473055473e+01
    8.5223097903573603e+01 5.0205085242131958e+01 5.9929188767837218e+01
    -1.7083780696461366e+02 -2.3231729018874301e+01
    5.9800755085703258e+01 -1.0271776614551671e+02
    -4.5871025184821654e+00 1.3483334041051915e+01
    -8.4615373460772346e+01 -9.1978402058923947e+01
    2.0671593844457027e+02 -2.8510493400499893e+01
    -6.5119962956417709e+01 2.2074073340623219e+01
    -1.1180384451240144e+02 -2.9989727490912301e+00
    7.7125792317990602e+01 4.3452583670681094e+01 1.1734257315359331e+02
    -1.4407366106467205e+02 -8.0145850827468706e+01
    -1.0660287718818154e+02 7.9607309054833735e+01
    -3.4621479249844604e+01 -2.9167303487335424e+01
    1.7836934890169542e+02 -7.9470482037319911e+01
    2.1874227505184543e+01 2.2072279808807757e+01 4.3457904763108374e+01
    1.3657108582160748e+02 -2.7136728648281188e+01
    1.0174502202608357e+02 -5.7833174206843317e+01
    -1.1577996440160551e+02 -1.0326899135169532e+02
    3.4258623338625675e+01 -4.5773809383881535e+01
    5.3343185455919215e+00 -3.6961401726493470e+01
    7.5436199402187427e+01 -1.1113905912646783e+02
    -7.9350057158479785e+01 1.1096339616609112e+02
    4.6574396110633112e+00 1.4767784613036039e+02
    -9.5447126667348130e+01 2.9482159809512776e+01
    -6.0325776885149807e+01 -9.0801480326708699e+01
    6.4481811636363275e+01 -3.4871763764435087e+01
    -7.5796683638051846e+01 5.1295581400933862e+01
    4.0178607948130391e+01 5.3396767913528450e+01
    -4.8138399644831388e+01 -7.9307415888560243e+01
    -1.2421004957168252e+02 5.9098895406656901e+01
    -3.9341319695775340e+01 -2.1942755362283677e+01
    2.8927249785674087e+00 -1.2114306666798491e+02
    6.4611706854690141e+01 -3.1556809762541174e+00
    3.8812006886637356e+01 -7.2012237673409004e+01
    7.5270750083058182e+00 6.7526675753431036e+01
    -4.4325897105545110e+01 9.6980499789330224e+01
    -9.5748903773999629e+01 1.1189192169529608e+01
    -8.3779944887129972e+01 -5.9916428025100714e+01
    -1.5696432851277123e+01 -1.5871960898473628e+01
    8.9445015959466105e+01 -3.1957670011233805e+01
    -6.0675821266604615e+01 -9.4283447849385968e+00
    -1.0165845455028586e+01 3.5817583201812212e+01
    4.2325224934479031e+01 -5.2244841369767656e+01
    -4.9450834775240494e+01 -1.0201908400775376e+02
    6.2283540399185611e+01 9.4689751847118004e+01
    -3.1119918010498818e+01 3.2751407867526439e+01
    4.6204526087622448e+01 2.7932234456168118e+01
    -2.8877955769901025e+01 4.6580787309030192e+01
    3.2372909532369064e+01 -5.6487900388509267e+01
    -1.9064233813072255e+02 6.6914294933865904e+01
    -1.0298148038527975e+01 -1.4082646108437183e+02
    1.5452149387045037e+02 6.4299411125152844e+01 6.1509738954132409e+01
    6.1179961093013922e+01 3.4455786934768500e+00 5.7369259239621641e+01
    5.4279726281268147e+01 7.2421231843228242e+01
    -3.3045447709689576e+01 -7.4277576800592726e+01
    6.5458824887269344e+01 5.9483757195604582e+01
    -4.2439437025997123e+01 -8.2125072527741281e+01
    5.3662403209105690e+01 -1.6515144540837534e+02
    -6.9770744945576411e+01 -2.3733721576772386e+00
    -1.4326243189280049e+02 1.7569739182954916e-01</data></s1_4>
</opencv_storage>
