<?xml version="1.0"?>
<opencv_storage>
<s1_5 type_id="opencv-matrix">
  <rows>200</rows>
  <cols>1</cols>
  <dt>d</dt>
  <data>
    -1.0717842704182237e+03 -1.2346408870058958e+03
    6.6594982100925904e+02 -1.9319331273328771e+02
    -1.4830768185727592e+02 3.9621644040177665e+02
    2.8045868256080547e+02 -1.0306586706925174e+01
    8.8684595251635713e+01 -4.3922095400963443e+01
    -2.4753958467519163e+02 1.1783587852225166e+01
    -2.0303045437657346e+02 4.7281418189877053e+02
    4.4100521135281593e+02 -4.4201996587454957e+01
    2.2651457133088289e+02 -7.4161111462935389e+02
    -4.4380248234257687e+02 4.8927634584358094e+02
    1.1430483236823032e+02 -9.2925841279485169e+01
    2.9134933934779252e+02 4.3647030189926807e+02 1.6075865000453032e+02
    1.1916779037347249e+02 -1.0904594241218133e+02
    1.0926217261558178e+02 3.0378343342296864e+02
    -1.9546900327601247e+01 -9.7955348862889309e+01
    -7.6283868011868677e+01 -2.7008032389869072e+02
    2.6007037631819622e+02 1.8006828850362268e+02 5.5141194009065394e+01
    -1.2259757513841414e+00 1.7754011710608043e+02
    2.0601879405517522e+02 1.5205373510489630e+02
    -1.1403277298769363e+02 2.2458783248843787e+01
    -1.1349760499433665e+02 1.3781855629005292e+02
    -4.3117425324700655e+01 -1.6722553597565118e+02
    2.4051924456187979e+01 -1.0499010489350759e+02
    -8.3213728480914995e+01 -8.5651887513321832e+00
    -1.6262280204955141e+02 3.1980784447086720e+01
    -1.3133430358429302e+02 -1.3714565977816719e+02
    4.1779341117205085e+01 5.2879892515042982e+01
    -2.1651215615687772e+01 -2.8118047466074284e+01
    -1.1909740241489611e+02 -9.4264394692736047e+01
    -7.0532201251347729e+01 1.9427527859591564e+01
    -7.2320108817702845e+01 -5.8281311005944425e-01
    1.0649295495440663e+01 -1.9594014831450522e+02
    1.1057815552223461e+02 -4.5775725045382558e+01
    -7.1096549215396916e+00 5.2060354996260955e+01
    -1.6086562536904196e+02 -6.3228815458650182e+01
    7.6227289628112223e+00 6.5852839059350416e+01 1.9707872389355416e+02
    -2.9009274676805216e+01 1.6006707257140101e+02
    1.2006334850267757e+02 5.4692462417285386e+00 2.1569599348349367e+01
    -1.2631975325333434e+01 1.2338179022914349e+02
    1.1915374054282115e+01 -1.1021145081308173e+02
    2.2446113849377646e+01 -7.9044631833663729e+01
    1.7220122944866341e+02 1.1686777777511342e+02 1.1399700095943578e+02
    -1.5998493905251385e+02 1.6624060767585874e+01
    -3.3682029320270793e+01 -1.3897656300387624e+01
    4.7069577723686379e+01 -1.1327315749318843e+00
    -5.6065726615103678e+01 1.3448892074965150e+02
    7.1791470504960301e+01 -6.8646373897410243e+01
    -5.2917761626299878e+01 3.6773013227307771e+00
    1.1781653287453601e+01 9.2710658272604277e+01 1.9413734060859363e+02
    -5.0580712620930164e+01 1.7010957507089444e+02
    -4.1741169611296208e+01 2.2880634542320077e+01
    -1.2816043775653156e+00 -1.1719179013336730e+01
    2.4319897311671951e+01 -4.8265579913374332e+01
    -2.3585135882788244e+01 -5.3632259790035050e+01
    -2.2875373762221034e+01 -1.0013913027391764e+02
    -2.5564072431406803e+01 1.8062994812842499e+02
    1.4595401580297570e+02 6.1733130587391457e+01
    -4.6661056008649034e+01 5.8230697010274767e+01
    -5.4987117081385776e+01 9.3809078557025174e+01
    -4.7699507650768339e+01 2.3961094231263989e+01
    -4.5786673366312982e+00 -3.9761966656981592e+01
    5.8063336060065772e+01 -1.8834599850606523e+01
    -2.1132044903772151e+01 1.1970514454374901e+02
    9.5276947399679614e+01 9.5110000764250032e+01
    -9.3265059719932850e+01 -6.3882993266177024e+01
    -3.1449322660380986e+01 4.4167916752517854e+01
    -3.4938614388144389e+00 -1.5563743949097862e+01
    -7.4618411906722869e+01 -1.0539788010760219e+02
    9.7244298937833292e+01 8.8824596542251783e+01
    -3.7994124226342116e+01 -2.3886086196448542e+01
    4.2932814144741279e+01 5.5555756221525439e+00
    -4.7875957906695803e+01 8.7401746931835476e+01
    -1.1975199278838796e+01 3.3492275057795432e+01
    -9.5884259072829423e+01 -6.1173773819613750e+01
    3.5494519831485789e+01 -2.5822005702045909e+00
    4.3344992276501010e+01 -3.3882581145268674e+01
    -2.9629946947463999e+01 -1.5718034096481830e+01
    4.8700887505720658e+00 3.3130124523618100e+01 2.5013636359091905e+01
    -5.7324355626976150e+01 -8.0927916510784399e+01
    -1.6270697334288775e+02 2.0189275672866003e+01
    1.3353828389906553e+02 -5.8356252002249626e+01
    2.9935948585178672e+01 4.2305577924556751e+01 4.6513422806535097e+01
    -3.3610352027665932e+01 3.1372231292841281e+01
    2.0391362906355866e+01 -4.2803787855796870e+01
    -1.7906608560885638e+02 4.9700909577219356e+01
    -8.0702381353503494e+00 -1.3305348733393075e+02
    1.3021858222878876e+02 3.8595275488984463e+01 8.1973663338599792e+01
    6.6931792895242125e+01 -1.3330179543090045e+01
    7.0863521572741703e+01 5.3783216501941908e+01 8.1667233880302831e+01
    -3.3734722237151217e+01 -6.8579043179808181e+01
    6.7535288150308688e+01 6.3508858583003445e+01
    -4.1374978532878657e+01 -8.2775140874736579e+01
    5.3826892956752225e+01 -1.5238684960411149e+02
    -7.3176059377390288e+01 -4.2859974234765099e+00
    -1.4163037391827268e+02 4.6971198513574008e-03</data></s1_5>
</opencv_storage>
