<?xml version="1.0"?>
<opencv_storage>
<s20_4 type_id="opencv-matrix">
  <rows>200</rows>
  <cols>1</cols>
  <dt>d</dt>
  <data>
    9.3162481659764853e+02 -4.5981994416130084e+02
    4.7516518421038739e+02 -6.3197417351660158e+02
    -1.9853449951833403e+02 1.0019201185376709e+03
    -1.2174297807667267e+01 -6.0943897504996960e+02
    -3.0586039040925471e+02 -2.1199295547353600e+02
    7.1363490729314094e+01 4.8316527221006436e+02 1.3652349560485601e+02
    4.5328505858729818e+02 2.2658927456695363e+02
    -3.7614148155685109e+02 7.2394929500919304e+01
    -6.0451932017188699e+02 -1.1381560647412403e+01
    5.8479845634110255e+01 -1.9828260053273695e+02
    1.3730351371518665e+02 -1.4308557624098160e+02
    2.1344437847512327e+02 -1.0602984630366190e+02
    -1.1035464558594109e+02 -1.8647945060265857e+02
    -3.8864038819337816e+02 1.0374532477986843e+02
    2.2767787011076607e+02 1.1572911707562673e+02 1.4376174649448549e+02
    -6.9545440390133038e+01 4.4856676639149936e+02
    -1.3528702588546295e+02 -6.1357143245296768e+01
    -1.4706588901858053e+01 -7.8663423037167519e+01
    -2.9777891347349441e+02 1.0347575733619912e+02
    1.8207581219162961e+02 -2.9897303613648126e+02
    2.2548643464130760e+02 -9.4028087733694683e+00
    -4.6547962670697110e+01 1.9806839537923716e+02
    1.0216382040823055e+02 3.7508464922253182e+02
    -2.4445884559795687e+02 -5.2559729055744853e+01
    4.0179461654467161e+01 6.5424191418971517e+01
    -1.7231717491318489e+02 -2.2910724521935811e+02
    2.3207525431415885e+02 1.7713118176323150e+02
    -1.1184964272764645e+02 1.1914630510009997e+02
    -6.3896122331801323e+01 -1.3028895050019941e+01
    2.1565108306981941e+02 -7.0403275737271244e+01
    -6.8452219768971432e+01 -1.7898875334567645e+01
    -7.6570027102493739e+01 -2.4006444760807096e+01
    -1.6364876190119057e+02 3.7045373792758454e+01
    -8.6640592086197771e+01 7.4244457265656774e+00
    -1.0340072112343415e+02 -5.0512219234639026e+00
    -4.1150493430429741e+01 4.3863200065998491e+00
    2.2084761313565571e+02 -1.8050667672716145e+02
    -1.4832285100793355e+01 -7.0601122967561585e+00
    -2.5453339325465375e+01 -1.1241173047423236e+02
    -3.0139590993081988e+01 2.5366546119048792e+02
    5.3245537129505493e+01 -1.6708914694478460e+02
    -3.3768279132993683e+01 -1.8368533208378219e+02
    2.0800967882919394e+02 -1.7359289304708717e+01
    1.3858929657506138e+02 -1.2671652369426582e+01
    1.1303419708183849e+02 -7.7541635604162906e+01
    7.5176367444609269e+01 3.1195384703221062e+01
    -1.2588077684515564e+01 9.6718853106681081e+01
    2.3118084977626008e+01 -3.9092875752198708e+01
    -6.8078058373066142e+01 -1.1832435454702646e+01
    4.7101499771809173e+01 1.9053227807944552e+01
    -2.4105927399972611e+01 9.5931964589266684e+01
    -9.9574202403324676e+01 7.6849613275734455e+01
    6.3743395012026049e+01 -1.5398907368682661e+01
    4.4458814393391627e+01 4.5776701905604988e+01 7.1749623465479644e+01
    -7.3909710736750569e+01 -1.6595803876596403e+02
    -1.5246045212651978e+02 -5.6112963366425113e+01
    -3.1310677340719320e+01 3.3286419005406664e+01
    3.1794016926155102e+01 9.5132619905610483e+01
    -5.6423331456239417e+01 -5.9629300378107040e+01
    1.1760464798567062e+02 -9.1659477058708685e+00
    6.9053349067387032e+01 -5.7949238608595522e+01
    6.3609041397428520e+01 -8.3094635437822806e+00
    -8.7886494708086914e+01 2.1407659828709246e+01
    -9.9155222748084128e+01 4.8503288334629877e+00
    3.3663459411788068e+01 3.0050800898705269e+01 5.1668752173958396e+01
    -3.9662773525750424e+01 -6.8971280855086619e+01
    -1.5687857398826065e+02 2.1493561204099187e+01
    -3.2757938434501980e+01 -4.7886754903812481e+01
    -6.2284608195707833e+01 -1.9755562354812326e+01
    8.4216692632249902e+01 4.4839234009436474e+01 1.3803447152154201e+01
    -6.7148654393788078e+01 -9.9156245218293400e+00
    1.9381228100042637e+01 -1.5216879369686463e+01
    6.9133324615039058e+01 4.9718617832984693e+00 5.1232718831942769e+01
    -6.6642750244991674e+01 -7.4553360777782075e+01
    1.7252682196655918e+01 -1.1578518831535117e+01
    2.0481702952207790e+01 -5.5320394738773203e+01
    -7.1663764020035615e+01 3.6299536860497554e+01
    -2.3192806087345975e+01 1.5596509876200454e+01
    1.2822794329558114e+01 -7.7551903260923654e+00
    -3.1682385837151966e+01 -1.4323786312481772e+02
    6.5634890239272124e+01 9.5546304769457095e+01
    -2.8026150488077807e+01 4.0835839416017613e+01
    4.0157030044578917e+01 1.2794631060439306e+01
    -7.7265999652514054e+01 3.2587863869119573e+01
    4.5421590189873100e+01 -6.1846763012848704e+01
    -1.5462160412538233e+02 6.0268102609880131e+01
    6.4653903512749302e+00 -1.5852765084922001e+02
    1.7154624076221461e+02 6.4846601797586928e+01 4.9091693353310873e+01
    7.1042860291732083e+01 -3.6731442489772710e+00
    9.6062857658606518e+01 3.5772989223352518e+01 5.9512260736543205e+01
    -2.8106489786212304e+01 -4.9961613630338299e+01
    5.9186972707901759e+01 6.6818852344508272e+01
    -2.9772911451754059e+01 -9.0663697938040158e+01
    4.8569139773533408e+01 -1.6285771314108723e+02
    -7.0225227539236329e+01 -4.3640422991643497e+00
    -1.4415737015229641e+02 -4.6875792081394407e-01</data></s20_4>
</opencv_storage>
