<?xml version="1.0"?>
<opencv_storage>
<s20_1 type_id="opencv-matrix">
  <rows>200</rows>
  <cols>1</cols>
  <dt>d</dt>
  <data>
    1.3092655514640803e+03 -1.6983984716759963e+02
    3.0878496431087405e+02 -7.1168259270231124e+02
    3.4865147082804515e+02 9.6033988310121003e+02 3.5772993768337199e+02
    -1.9971665047080478e+02 -5.8712343060471460e+02
    -1.3653439919269280e+02 3.3739635282013899e+02
    3.8380453519603623e+02 -4.0252929433949248e+02
    5.1329754389934294e+02 5.0078970434422922e+02
    -2.5799051813262855e+02 9.7617496094177497e+01
    4.6540467125942179e+01 1.1179555024445723e+02 2.3050955175600851e+02
    -1.4210429921469142e+02 9.3479508148482410e+01
    -5.1863459934007196e+01 2.2003729450378427e+02
    2.1087604862159540e+02 -1.1803040605137232e+02
    -1.4677754443794089e+02 9.7619567821640786e+01
    2.5137103352551313e+02 9.6181399960073762e+01
    -1.5439977029605330e+02 5.7274271423189738e+01
    1.4698975924168823e+02 -7.0665062949441321e+01
    -1.0934322459969945e+02 -2.3770812766999509e+02
    -2.2161359590670091e+02 3.4771440443263621e+01
    3.2342556680682333e+02 -7.0122841913263429e+01
    -4.0239635244221283e+01 -4.0300914007594431e+00
    -2.4882518523189248e+01 1.1278502331690854e+02
    -1.7445600676122748e+01 2.4549485770118233e+02
    1.9691066735703066e+02 -1.1944871692705404e+02
    7.8605596769227617e+01 1.3514885415379862e+01 1.3533138323542843e+02
    -1.9549551823414927e+02 -1.9094464556726015e+02
    -1.3324360817738318e+02 2.1918587055643519e+02
    -4.0193509779567592e+01 -2.0320940783167904e+02
    -5.3333915035378169e+01 6.7851308568842601e+00
    -6.2445690958840174e+01 1.9413155165359299e+02
    9.6266783559918650e+01 8.0612265479373079e+01
    -4.5488264827067198e+01 1.3672037385027416e+01
    -1.2015099967961365e+02 -2.2888561777889496e+01
    -4.0077689567166843e+01 -4.9978513577159575e+01
    3.4362972273135099e+01 -1.5223591997731785e+02
    -1.3471654982677208e+02 1.0125131373186782e+02
    6.8856560549280545e+01 9.4082396371279145e+01
    -1.8140363815359646e+02 -1.0261774405382617e+01
    7.9335823584557573e+01 -1.1139714941675589e+02
    -1.2573008719813696e+01 9.7815348525630696e+01
    3.5551732046552331e+01 6.7580922135378714e+01
    -1.2358807319990161e+01 1.2447935455321456e+02
    -3.3927682112198433e+01 4.4782334935183023e+01
    6.8880735999310147e+01 -7.4175178656573195e+01
    -4.5327152899936060e+01 -2.9706393596069475e+01
    1.3137146910962533e+01 -4.5525152888879347e+01
    3.3438109918229628e+01 5.1052119453405446e+01 1.5450242137265059e+01
    2.1104417374446616e+01 2.4893845555095030e+01
    -9.5909132283472303e+01 7.6354102100536522e+01
    1.2847865541929283e+02 1.0539345834370343e+01
    -4.5866282719987971e+01 2.9475920000331435e+01
    -2.2664248240895279e+01 3.3377795525979856e+01
    -1.1585071982420983e+02 6.3307897818300688e+01
    6.7810121440286352e+01 4.5070791811881449e+01 2.1727065418300219e+02
    -1.3727441801023619e+02 -2.1256313153619615e+01
    -7.8132218955674915e+01 -2.1331874201123629e+01
    -2.4922915401275574e+01 5.5484923555070800e+01
    3.6221647514689323e+01 1.2005259766859987e+02
    -1.2623644284212908e+02 -5.6888458928974359e+01
    7.3966454388684582e+01 4.2734375044585249e+01 5.2696633581438910e+00
    5.1570128709771666e+01 4.2783324047757255e+01
    -7.1891029085694544e+00 -6.3751158319224544e+01
    1.8595302011664639e+01 -2.1201662246299204e+01
    -4.9792261079650579e+00 1.2938885862450206e+02
    2.9399150723974006e+00 8.5101006865370437e+01
    -7.0809946030076887e+01 -7.9331094428246956e+01
    -3.6963787584061130e+01 4.2891771344594353e+01
    2.5044183534139147e+01 -7.3067456865764979e-01
    -7.1022890059572376e+01 -1.2791198884962192e+01
    1.5372214269374564e+02 3.4455853525564279e+01 4.1687293119064798e+01
    -6.0932519510769922e+01 -6.1767032517898173e+00
    4.1989293800641846e+01 2.3316490909527823e+00 9.4924747563480580e+01
    -6.4202036950321229e+01 1.5336009489148140e+01
    -6.5406449884167529e+01 -1.0707493844103021e+02
    -3.1416817010277995e+01 1.9113345475361236e+01
    5.0641399551236582e+01 2.4811682960158439e+01
    -3.6592323284472414e+01 9.7517252202809104e+00
    -1.2397207341949956e+01 3.8265934573997320e+01
    6.1553397626032300e+01 -1.1261375022729609e+02
    -3.0479747486261182e+01 -1.2206796541352844e+02
    8.3199767344620469e+01 8.3111022415161827e+01
    -1.2102674859299983e+01 4.6851065914927954e+00
    4.5874070379467803e+01 5.7892973193308592e+01
    -3.2633018294533564e+01 2.3282670680616405e+01
    8.1902622847969653e+01 -8.3905468282878857e+01
    -1.5703427285867423e+02 2.4171808941323903e+01
    3.2487056040068751e+01 -1.4369587465633586e+02
    2.0102364444677750e+02 4.8499876505122614e+01 6.1332302947723221e+01
    5.1931714693836490e+01 -2.2237498122983069e+01
    7.0616270420250757e+01 4.3087009840484839e+01 1.0166289576818833e+02
    -3.3596393132925002e+01 -9.6735519649775597e+01
    6.0482894445562756e+01 4.5352021067004173e+01
    -3.9552676845004804e+01 -7.8262942931172930e+01
    5.4422675188376303e+01 -1.6771063743179025e+02
    -6.5162425318869026e+01 -4.0048708291974240e+00
    -1.4039118461889709e+02 -4.6642325022161213e-01</data></s20_1>
</opencv_storage>
