<?xml version="1.0"?>
<opencv_storage>
<s20_5 type_id="opencv-matrix">
  <rows>200</rows>
  <cols>1</cols>
  <dt>d</dt>
  <data>
    6.7704531261739578e+02 -9.0098174444501501e+02
    7.7910230342805721e+02 -5.7830264634727826e+02
    5.2847032415353942e+02 1.1897540121024626e+03
    -3.4474164513049800e+01 -5.4908279440250806e+02
    7.1282507840800022e+01 5.9660385328045230e+01 7.6725000594713066e+01
    3.2800436595585160e+02 -4.0912465732020769e+02
    2.0185629463950690e+02 3.3552682568089210e+02
    -3.0334844312601501e+02 7.8257127854691419e+01
    -2.0289127696131851e+02 1.6541184730286892e+02
    2.3247010678637128e+02 1.0046982616825949e+02 2.4936583970316855e+02
    1.0942378987410051e+02 3.9253770936326077e+02 1.1368242845206525e+02
    1.4539467518071369e+01 -2.2413822410681183e+02
    -2.4016674919244249e+01 2.6073743073734977e+02
    -5.3922832175437499e+01 -1.1860563514126389e+01
    1.7948672546956527e+02 -1.2868763485296205e+01
    -1.1656143827574661e+02 -7.0544010629542640e+01
    4.4042167815947380e+01 -1.7196064979130847e+02
    -3.7375832046689574e+01 -1.8034117133585241e+02
    -7.8790833728204873e+01 -1.0464440968905153e+02
    3.1658145781287384e+01 5.0479439884346384e+01 2.1537513639422258e+02
    -1.1178036485022609e+02 -8.4463939006520718e+01
    9.0113584682831899e+01 -2.4250815608033062e+02
    5.8850022112073610e+01 6.8004199429681123e+01 1.4266159301118557e+02
    8.4615298325657534e+01 7.3114197310250631e+01
    -1.3866264410902463e+02 1.2046401873597277e+02
    2.1297755735330679e+01 -1.2266844990418551e+02
    5.9607222029298939e+01 -2.0466800056363798e+01
    -2.2284113703044873e+01 1.4335912998141325e+02
    -3.9728531959177701e+01 1.4196272294811012e+01
    -1.0488964686574590e+02 2.5321226222198614e+01
    -3.7529400688597832e+01 -1.8045626998628694e+02
    8.7440210237693051e+01 -2.0834401807546396e+01
    6.8393785686331796e+01 1.5239388436748049e+01
    -1.2881700113105228e+02 8.4591617345679623e+01
    6.5123320010684594e+01 1.4168456541133591e+02 1.0433094108430961e+02
    7.4429015738126409e+01 1.3421779880013136e+02 7.6615872900751853e+01
    4.3389344354641629e+01 2.0620992721818151e+01 2.4871712919329872e+02
    -6.2826587522551641e+01 1.1685211004459125e+01
    7.4571061365122176e+01 1.6840731823336068e+02 1.5706137586778863e+02
    1.8516685764477771e+01 -1.2515017428071621e+01
    -1.4839304891073297e+02 -4.0371828603290311e+01
    -8.5685311465829272e+01 8.5867062946578855e+01
    3.4313302580833820e+01 4.6738893455232109e+01 1.0897982626089805e+01
    -2.9173623974757064e+01 -1.3654018463056927e+01
    5.1640383540916275e+01 -1.1994340506948859e+02
    -8.5187340823282497e+01 -1.1923373202452407e+02
    1.1045562590836070e+02 5.9710839080406387e+01
    -8.9605556730461274e+01 4.5535181979505523e+01
    2.6241139363063875e+00 -4.2589232981627575e+01
    7.2194818311377944e+01 -4.5167643392227752e+01
    4.8012396193465278e+01 -8.8778324706792091e+01
    -1.1794827104465898e+02 -1.1266323717473870e+02
    -8.6715847273033731e+01 1.6096143267644599e+01
    2.1200633316073880e+01 -1.8400443017492851e+00
    1.2476102635807285e-01 -6.7602178065718785e+00
    2.7209441653590076e+01 3.2755272169304398e+01 6.0756596695680521e+01
    7.5886658378749814e+01 -3.3817746393155161e+01
    -5.8751848558581486e+01 -5.9965933256012455e+01
    -3.6575710948889885e+01 4.3460257365796664e+01
    -4.6656829571932377e+01 -2.9792729442042724e+01
    -4.5415395544681161e+01 -2.4444392565267861e+00
    6.2143319888194284e+01 6.4874541092576692e+00
    -1.0647031615492567e+02 -1.6097850460985913e+02
    1.1255535552193980e+00 -7.9407571447279295e+01
    -3.2676512692515601e+01 -6.5617024208886747e+01
    -5.9575568716960447e+01 1.3863472108189839e+02
    1.6522351610455772e+01 1.0173262616189787e+02
    -9.9636403961343916e+01 -4.7038649536345432e+01
    -4.2432971228541660e+01 -8.0196266360181099e+01
    1.3619872224490655e+02 -5.4854270717897563e+01
    1.4390146031319844e+01 -1.0262380393560746e+02
    -1.5542378013309436e+01 -1.3567303444811185e+00
    3.6448234734202352e+01 6.0793799658191887e+01
    -9.3129258822993407e+01 -5.3904822591802862e+01
    -3.5589486645287103e+01 2.6978063123135762e+01
    5.6473054694891808e+01 1.7814554940981608e+01
    -6.0456634668435996e+01 3.1018482667331502e+00
    -1.1585038113532666e+02 7.5712775746926312e+01
    8.9878921604380338e+01 -5.1842993357662195e+01
    3.0355674435450023e+01 4.4687390447530767e+01 4.5363981972827979e+01
    -4.1958082032490488e+01 -6.4058874090366471e+00
    6.2047706804618059e+00 -6.7070884049847848e+01
    -1.9302353496544009e+02 4.7220027587436249e+01
    -6.0011713690546991e+00 -1.2403439355891160e+02
    1.2618654387658445e+02 2.5613467401134686e+00 5.4245752087895546e+01
    3.1509391964068811e+01 -2.5484041762221313e+01
    5.2856344458732465e+01 3.0614329535721712e+01 7.0136026863001277e+01
    -3.3047177554299765e+01 -6.5761570798426064e+01
    7.5765798072220733e+01 6.3949986964809518e+01
    -4.0015174625955808e+01 -8.3304076904533787e+01
    4.9878339779142763e+01 -1.6401302580915197e+02
    -7.4106227593355300e+01 -8.8369511330044279e+00
    -1.3722857754450322e+02 1.9726020803629376e+00</data></s20_5>
</opencv_storage>
