<?xml version="1.0"?>
<opencv_storage>
<s20_2 type_id="opencv-matrix">
  <rows>200</rows>
  <cols>1</cols>
  <dt>d</dt>
  <data>
    1.3885753423411900e+03 -2.3031014111133274e+02
    2.5959067697654496e+02 -6.8399010995279843e+02
    2.3570773117559941e+02 9.5914984363248232e+02 3.6551831654051375e+02
    -7.3155330102883440e+01 -6.4080878042692427e+02
    -2.3777161476082316e+02 3.1358855099042785e+02
    4.0154488753739031e+02 -3.1363988758607951e+02
    4.1788538186370823e+02 3.9462080214391864e+02
    -3.2834213131021187e+02 1.5537231226064262e+02
    1.2809332221023231e+00 2.2587744872634534e+02 2.4363307669434826e+02
    -1.4205976325004508e+02 2.0978749139269081e+02
    -4.4177686149147640e+01 1.7972629853313620e+02
    1.2376760058480832e+02 -1.4047450735975380e+02
    -1.9267061405296073e+02 -2.1981196438944934e+01
    3.4410303980253627e+02 -3.0168192084388849e+01
    -2.1981572970840597e+02 7.9737918173392671e+01
    1.7279985155601875e+02 -1.3934255913421810e+01
    -5.0694969400474443e+00 -1.8718538333452284e+02
    -1.8670495118910003e+02 9.3185239857610327e+00
    2.4345551604309708e+02 -1.3639959635181887e+02
    -4.3193060994049567e+01 7.6113163529941929e+01
    5.1496180383510591e+01 6.7727121597783125e+01
    -7.4858804014651682e+01 1.3270878729496053e+02
    4.5669999657533737e+01 -2.0133727728230485e+02
    -1.7515436168634080e+00 -6.6736634485288818e+01
    7.6409751350849376e+01 -1.9008186207760721e+02
    -1.6266121263302608e+02 -9.1636420482940878e+01
    3.0110413563479807e+02 -5.2621148917351483e+01
    -9.9772002562433741e+01 -1.4002973923895462e+02
    -1.8128605854034476e+00 -7.5062285576677297e+01
    1.8606584094082376e+02 2.4032625728683055e-01 5.2149588950822888e+01
    3.5893198979877653e+01 -3.4117149173719007e+01
    -1.1333101264315681e+02 -7.5527284498906113e+01
    4.0305298637206079e+01 -8.6028189344975061e+01
    8.6324299297970356e+01 -2.0213909282875863e+02
    1.3118225062924056e+01 9.3210564966370484e+01 3.1831406511939684e+00
    9.6127986328132081e+01 -2.0558599991839910e+02
    1.7615541197237006e+00 5.7316211538960758e+01
    -1.7724804220702988e+00 -4.3582330891719032e+01
    -1.1200884565477389e+02 7.3716795995313490e+01
    2.7615905253936276e+01 -9.4564940842873824e+01
    5.0339498714834690e+01 -5.4251887827492041e+01
    1.1585586058708284e+01 1.9740718417145366e+01
    -9.4170723383166752e+00 -6.2158930453732388e+01
    -2.2511188760221458e+01 -1.8999153839573676e+01
    4.5947682441614020e+01 -7.5064587795751665e+00
    2.3679417594981462e+01 -5.2332728865303459e+01
    1.1021968486329702e+02 -5.4273112611111507e+01
    -9.2928455474191210e+01 -7.9365303540367421e+01
    9.5575913209797534e+01 -6.1225006384983693e-01
    -3.6322850205621442e+01 8.9511503117846914e+01
    3.8336039466172274e+00 4.1568704650905609e+01 1.3131931399205891e+02
    -2.1018669152372397e+01 8.9337794459031571e+01
    6.5108561742727773e+01 -1.9094316025994328e+01
    -1.2087700473119237e+02 -5.4212710916419596e+01
    -4.7836221086143269e+01 -4.2964496518855476e+01
    -8.7137750408248394e+01 -6.8019672383033068e+01
    3.0277643022090388e+01 7.6071552813025889e+01 1.7219514772265438e+01
    1.6823041667781364e+01 1.4095809030174411e+01 4.7589681386812430e+01
    1.5480179090645808e+02 6.7894846216652436e+00 5.4475213591899816e+01
    -2.7998726460088310e+01 -9.2365748043752447e+01
    1.5727767954582936e+02 9.1537355327240206e+00
    -5.7326303756916079e+00 1.0384545165837399e+02
    1.4088956832998468e+02 9.9213473704801160e+01 1.6308583023635026e+02
    6.5685229792624842e+00 -1.2760060939415911e+02
    6.0929557779903348e+01 -8.1816512645850736e+01
    -2.1064001185419091e+01 7.6320495775990169e+00
    -6.9594115010222140e+01 4.7814024909450858e+01
    2.8494315708073017e+01 -8.6966564682220664e+00
    -9.2060959518795059e+01 1.0405881536136041e+01
    4.0372583531894996e+01 -3.9252805568310002e+01
    8.4898692317217382e+01 -1.1259096280344836e+00
    9.3784276541709971e+01 -9.3606134233209431e+01
    -1.6693360816590602e+01 8.3904803343836122e+01
    -2.5275849894106357e+00 4.0863131952054935e+01
    -1.2143088333026296e+02 -7.7079675669674870e+01
    -3.0798632989703361e+00 2.7242683179882487e+01
    2.8501012412260440e+01 1.2050691628347632e+01 5.2865233247319956e+01
    -7.0858555327077141e+01 -1.5287999120248043e+02
    1.2789185223757247e+01 1.5955973056641315e+02
    -4.0602691699837067e+01 3.7647462342803948e+01
    5.0923701472305829e+01 -5.6981361313116096e+01
    -3.8548565947458400e+01 -4.1252888521582243e+00
    4.3068064938524815e+00 -1.9318919721551399e+01
    -2.0620916153605032e+02 9.9264965021986967e+01
    1.9709459304061415e+01 -1.3216377477591126e+02
    9.9380017915995580e+01 2.5949243187932385e+01 5.6446126337010718e+01
    5.2798811335258925e+01 2.2561499089591614e+01 7.9201028625060189e+01
    4.4653610532558979e+01 5.2985551546902620e+01
    -3.1821624243776355e+01 -5.2368344152049630e+01
    6.7138681639098465e+01 7.6423749252941036e+01
    -3.6732246578647711e+01 -8.7387932686597949e+01
    5.6783969609887883e+01 -1.4543591125765866e+02
    -7.3333808027420545e+01 -6.6300809137513959e+00
    -1.4434526742895733e+02 -5.8726958421860653e-01</data></s20_2>
</opencv_storage>
