<?xml version="1.0"?>
<opencv_storage>
<s20_3 type_id="opencv-matrix">
  <rows>200</rows>
  <cols>1</cols>
  <dt>d</dt>
  <data>
    1.1301003313214990e+03 -2.1411723103613343e+02
    3.5218102915913687e+02 -8.6751808323540604e+02
    2.3966607400482715e+02 1.2138910437574802e+03 2.7816863273391255e+02
    -2.5898324248826208e+02 -3.5960171607207769e+02
    -6.6875425547406607e+01 3.6177496629400912e+02
    4.6036375890452263e+02 -2.4086135123685708e+02
    4.1592401768762159e+02 2.9422340508107953e+02
    -2.7855811845452985e+02 1.8460252994148721e+02
    -6.6537904308328905e+01 1.9199521634464369e+02
    2.5958658162084470e+02 -2.2474392124738515e+01
    3.1314861820813195e+02 -1.0660269268577581e+02
    2.4166688636058458e+02 -1.1655471745730608e+02
    -2.2779409135275353e+02 -1.9459138340011631e+02
    -2.9065808978658186e+01 4.8467781680887254e+02
    -7.6365575734848520e+01 -9.7656586667888419e+01
    1.4991497621002321e+02 1.7779772531230901e+01 1.5183063484285398e+02
    -6.6676001597379411e+01 -1.1431380324208953e+02
    -1.0120783164495685e+02 -6.7913977922953308e+01
    1.6885269454089800e+02 -8.0868009484420540e+01
    7.0638924218588500e+01 5.6820411188180969e+01 1.9259686600047687e+01
    3.1225130384329867e+00 -2.0982294537620785e+02
    4.9804981261390481e+01 -4.7119599807077542e+01
    -2.5023663189222097e+02 -1.3098892464551664e+01
    5.0511250201739797e+00 1.2314367602194588e+01
    -2.1079628904227806e+02 -1.4875242899966707e+02
    -6.8898985814822396e+01 1.2981300346544884e+02
    2.3572587934878644e+01 -8.1606465430230571e+01
    -1.8702093683501165e+01 -6.5866544008654744e+00
    -1.2840171671029728e+01 1.7036646681115980e+02
    -1.1071660642159604e+02 1.4914008093667281e+01
    -2.7771905014521074e+01 5.9491642606467572e+01
    -5.7619334046221205e+01 -1.8934406140856385e+02
    5.4882750952343486e+01 -6.4215033728698614e+01
    1.3801982831647706e+02 7.4390801807859674e+01 1.0609094548254314e+01
    5.0810513585352858e+01 6.1165829743202366e+01 1.1665047647019496e+02
    -4.4989784929514364e+01 1.0496951058968654e+02
    1.0021051902361509e+02 -2.2741497042277786e+01
    5.2337734967852057e+01 -6.0160668952920936e+01
    1.1218435492913314e+02 5.5706461805390447e+01
    -6.8091671945927303e+01 -3.3873556850687024e+01
    -1.4128832826236357e+01 4.2584418344740016e+01
    -4.4588907687668588e+01 7.8748376537621581e+01
    2.0125088684149603e+01 2.0757763232891460e+01
    -8.2488939436860150e+01 4.6525313056600226e+01
    -9.2471508504229419e+01 3.4897482399938696e+01
    -1.3661993633948555e+01 1.3643443337108133e+02
    -2.0283279546562007e+01 -2.4811729063999330e+01
    -2.3162343937618391e+02 4.0053426421144893e+00
    -3.6360899817820980e+00 -2.6908667820150342e+01
    4.3030128354805775e+01 -1.8902746910075820e+02
    1.5592741697706822e+02 1.1538601618671704e+02 7.9007309774420264e+01
    8.5153175622766479e+00 5.8614743855029765e+01
    -2.6907109801791753e+00 -1.2107460414278410e+02
    -5.8663110161135386e+01 -8.7402263306567548e+01
    7.7130992805472346e+01 2.6128047444384983e+01 2.1686384580663010e+00
    -5.8761379658381742e+01 7.0201578346925956e+01
    7.7034853578472237e+01 -5.2949227213445852e+01
    4.8540568275734913e+01 -9.9550569296900917e+01
    2.1687674331756651e+02 -8.6014685931180338e+01
    5.0665231303891773e+01 -1.0849353685533211e+02
    -9.1286756347992394e+01 1.0285986992661347e+02
    4.9726858759464399e+01 -3.3308269647133102e+01
    9.9789998212881045e+01 1.2074788212473149e+02 5.9092053377151146e+01
    -1.9233762525114318e+02 -3.4564556220854598e+01
    -1.2525276889566419e+02 -2.6873394745441097e+01
    -7.3348987612473223e+01 3.3051722571357018e+01
    -1.0688536242921816e+02 -8.3532355546265478e+01
    1.2051801955582702e+02 5.2879480494564390e+01
    -1.4078759700223282e+01 1.9470166143318252e+01
    -2.5510177289087426e+00 -1.0796160571658023e+01
    -5.3756767256975834e+01 5.2603632543202053e+01
    -8.6938349941028733e+01 -4.3231753899068217e+01
    -6.8245012555313551e+01 -7.8533623197019750e+01
    -2.9933313489768704e+01 6.3044100586167238e+00
    7.4238237253736600e+01 -4.5760412222936679e+01
    -6.0341788305762705e+01 2.7434640433230740e+01
    -3.5269154372528298e+01 2.6869693901063719e+01
    2.7397575850215983e+01 -3.5638818114184893e+01
    -7.0407787233775281e+01 -1.2949907100668904e+02
    3.2887966404756249e+01 3.6207881844767833e+01
    -4.9198595147159374e+01 7.9214646244026113e+01
    7.3498333190598245e+01 3.7921290765784512e+01 2.9872307774876563e+00
    5.7623470038010879e+01 7.9947313639446349e+01
    -5.8302946104832536e+01 -1.3594948929439317e+02
    1.9965551232393445e+01 2.1920579106865191e+01
    -1.6822507091956095e+02 1.6343696487945411e+02
    1.0419124961966591e+02 3.7725449279326959e+01 8.3556189872300109e+01
    1.8762300830080502e+01 6.5226829825376470e+01 5.0831185118466692e+01
    1.0072882602660096e+02 -5.8348566387199753e+01
    -7.4598911577739955e+01 8.6697151298292653e+01
    5.7509305720273929e+01 -1.9084471474217835e+01
    -7.2607987200753897e+01 5.1369084603408993e+01
    -1.5924971854321242e+02 -7.5870301700511916e+01
    3.8472752598498960e-01 -1.3734739290372787e+02
    4.5012313421125203e+00</data></s20_3>
</opencv_storage>
