<?xml version="1.0"?>
<opencv_storage>
<s21_2 type_id="opencv-matrix">
  <rows>200</rows>
  <cols>1</cols>
  <dt>d</dt>
  <data>
    1.0796805078755795e+03 -1.7301173437318084e+02
    -3.5826952452205813e+02 -7.7464999844231534e+02
    6.6071031440188960e+01 2.4961515399452463e+02
    -9.6879445832267180e+01 -8.0128864568522579e+02
    7.6165468030802913e+02 -3.1727814796504771e+02
    1.9011062700095263e+02 4.4713991996491819e+02
    -4.8715838337050775e+02 -1.8035010489840033e+01
    -2.3190590952632220e+02 -1.6662129658841690e+02
    4.8429903199549909e+02 3.7830049918619380e+01
    -9.7164025745435737e+01 2.9124660067804047e+02
    -1.9745572632919726e+02 -4.3889884954416738e+02
    8.3624474277043319e+01 3.2126731375454449e+02
    -1.0954392896558609e+02 1.6762046680660868e+02
    -4.1399099881546272e+02 -1.3561219441836741e+02
    4.1814214469156724e+02 3.6828270516888449e+02
    -2.0985648264182768e+02 -6.4244128336340282e+01
    5.3200957381366891e+01 -3.1588114326905621e+00
    -1.1138962115080255e+02 -1.7647732549607335e+02
    -6.1328745486897958e+01 7.8019844777506293e+01
    1.8411589334235092e+02 4.2778398005821330e+01
    -1.2146625250298182e+02 1.1665671135963589e+01
    -6.0605978339831950e+01 2.4030804897750468e+02
    7.0052604670088130e+01 7.2265251587225947e+01 1.9133413250667144e+02
    9.7014717810056496e+01 3.9641254687966395e+01 1.6671144842379476e+02
    -1.0942015413397865e+01 -7.7783387689741019e+01
    -5.9517736410518395e+01 -2.5438499856744275e+02
    3.7842884894160727e+02 -1.0429770535696704e+02
    -1.3027976161712149e+02 1.0992621001860061e+02
    -1.4155899279043719e+01 -1.0410114999790866e+02
    7.8966743857837088e+01 4.4567470299144730e+01 1.6526837256055583e+01
    8.9272890023950097e+01 -3.0470368808938581e+01
    -4.7460349721326494e+01 -1.1061739076748233e+02
    2.2749389789749927e+01 -6.2100752126014944e+00
    1.1621254057709159e+02 -7.0685794295144319e+01
    -1.3488655195973695e+02 8.5242981050067883e+01
    7.2131756700252083e+01 2.6461778013927477e+02
    -1.4249674994056099e+02 1.9285525753532562e+02
    1.3342871437779553e+02 -1.2731677930458602e+02
    5.8057785916574524e+01 -1.4970197145676050e+02
    1.8415018996314313e+02 4.3278946520731782e+00
    -2.4360478259744841e+02 8.8328148938184778e+00
    7.5478925731816375e+01 1.4391170090501168e+02 7.2464437136287373e+01
    1.2974378644825492e+02 -5.3023792034608647e+01
    1.5258786629520793e+02 -1.0053508384034664e+02
    4.1042329069588760e+01 2.6191892074349582e+01 1.7161021621502618e+02
    -3.8550961300859413e+01 4.0393154642647966e+00
    -7.4408271889804581e+01 -9.6358469344881030e+01
    -1.7576664338001032e+02 -1.7227451681078112e+01
    2.7583484049070108e+00 4.0646659325983364e+01 4.1829312200303249e+01
    -5.3375491712186275e+01 -1.0450072446530308e+02
    1.6206239149827147e+02 8.9610248378187748e+01 5.0372465948329477e+01
    1.0669105677280326e+02 1.1976011756979675e+02
    -7.7055126641737729e+01 4.0961015013382038e+01
    -1.5807521182861214e+02 -7.5168231393740371e+01
    4.9919901121309643e+01 -6.2789435699074749e+00
    3.2801940975490256e+00 -1.5085107964257247e+00
    -3.8904023409444150e+01 -7.8123426728220807e+01
    1.0764694072957703e+02 -1.0895414033006386e+01
    1.3081222030323607e+02 -3.6695295638943165e+01
    -8.1035254388390445e+00 -2.5683810381521560e+01
    -3.8435095887247975e+01 2.0836006427625250e+01
    -1.1208539904236854e+01 3.3849157750281947e+01
    6.8265726031619380e+01 1.5273368314033888e+02 8.0107764241894046e+01
    -5.2522356392738621e+00 -2.4639205587502619e+01
    -9.2543798482163009e+00 6.0130038797942539e+01
    -8.2693058289436181e+01 -2.1788365447924864e+01
    -8.9882612874731095e+01 -1.1272907712773589e+02
    9.5889295118691408e+01 5.3217312493132063e+01 1.1152841419435829e+01
    -5.4104500068536126e+01 1.2185270940734746e+01
    5.0085490564856386e+01 -9.3953996711411314e+00
    1.2501542249285814e+02 -5.3513042550055545e+01
    3.4870225541435751e-01 -8.0641468677433195e+01
    -7.4934681990291949e+01 -1.5383748393242518e+01
    -3.2459425206350183e+01 2.5168618834208094e+00
    -6.3140918259774459e+01 -3.5991858972415564e+01
    -2.0139830702984121e+01 3.3685720962824838e+01
    -3.1008406931826904e+01 7.2875788818580986e+01
    -5.1473377803292124e+01 -3.8063329168877019e+01
    -1.3844187376357291e+02 2.3140544078051111e+01
    9.4779319898686580e+01 -6.7179013235567680e+01
    4.2686575331091753e+01 4.3942160294952622e+01 1.8224381163353566e+01
    -3.8765077937317699e+01 1.3859327841544498e+01
    4.6555877096242540e+01 -5.9400510298426234e+01
    -1.6570291762546174e+02 5.6330582183617757e+01
    2.6177321499200133e+01 -1.4890185854333853e+02
    1.7101239264995678e+02 4.1323090401418384e+01 4.7819550861235093e+01
    6.6471520598029755e+01 -1.6254306198423443e+01
    6.6223423188063535e+01 4.4857339752828302e+01 6.8365167659665332e+01
    -3.7161094577074365e+01 -7.7629983825187537e+01
    8.5194978932722790e+01 6.1744420084806023e+01
    -3.0088211435798954e+01 -8.0215906304812094e+01
    4.8336797085983996e+01 -1.6045657700696458e+02
    -6.8792099188221115e+01 -4.2650664124840425e+00
    -1.4819330651705224e+02 6.6312123983324138e+00</data></s21_2>
</opencv_storage>
