<?xml version="1.0"?>
<opencv_storage>
<s21_1 type_id="opencv-matrix">
  <rows>200</rows>
  <cols>1</cols>
  <dt>d</dt>
  <data>
    1.1653931585297505e+03 -4.7766393395138601e+02
    1.3478955257856362e+02 -6.4740931559205535e+02
    6.4079461730137086e+02 1.1578588713211285e+01 3.1235940854090768e+02
    -6.0967493270776606e+02 5.9370428522933162e+02
    -6.4679444653091059e+02 -1.4666759793071797e+01
    3.9377306067986041e+01 -2.5985308940369248e+02
    1.6333306182326251e+02 7.4058061469560840e+01
    -3.8762464235965570e+02 3.3575003699250743e+02
    -4.3239608750406809e+01 -7.1803497654199802e+01
    7.3630427041549547e+02 1.2954724034849562e+02
    -9.9090222628963943e+01 1.0035799574429089e+02
    2.0380342483452796e+02 -2.2785081197784731e+02
    2.3653051335120122e+02 -2.6407083569957632e+02
    -7.7816596377991260e+01 1.3536670009060902e+02
    5.0081901626843069e+02 7.9170916535162220e+01 9.0224842734133048e+01
    9.8398963674050620e+01 -2.5359454647477119e+01
    -2.4042721469656396e+02 -2.0536816014054480e+02
    -3.7302388859281876e+01 -1.3470200935472459e+01
    1.6411758442339934e+02 1.0149350727289985e+01 1.5068462754187968e+02
    9.5998882881801180e+01 2.6857016356763035e+02 7.1233450708554727e+01
    -4.1416706558247412e+01 1.6431101270830666e+02
    -2.6374022451852781e+01 9.8189878152441814e+00
    1.3086980996143544e+02 1.1428764962826344e+02
    -6.7914453333798065e+01 9.5259159155009030e+01
    -4.1456782288170018e+02 -9.4595788892367352e+01
    2.3191453640718143e+02 7.9548807088960103e+01
    -2.0627826522448362e+02 -1.8800066716082881e+01
    -2.7346158610233616e+01 -1.3384702309896551e+02
    1.4440926452029404e+02 -4.6977350132918630e+01
    2.0310921399374081e+01 -2.9614434397174634e+01
    1.0267173314741592e+02 -1.1342809088964553e+02
    -6.6336660587053913e+01 -8.0256461516295602e+01
    -6.9663902457179717e+01 1.7170354800828074e+00
    -2.5822300043552394e+02 -1.8363519265300414e+02
    -5.6655630086408451e+01 -3.2071242571296501e+01
    -2.2852252897029445e+01 -6.6012221446292796e-01
    -5.5509456194012166e+01 2.1454921594411226e+02
    -1.5408174413564652e+02 -7.2658806247116189e+01
    -3.0818072997195635e+01 2.0152096318493525e+02
    -1.4568190211512749e+02 -8.6637420359303476e+01
    -8.0447606428915961e+01 7.2086103746356201e+01
    -1.3124384484836108e+02 -6.7170003989285192e+01
    2.1362011072856443e+01 -8.0451146362782481e+01
    6.0712134305645769e+01 -1.1038024871785373e+02
    8.3690571518209524e+01 -6.0542106075685588e+01
    -8.6521847631833324e+01 -4.8884852923892907e-01
    2.1261920537403708e+02 -8.1042239507632544e+01
    4.6885358733044157e+01 -2.4369675088705350e+01
    9.4266920633378447e+01 3.3120872018595207e+01 8.2173969288185660e+01
    9.1175881187377485e+01 -1.6863723365174539e+02
    1.5915185479688515e+02 3.2463052125829419e+00 7.0522527179263406e+01
    -4.3458743699613748e+01 5.3162843714695967e+01
    2.5015346236691819e+01 -1.0505123476679893e+02
    -7.0242267345009623e+01 -4.4607500195982766e+01
    -2.1298638145244901e+01 -4.7455969069015559e+01
    3.0978807937694182e+01 7.7605754815949922e+01 8.2129696475039893e+01
    3.7809089123182353e+01 7.2417899367702709e-02
    -1.9078513745783141e+01 -2.8262346662027941e+01
    1.3448642344164139e+02 -3.6004503163921925e+01
    7.4619095860165430e+01 -1.4830689671361604e+01
    -2.4339330559627999e+01 4.8537494943600954e+01
    -3.3221270982496193e+01 -2.9518293678397551e+01
    2.6810666030466113e-01 1.3643225071620634e+01 8.5591023859079471e+01
    1.5319794794815536e+01 -4.2717671307611340e+01
    -1.0388012355415756e+02 7.8216486391177384e+01
    -8.4708028106579192e+01 -4.8533153653475971e+01
    -2.1316000203536476e+01 -5.3716153057376872e+01
    4.5500431046615958e+01 2.0566312253139859e+01 6.6337057963888867e+01
    -3.6437437810868822e+01 -3.2891934663160143e+01
    2.3633632516897052e+01 -1.6827902910616469e+01
    8.0267182181256914e+01 -8.4679907820878896e+01
    1.0696914181530005e+01 -1.1597793598453501e+02
    -2.6668682441261105e+01 3.6490387826920605e+00
    4.1395903812944956e+00 4.6403521609039821e+01
    -1.7627616149939442e+01 -4.4616217602911490e+01
    5.6712619598672394e+00 7.1775092971955514e+00 3.0137960125764042e+01
    5.4626771429098625e+01 -4.2789814747180159e+01
    -6.9226867857441704e+01 -1.2211211776408439e+02
    6.5484584208896308e+01 9.6485205480901797e+01
    -6.5880620962277703e+01 8.8300172350512796e+00
    6.1793844876797399e+00 2.4793461240273416e+01
    -2.1965615623835387e+01 3.8936023140956536e+01
    5.4293680021917794e+01 -5.9866260968703074e+01
    -2.0159782564171519e+02 4.4303690610613515e+01
    2.5294115595143179e+01 -1.5422069670264824e+02
    1.6911825627296298e+02 6.1381766723574280e+01 1.9171027517852639e+01
    5.6054374405539789e+01 -9.5858222077845330e+00
    6.2976264307293114e+01 3.5430501960211672e+01 8.8086420769655291e+01
    -4.5704253749665064e+01 -6.3686570002812658e+01
    6.6513598989867106e+01 7.0952046221811884e+01
    -2.2122407394491685e+01 -8.8667420504208408e+01
    5.8194914423530804e+01 -1.7048732360822737e+02
    -7.2849612319034719e+01 -2.1915504096477534e-01
    -1.4173662845779450e+02 7.1385346798757432e+00</data></s21_1>
</opencv_storage>
