<?xml version="1.0"?>
<opencv_storage>
<s21_4 type_id="opencv-matrix">
  <rows>200</rows>
  <cols>1</cols>
  <dt>d</dt>
  <data>
    1.0889345049704016e+03 -7.0382570001020292e+02
    2.2131821103254327e+02 -4.1164502939504035e+02
    4.5985061221019265e+02 4.8882365905863838e+02
    -4.5894778972437166e+01 -9.0418097825853374e+02
    7.7435215186614778e+02 -6.6494319367164587e+02
    1.2112611558263400e+02 2.1350405080910755e+02
    -1.8998429940696843e+02 1.5176801569530102e+01
    -2.2932060941944846e+02 -2.6949241713724024e+02
    5.2769717312254318e+02 1.9778311925139025e+02
    -9.1812150544796921e+01 4.8073606547563594e+02
    1.3976330469265966e+02 -1.3493972976760296e+02
    5.9920090946816877e+00 2.0339854690219755e+02
    -9.3148063226111731e+01 1.8895978902813454e+02
    -1.7457544747109321e+02 1.1691847748686327e+02
    1.1246663947868964e+02 2.2472045021942790e+02
    -2.4074296035862787e+01 1.1987534966626833e+02
    1.9862244468593474e+02 1.1295796908918923e+01
    -4.8520470839760385e+01 8.2524330560857322e+01
    1.4645388577075431e+02 4.0662695739392873e+01 1.4536189187756815e+02
    -4.6721344282316117e+00 4.0321905458662059e+01
    1.0850859718014324e+02 2.2322027981410639e+02 2.0683839820354842e+02
    -7.4942691419393853e+01 -4.7018542306466941e+01
    -2.1998006876504877e+02 -4.7960400156773346e+01
    -9.2702927495230639e+01 1.1868510797800379e+01
    -1.0454511020355737e+02 -5.8324640578031186e+01
    -2.5589836799960352e+02 -1.8286602301174548e+02
    1.6475528011727101e+02 1.4552971208644058e+02
    -1.2285206837135922e+02 -4.9315543946583063e+01
    -2.5677680695167798e+01 -9.9065829445714016e+01
    1.6151998806629484e+02 -2.7241817374700467e+01
    5.6941923554339724e+01 1.6273544008837186e+02
    -6.8384998322963764e-01 -7.1051201838182905e+01
    -1.9496165889132914e+02 2.2840271468749496e+01
    -1.9962543302981626e+02 4.1769349511136511e+01
    4.7676330081779765e+00 7.5192075875495632e+01 7.0210144957695178e+01
    9.8252060570031219e+01 2.0393009615055229e+02
    -6.2582407938274606e+01 3.9886479995245750e+01
    1.7826971469210071e+02 -1.6897996369066526e+01
    1.0043002728447247e+02 8.2089136690838714e+01 1.0565094169573196e+02
    -5.7866560455989466e+00 -1.0686540298450548e+02
    6.5255423797600287e+01 -9.7532548458096329e+01
    9.9714061517197536e+01 1.4325668374114420e+02 1.7432759779186075e+01
    -3.4024498771110373e+01 2.3722818226232018e+01
    1.4203588060424943e+02 -6.0668550337176619e+01
    1.8205946770956734e+02 -2.6642373240676388e+01
    -5.9522587197515826e+01 -2.3337245726037903e+01
    2.6537755434498209e+01 -1.0622181609312145e+02
    -8.3787149195983844e+01 6.9397880393384440e+01
    -3.9459957529492208e+01 -6.5615812280522405e+01
    1.1884508250802543e+01 -5.6506107050405809e+01
    1.1706123527699764e+02 3.6165040862356783e+01
    -4.5176106276185976e+01 5.3726453168783436e+01
    7.3020116936370812e+01 5.1780410747800445e+01
    -5.1813905565266595e+01 -2.2277764438089116e+02
    -1.6821614537680344e+02 3.5683770194442346e+01
    -4.8151926387120305e+01 6.4929606022288652e+01
    4.2208596820432774e+01 1.7575644297507242e+02
    -1.8080914054643218e+00 -1.6839719549666317e+01
    2.4121116172787783e+01 5.0086015215843709e+00 1.0497842799276131e+02
    -7.0220934232323202e+01 -5.5362947370193943e+01
    -3.9714499497177563e+01 -1.0936132915837327e+02
    1.1516530957477919e+02 1.2453028838319808e+01
    -6.1307044076331515e+01 1.2370232055321412e+02
    1.3776967297177228e+02 9.1865720101971903e+01
    -3.7142412823817963e+01 -6.7654329553813497e+00
    -1.1221398598306790e+02 6.1590144836905381e+01
    -7.2197393658718909e+01 9.3017353882993739e+00
    1.5663087271665146e+01 2.9627524716506837e+01 1.4819610724801203e+02
    6.6065592251644844e+01 5.0081678401793503e+01
    -6.5016128641999885e+01 -1.1101549018400424e+02
    -1.0382950562290974e+01 -1.2121103701543387e+01
    1.0249082045991342e+02 -4.1265583606869122e+01
    -4.9755114329739349e+00 -4.2427116454175405e+01
    -1.3478542019482722e+02 -2.1856859655587300e+01
    1.3103982571019479e+01 9.0503987325273201e+00
    -6.2043331129107926e+01 -1.5836761341614933e+01
    1.0141391506701236e+01 3.5036511943456112e+01 6.6273005086790988e+01
    9.0171324516252760e+00 -7.0101614040261921e+01
    -6.0046605317105005e+01 -1.1845012851606737e+02
    6.8684700153116566e+01 7.9018222834766732e+01
    -4.0178084172025329e+01 7.8455150890967957e+01
    4.5641725999282286e+01 -5.8909609443091577e+00
    -1.4029246695238413e+01 3.0279196516981408e+01
    3.4911196693229371e+01 -5.5100433396105736e+01
    -1.7460094191646809e+02 6.3765501449357785e+01
    -8.3581170870383996e+00 -1.3551722368037093e+02
    1.2623328069621647e+02 1.4877157723351626e+01 3.7261885405689199e+01
    4.4671872609042474e+01 2.2508583557970034e+01 1.0149911884896726e+02
    3.6628800297111532e+01 7.5086350802213929e+01
    -1.9188089702284952e+01 -8.6218322130547250e+01
    5.9910664541856079e+01 6.9684414230624171e+01
    -3.0680864352204267e+01 -7.3852932721505113e+01
    2.8521919154190307e+01 -1.5919535099840834e+02
    -7.1627344167303463e+01 -4.9618911166266182e+00
    -1.4587635972126989e+02 -5.3841957249732584e+00</data></s21_4>
</opencv_storage>
