<?xml version="1.0"?>
<opencv_storage>
<s21_3 type_id="opencv-matrix">
  <rows>200</rows>
  <cols>1</cols>
  <dt>d</dt>
  <data>
    1.1932374061314795e+03 -2.0531593034060742e+02
    -5.0741297268362842e+02 -5.7423882499206161e+02
    -9.8661359747038617e+01 2.3570412516814474e+02
    1.1091515482360136e+02 -6.8468053875613236e+02
    7.1766156984430188e+02 -4.7129708552888621e+02
    4.7920819159974741e+02 3.3768269055925737e+02
    -2.9976756539907831e+02 -1.6777172390202944e+02
    -2.3631586211231075e+02 -1.8035119070887916e+02
    5.4249593543630954e+02 4.1517655482066118e+01 4.7460469220197083e+01
    3.1251785601318358e+02 6.1969606015361069e+00
    -3.7794392036336995e+02 -5.5735003649947892e+01
    2.9005688522510621e+02 4.6642684536371675e+01 3.1950492796731709e+02
    -5.3277943716427023e+02 -2.1866119555896799e+02
    2.6062824668141849e+02 2.4034770192175748e+02
    -7.0763234182595241e+01 -2.6433766017654523e+02
    -2.6577747882522669e+02 1.1328927383184316e+02
    -2.2235120379935927e+02 -6.1179374968703577e+01
    -1.1112657829664622e+02 1.2074082194387705e+02
    -8.5517718244157010e+01 1.1470333702535423e+02
    -1.8643802412025959e+01 -1.3348433775786938e+02
    -1.8204820995970846e+02 3.1533305797709664e+02
    -2.2354771408306988e+02 1.2899462059545564e+02
    1.0865110249763312e+02 -1.7686457445190624e+02
    -1.1767236316954974e+02 1.8550328502913212e+02
    -1.2772258917638817e+02 -1.2469409660479623e+02
    5.8324144887945181e+01 -1.8423333576551130e+01
    2.5299695828611090e+02 2.8436826374647122e+01
    -3.5821367518422548e+01 -1.0642816027781632e+02
    1.7462193993227152e+02 -6.3089241360488025e+01
    4.9764687303993071e+01 1.6582913080839862e+02
    -1.1487623062087241e+02 -1.1819944390690367e+02
    -6.9785507041904793e+01 -6.6959088679098926e+01
    1.6046390244744853e+00 -8.1743094399660407e+01
    -2.1761999663706888e+00 5.1968070105597185e+01
    -9.3586779325246169e+01 -1.9753142455763543e+02
    3.1158737186417534e+02 -7.9366976937885880e+01
    3.9270944485076966e+00 -1.8078618094472750e+02
    5.3495753487974703e+01 7.9284612349625590e+01 6.8509428118199878e+01
    -1.4655884162865766e+02 -1.5761076264479061e+02
    9.0896410012399983e+01 1.0893763326041375e+02 1.3705607924814046e+02
    -9.0028511457869502e+00 -8.7836296965402710e+01
    6.0706776116023498e+01 -2.0735935015172311e+00
    9.4094443220498107e+01 6.9229433801533929e+01
    -3.3130778702142521e+01 -9.9241832215485502e+01
    4.1818097650755437e+00 4.3857643286455556e+01 2.1520973659045236e+01
    1.7398199365332648e+01 1.1414583012312703e+02 2.6493800660030843e+01
    6.8825326087605788e+01 -5.6257994063202617e+00
    9.7431576873743950e+01 -5.5876508503483429e+01
    -5.8667263837031086e+01 1.3671911990415848e+02
    -1.1859445312212090e+02 1.6799858301340618e+02
    3.4201475127511131e+01 -3.0572428518632091e+01
    1.2193026621216313e+02 1.7261258672103533e+01 3.4125771042972861e+00
    -9.9472915306338194e+01 -4.0300713319515715e+01
    -9.8435987849459110e+01 3.8355409968105540e+01
    3.5720446436246036e+01 1.7680171064076298e+01 3.2939789147520786e+00
    9.5551004605925414e+01 2.2304077273455754e+01
    -2.7745957637768562e+01 7.7504084129769836e+01
    8.5494947338934963e+01 1.2381946269089259e+02
    -1.8393491564830320e+01 1.0417715160590655e+01
    -8.5126320306367987e+01 -1.4220395726816099e+02
    8.7121825690443799e+01 -4.3470524675347505e+01
    -3.0965119554774738e+01 8.3617261845546551e+01
    1.8295490167911819e+01 6.6148019890509573e+01
    -2.9561950415473252e+01 -8.8307693709382804e+01
    -1.2067852788999897e+02 2.6976126886852100e+01
    -5.5242874374834848e+01 -1.6481278201213669e+01
    -3.3735192440743020e+01 -4.8309503280588277e+00
    1.2036923927007916e+02 4.3357157029901735e+01 1.3573420503904533e+01
    -4.0105894952443450e+01 -3.4065951314603431e+01
    -2.6577438664013417e+01 -5.6137844390799927e+01
    6.3347720872124455e+01 -3.3924925819075760e+01
    6.3128310304779959e+01 -7.8333097195275485e+01
    -9.0265646853565713e+01 1.1377792451860572e+01
    -1.6250406873759729e+01 5.0208354477583192e+01
    -5.0452920221338196e+01 -5.6182310107030858e+01
    -4.2276139827492543e-01 -2.0474102179355228e+01
    7.8435428275483389e+01 2.7631255211032986e+01
    -2.6664325676543228e+01 -3.5612597394505499e+01
    -1.4538434042514066e+02 3.8133410021780868e+01
    8.8199608306272566e+01 -3.5302633741167647e+01
    7.6001421767831417e+01 2.5263127735851928e+01 1.6265623462017267e+01
    -4.1396332632445151e+01 4.8617607716964791e+01
    2.9924641275522607e+01 -6.4449340860465199e+01
    -1.7033304880870719e+02 2.4622909906828852e+01
    8.4686749448857306e+00 -1.5037561596491744e+02
    1.5382959220374070e+02 5.1039141385892499e+01 8.6431145535007502e+01
    6.2235053536686529e+01 1.2567031373320475e+01 8.3878494393051639e+01
    5.3382217329859365e+01 6.7376859253920287e+01
    -2.6163702621999448e+01 -6.6344268161771723e+01
    7.2458333743161575e+01 5.6779537302878794e+01
    -3.3913500525724821e+01 -8.8175259700874975e+01
    5.0480061543221844e+01 -1.5533870170881690e+02
    -7.0815590567824444e+01 -5.0088759399971545e+00
    -1.3934334063123114e+02 -1.4527981978546110e+00</data></s21_3>
</opencv_storage>
