<?xml version="1.0"?>
<opencv_storage>
<s21_5 type_id="opencv-matrix">
  <rows>200</rows>
  <cols>1</cols>
  <dt>d</dt>
  <data>
    1.2679571638661787e+03 -7.6445255364597210e+02
    2.7117757885864222e+02 -3.9474152776104222e+02
    3.7467803295533741e+02 3.2951371395318341e+02 1.5534517149162966e+02
    -8.5955921386067041e+02 6.8871010048491200e+02
    -5.6418705300583110e+02 7.3416755092226396e+01
    -9.0413825945363513e+00 -1.3563343339058761e+02
    1.2734607837058130e+02 -1.6368262009116441e+02
    -3.0627587387686941e+02 4.2017047136403284e+02
    1.8241454601380468e+02 1.2741314836711030e+01 6.3052730734466866e+02
    1.4476095488842117e+02 -1.8748298101264228e+02
    -3.3030351955658467e+01 2.7526100472137722e+02
    -1.3457853297880200e+02 2.5602058885994217e+02
    -1.8665238063760034e+02 2.4845632040236961e+01
    5.7582465706116011e+01 1.4429293989738278e+02 7.2577234688054943e+01
    1.2482440297089995e+02 2.7863861471362651e+02 1.2683233640280591e+01
    -1.2968378148832917e+02 1.0205782875082276e+02
    7.8656047256964683e+01 1.8264604629650436e+00 1.8382565582363409e+02
    4.0632104402137408e+01 -6.9296936415056223e+01
    3.6030876360029424e+01 1.2712148226046997e+02 1.1432077029510728e+02
    -9.7035979899511133e+01 8.7802161470772248e+01
    -1.7830113741233325e+02 -4.4799682861051942e+01
    -3.7544846473650949e+01 -3.0401246017147752e+01
    -1.4087308756734816e+02 -1.3662830889978767e+02
    -2.7339631371268752e+02 -1.4946932107416652e+02
    1.8853797956604890e+02 2.2057136498495163e+02
    -2.3639626635532204e+02 1.3468104012533832e+01
    4.6867309096142904e+01 -1.1508084109098878e+02
    7.8812505611238436e+01 1.6557164380865906e+01 5.7370777042096407e+01
    6.6391937125037799e+01 4.4461158879453556e+01
    -8.6246826418452002e+01 -1.6750180362299145e+02
    -3.8096603171494301e+01 -2.4198484549691605e+02
    -9.5349819551669910e+00 -4.3538180334560458e+01
    -4.7059278406307939e+01 7.1242677535546136e+01
    5.4440775284960331e+01 1.2333541552630956e+02 8.4527591683948222e-01
    1.1817054999707874e+02 1.2383763998341969e+02
    -9.8217252119105154e+01 -3.8610340012091648e+01
    1.1814584007268959e+02 1.4099689797784239e+02 1.1076514513974672e+02
    1.9285242911630043e+01 7.1171161015273043e+01
    -3.4501229779098466e+01 1.0014712867264242e+02
    4.2524440966255732e+01 5.4600344239058636e+01
    -1.5136489058342462e+02 -3.7704610935755532e+01
    1.6130468587406170e+01 -6.2938518342762340e-01
    -2.1353208274484004e+01 2.0835809619996134e+01
    4.9677394193144323e+01 4.3438204803077852e+01
    -1.4661370763840402e+01 -6.2886557557417021e+01
    -5.7416636784778184e+01 -8.6845281340147018e+00
    -1.8288313179910823e+01 -6.6245375226158288e+01
    6.9264372609508428e+01 -1.0638168972359649e+02
    3.6838047345601943e-01 6.1439321590369698e+00
    -4.3943176267934092e+01 1.0843500808281532e+02
    2.5129855429843467e+01 -4.1699143570109376e+00
    -1.4374300005864481e+02 6.2954662084498452e+00
    -1.2696632445398997e+01 3.8895081640906595e+00
    -6.3587076697446825e+01 -4.2554196243877300e+01
    -6.6812280318566266e+00 -1.8805664818641738e+01
    -5.5698916515890595e+01 -2.6156292873619069e+00
    1.3406899475131189e+02 1.2904830097726064e+01 1.5855863490461655e+02
    -1.4986816560983593e+01 3.7251715827775683e+01
    -4.3232138084445793e+01 -1.2751657885974731e+02
    5.8567499913561093e+01 -7.0143478036683476e+01
    1.0263736682596843e+02 3.1041744858066203e+01 3.8920939654955667e+01
    4.4372503469227652e+01 -2.8387334040113771e+01
    -7.2925919047776404e+01 -1.3924866444694558e+02
    -8.3827055454358444e+01 1.0968889580875936e+02
    -2.3163448752239219e+01 -1.0478524024698014e+02
    -1.3367992940995711e+02 1.3867176548942504e+02
    4.3209295569844521e+01 -3.1392828631720658e+01
    -5.9332858866473906e+01 7.5824796218191608e+01
    3.1605087934930808e+01 -7.6728119291064189e+01
    5.2689257490637218e+01 -8.1843012953985976e+00
    4.4903916381383418e+01 -1.0413357987647920e+02
    2.1559756549253549e+01 1.6283159209342500e+01 4.5742045958378874e+01
    8.5822658792677743e+01 -1.0570689121221336e+02
    -7.7053958460038871e+01 2.1989370869545553e+01
    -4.2940781280069132e+01 -2.4224617283945431e+01
    3.6245838387503277e+01 -2.0467174594102744e+00
    -6.2393742633006944e+01 -1.2734386327769086e+02
    2.8414879088238756e+00 1.2776812838171507e+02 1.5321316746829476e+01
    3.1967196418130047e+01 1.2065405158310020e+02 3.5737532050509550e+01
    -7.8715423893344450e+01 -6.1290630217504072e+00
    5.8538580843939606e+01 -6.9204086514769699e+01
    -1.4542467515776812e+02 3.8095470111719777e+01
    2.2907673569914575e+01 -1.6031967177409027e+02
    1.7355852700014302e+02 5.2430008253030792e+01 9.1491235500560308e+01
    5.1334083580338792e+01 -5.5309299845298447e+00
    6.6874451741637316e+01 6.4023239458870279e+01 8.0726496433434335e+01
    -5.5303589910362795e+01 -6.3410451229957751e+01
    6.1371661472810736e+01 5.9840325803559566e+01
    -4.4818011920785580e+01 -7.9197844541431053e+01
    6.3159750445693824e+01 -1.4966937952276518e+02
    -6.5857201095742951e+01 -9.1110122224998982e+00
    -1.3978257970998592e+02 -1.7568091402235075e+00</data></s21_5>
</opencv_storage>
