<?xml version="1.0"?>
<opencv_storage>
<s22_3 type_id="opencv-matrix">
  <rows>200</rows>
  <cols>1</cols>
  <dt>d</dt>
  <data>
    -1.1059021835028722e+02 1.9468894147298369e+02
    2.0538034277758513e+02 -1.0402559914823562e+03
    4.8123036872764328e+02 9.3449802067938788e+02 5.9329031333393701e+01
    -9.8088670912563327e+02 1.5752891078465578e+02
    -4.5553304974877051e+02 -2.5981819010881577e+02
    3.5941589545611839e+02 -3.3669210109064721e+01
    2.7726135140221913e+02 4.7476464987450277e+02
    -3.2081895752125513e+02 4.7566410413835496e+02
    -2.2529494565257986e+02 -1.2651942014186496e+02
    4.1282638557136409e+02 -3.9119825352831270e+02
    1.7758681130542664e+02 1.6781956339597480e+02 1.2319550716572083e+02
    2.8505299656502041e+02 1.8601620155687647e+02
    -2.9966006269499366e+02 9.4499043223708625e+01
    -6.0824590861299882e+01 2.6781911862055756e+02
    -3.1895667282607616e+02 -4.2994368448697543e+01
    1.0881371231077095e+02 2.4071335172295142e+02 1.5558860202059878e+02
    1.8119606263425160e+02 1.5269046181554097e+02
    -4.2725003759667146e+01 -1.5200397867157923e+01
    6.4041803543141995e+01 1.0952351430049811e+02 1.9312634745667432e+02
    1.0180309412343115e+01 4.1079750109777827e+01
    -1.2024467866425152e+02 3.0958493122999204e+02
    6.2930530260619655e+01 -2.3526013103432481e+02
    9.4803924076191308e+01 1.5031673476439332e+02
    -7.9466686429871785e+01 9.2618737495384366e+01
    -2.4310382345601127e+02 -1.6722430615130193e+02
    2.1091399133997822e+01 -1.6622497142601557e+02
    5.1214563938188062e+00 5.2406032363542238e+01 6.9206214173196386e+01
    1.6009249315151052e+02 1.4938131537605634e+02 6.3765413754340514e+01
    -9.3457553696413299e+01 2.1299545602712129e+02
    -1.7668400638545754e+02 1.0788967202211930e+02
    -7.6967250780798636e+01 1.4880341694206297e+02
    1.7887708387227551e+01 -1.2217657920255656e+00
    -2.9239987352578137e+01 -1.2903060812702151e+02
    -7.2959114019492972e+01 -1.1419213353645441e+02
    2.2991182274909522e+02 -5.7366528251909330e+01
    1.0140312200143342e+01 3.1460015911055814e+02
    -6.8174165144092189e+00 1.9375430610061677e+01
    -6.8979609824622855e+01 8.2237954365423533e+01
    1.4011630777586677e+02 -1.0811821440418754e+02
    4.0557729889721088e+01 4.0292594307306288e+01
    -6.2241179439038596e+01 1.5750337409834933e+02
    1.1255080486844679e+02 -4.4804372373860751e+01
    5.1827502022825307e+00 -1.0865428708458350e+02
    9.4284257818120821e+01 2.5969225195594468e+01 1.4668786616988426e+01
    8.8063697118643290e+01 1.0638774344893353e+02 4.1761395558876103e+01
    -9.0465733342463295e+01 -9.1117999312275003e+01
    -1.3312161670575695e+00 4.0904469289238214e+01
    -9.1263605953694977e+01 3.3297556730269783e+01
    -8.3971961403920346e+01 1.0065016456841145e+02
    -7.0696384229790823e+01 -4.8581504486297703e+01
    1.4721291319531554e+02 1.6066335410146240e+02
    -1.9497066070486380e+01 -7.5324301418994764e+01
    5.4747598505076365e+00 -8.8320103123794041e+01
    -5.4065120404994460e+01 1.2800671792961291e+01
    3.4606662617382788e+01 -3.2684831052767265e+01
    8.7571711348816137e+01 -6.6276286493398526e+00
    4.0146407646563791e+00 8.8055253339203290e+01 6.6225971558204236e+01
    1.0476900864903131e+02 -6.9020868619318669e+00
    3.9828232088735128e+01 -8.0951378900733118e+01
    -6.9448751121503790e+01 7.0626717107732716e+01
    -2.3728112090247734e+01 -7.3945259979814253e+01
    5.6061938512559458e+01 5.8235781434433221e+01 1.3115465877276125e+02
    -2.4023733371928348e+01 -2.9284466055999783e+01
    -1.0066797603912297e+01 4.1848032784094343e+01
    4.1630593963648064e+00 -6.1686039926268677e+01
    -9.9061093435901654e+01 -4.3858136850002779e+01
    9.2813191196000304e+01 3.7430403439614054e+01 3.8553066615055840e+01
    -8.3898813845378939e+00 -2.9181528247410327e+01
    1.3894697671018017e+00 -1.2270832842664857e+01
    4.1824678556928525e+01 -7.9464187810035781e+01
    1.4072983853088349e+01 -8.3896619638654968e+01
    -3.9933736272439482e+01 5.2844053713160353e+00
    1.9517594409269893e+01 4.3271418569835063e+01
    -1.2053638175841908e+02 -6.8681391736817446e+01
    2.3837082785906098e+01 -1.5240102032962183e+01
    2.0857671974919469e+01 -2.6367283446891449e+01
    -1.9641094458564943e+01 -5.0336542390747496e+01
    -1.0289590257505640e+02 7.0263511205883816e+01
    1.0350056622749659e+02 -3.0545042884132748e+01
    4.5278548931091365e+01 2.5969423958298030e+01 3.5634953949296516e+01
    -5.0840336573421524e+01 3.2887864060418401e+00
    3.8636001535961789e+01 -5.7387746520907221e+01
    -1.7731451481347111e+02 6.1440198219153956e+01
    1.6997230581935742e+01 -1.5925577525298425e+02
    1.6612213607481982e+02 5.5236440658409308e+01 5.9007535422817639e+01
    5.5545977262475546e+01 -6.2983988480917255e+00
    7.4257594109913825e+01 5.9304333456626203e+01 7.0599107508268773e+01
    -3.9916949197029901e+01 -7.7646910333143325e+01
    5.7593153588939849e+01 7.2428314874024068e+01
    -2.8047264187596230e+01 -8.0018998365083633e+01
    5.4946270191254015e+01 -1.4837551180327023e+02
    -7.1258969657841561e+01 -1.1852682454541215e+01
    -1.3983329007311556e+02 1.6357487099289862e+00</data></s22_3>
</opencv_storage>
