<?xml version="1.0"?>
<opencv_storage>
<s22_4 type_id="opencv-matrix">
  <rows>200</rows>
  <cols>1</cols>
  <dt>d</dt>
  <data>
    -4.5072408986782108e+02 1.1615123865921568e+02
    8.7607412212232845e+01 -7.7624383225775489e+02
    -8.6031761021403213e+01 6.1488159955390654e+02
    5.4979909923913362e+02 -1.0009240146676528e+03
    1.1299170676175602e+02 -1.2448476840945953e+02
    -4.2019034571990613e+02 4.3071552761037083e+02
    -1.1114776667156495e+02 3.7665196688853257e+02
    1.8338873703752540e+02 -4.5965403349546239e+02
    4.1952141570396310e+02 -3.6376360978118822e+02
    1.1210752235762538e+02 5.8503410252292599e+02
    -2.2499794246607166e+02 1.0309016871623822e+02
    8.9411345879144562e+01 1.9458307982115656e+02
    -2.9786597143727948e+02 -4.9540164753079154e+01
    -3.1919799695020305e+02 3.1968314482878792e+01
    -2.1938750828387551e+01 -1.1292040163863288e+02
    -1.1127267107740677e+02 -7.5828351605165722e+01
    2.4299409381218317e+02 3.1370048545160932e+02
    -9.0606121225600987e+01 -1.1187084168748466e+02
    2.4053231947930306e+02 3.5221893885169095e+02 7.3482324720827084e+00
    2.3226301728585096e+02 -1.9430863645253015e+02
    1.7301228551108525e+02 3.5149700517449816e+01 2.6117300859936825e+02
    -3.5501790019074633e+02 3.1046232707830012e+02
    8.1534350608267417e+01 -2.3359140601564931e+02
    -2.5362614292999407e+02 4.6351353012700173e+02
    2.6689339757134644e+02 3.7425641653916536e+01
    -4.6800577175324156e+02 -8.3450512720589174e+01
    1.5314706815603441e+02 1.1092941191075228e+02
    -1.2547678953711174e+02 -1.1368243446488898e+02
    -3.6143476455425009e+01 -3.7157505288001920e+02
    2.5030233422511503e+02 -4.8124519774731958e+01
    3.7609417103081633e-01 1.3683261337401529e+00 6.2719443355030819e+01
    -3.1196583231187918e+02 -2.2874898903868626e+01
    7.6335888397509741e+00 6.7366414731799054e+01 8.2092259246611690e+01
    4.1514492706349827e+01 -8.7932569989114299e+01
    3.2627935723684722e+01 3.2037717688782095e+01 2.1468953435376787e+02
    -2.9603359602445501e+01 -1.6513558664710439e+02
    4.8634998974120286e+01 -1.0955572939257401e+02
    6.3163543493946136e+01 -1.7939707721057607e+02
    2.7988412324254760e+01 1.3435680155930748e+02
    -4.1054134037739276e+00 7.6471505597362409e+01
    1.5587664298240718e+01 1.3858977532954987e+02
    -4.0261035152585777e+01 1.2763309015530565e+02
    -9.8210204950871457e+01 5.1954704211105991e+01
    3.5773241177451416e+00 -2.2634435821094648e+01
    -2.4294929504187735e+01 8.3202123095990771e+01
    9.4145710513944891e+01 4.2060392413100779e+01 3.2503029712635531e+01
    -3.1917289175742880e-01 -6.7983529915848408e+01
    9.2865482152347951e+01 3.5770160808327520e+00 1.0901306260565514e+02
    -1.9247416127229581e+01 -6.1852317251254640e+01
    5.2074417358409093e+01 1.2986693385786043e+02
    -1.8642950124017435e+01 7.5764219209048804e+01
    -5.4227727397364971e+00 3.4197112778881554e+01
    -7.3490705260964489e+01 -9.3348332102411987e+01
    -1.1948115635803198e+01 -2.6225415483267170e+01
    -1.7472674247883774e+01 6.5519016067806630e+00
    2.0793135705276903e+01 7.3192356900387367e+01
    -1.6616622172908350e+01 -1.9727073069450846e+01
    1.1594680481151990e+02 4.2330609298817173e+01 1.3958508712279993e+02
    -5.9876343484762220e+00 5.3573194673851088e+00
    1.5401227062853462e+01 -6.8535571183993966e+01
    9.4749214243192526e+01 -2.8074997679141667e+01
    -4.4003973568909567e+00 5.6259888987603631e+01
    5.2716307236477093e+01 8.0910891921130926e+01
    -1.5642507651731519e+01 -2.0500005701358827e+01
    -1.0504085299440361e+02 3.7506533836958432e+01
    -4.5956383714525721e+01 2.2240661702825086e+01
    -4.5867614346451852e+01 -5.9184726473280655e+01
    1.3080501502015372e+02 5.0326585002962531e+01 6.0171655424134229e+00
    -4.5615670156199201e+01 -3.2611569668565977e+01
    -2.1358071682020796e+00 -2.1194490999382491e+01
    1.0317249328789882e+02 -3.2402990445854300e+01
    2.7224704007821121e+01 -8.7724743006625886e+01
    -6.7031496337696424e+01 -1.6837679727207345e+01
    2.2170408955943753e+01 3.2653051182572590e+01
    -4.4596268021514007e+01 -4.1756318016928276e+01
    -1.6222162910208375e+01 1.7505304673388100e+01
    5.2307309561734154e+00 5.7277698420503526e+01
    -2.9703073895235470e+01 -4.1472852778904510e+01
    -1.2124561379120192e+02 3.6690479287320258e+01
    9.4569618703307185e+01 -4.8958069590427016e+01
    6.0058595190315330e+01 6.3426804230818540e+01 3.7757702249008645e+01
    -3.1541330574468290e+01 3.3603934213293456e+01
    1.9752067222966662e+01 -8.2041240668106951e+01
    -1.8157223540853792e+02 3.6899093117487446e+01
    1.3547226718688071e+01 -1.5399005706262824e+02
    1.5767833311598136e+02 4.0873002499404784e+01 5.9238458525463201e+01
    5.3605742798080470e+01 8.7843438876211426e+00 7.7926980692546820e+01
    4.5196135232461756e+01 7.8190595459535999e+01
    -5.0773473052623977e+01 -7.8868641513133241e+01
    6.0531787883394543e+01 7.2442593997677648e+01
    -3.3737923114170620e+01 -8.6301814583112559e+01
    5.2187962048052910e+01 -1.5714203061992532e+02
    -6.8258599128856574e+01 -9.2954032949116581e+00
    -1.3811495253269564e+02 -2.2257137360259036e+00</data></s22_4>
</opencv_storage>
