<?xml version="1.0"?>
<opencv_storage>
<s22_2 type_id="opencv-matrix">
  <rows>200</rows>
  <cols>1</cols>
  <dt>d</dt>
  <data>
    -6.5949694594067353e+02 4.6804434787043050e+02
    -9.8389454895130388e+00 -7.8357536438308875e+02
    5.4574333752503073e+01 8.5639341243244871e+02
    -6.5705310431191705e+01 -9.5617051225444447e+02
    1.8922953465485296e+02 -2.2713562471562744e+02
    -3.1566134177386408e+02 3.5142580281041984e+02
    2.1169542172894147e+01 4.7042534826554351e+02 5.7802102911056170e+02
    -5.0651551054783943e+02 3.6627514321724072e+02
    -3.1956051012678351e+01 1.8168707517848927e+02
    3.8423557031953180e+02 -1.2761715509597647e+02
    1.7685128020508591e+02 -1.3547743996774915e+02
    2.1589679979401251e+02 3.1742248336951207e+02 3.7624114164920269e+02
    -2.1491876711914449e+02 -1.3948461552021435e+01
    -1.2760386144961814e+02 2.8901993615433184e+02
    -9.0225201845549293e+01 -1.4283763839499579e+02
    1.1823016278875164e+02 -1.7235898799234815e+02
    -9.0855376121311664e+01 3.2185655890046962e+02
    -2.2465575033727305e+02 -6.2773274873952175e+01
    2.0921850468681211e+02 1.7049248321557258e+02 9.7943242446893386e+00
    -5.9601787111505189e+01 1.2602644551655112e+01
    2.4588854469571021e+02 1.1826988967423007e+02 2.2944319802076339e+02
    -9.8470487562837434e+01 -1.0300977277445268e+02
    -1.4561580565643087e+02 -2.9207971913022710e+01
    -1.6005590507170123e+02 -2.3501978723502285e+02
    -1.7309657572069861e+02 -9.9977729035756425e+01
    2.4853129499720004e+02 2.2271730152665548e+01
    -2.6509937108293474e+02 -1.6602989340315935e+02
    -8.7661636338934713e+01 -2.4365484766795188e+02
    1.6852982671679307e+01 -1.9500469245704753e+02
    -9.9246596265488790e+01 -1.1825601862495565e+01
    3.8502452607358165e+01 -2.8366752273810539e+02
    -7.8386300718016983e+01 -1.7550975536448405e+02
    -1.7592982862709400e+02 2.7016119294913034e+02
    -1.1697532533014470e+02 6.6945728738667878e+00
    3.1006981359770847e+01 2.1655183766822071e+02 1.6049211964403833e+02
    -2.3805173812160213e+01 6.3957437836505449e+00
    4.9891310863484861e+01 1.1706462992777246e+02 1.4329771559422584e+00
    -1.5118583079764309e+02 3.0307743436583603e+01
    -9.7696641810823607e+01 -5.7531267291815631e+01
    -6.2366011789581187e+01 -1.0908525488686877e+02
    1.4572377909958260e+02 1.1915349092080739e+01 5.4041522263402115e+01
    4.7964211145425224e+01 3.8031544726058613e+01
    -9.2218263983276884e+01 1.7149535588077688e+02
    2.8160385071067935e+01 8.5605858878398223e+01 1.0087281973146924e+02
    1.1726717812958232e+02 -6.0063784370961741e+01
    6.1424527667716777e+00 -1.3269487363286984e+02
    -2.8037766953577460e+01 6.5399306313080132e+01
    -1.9718927636478959e+01 9.0991252776983572e+01
    -6.1259712876532660e+01 6.8941219152680429e+00
    -6.5298705363384073e+01 -3.4088223410627982e+01
    5.4402253282727635e+00 -6.9234224119144594e-01
    -1.0566549004934256e+01 -9.2375930373176715e+01
    -2.0567143374149467e+01 -1.5571615867008407e+02
    -2.2956227812773804e+01 -3.0481163524009315e+01
    3.2582407087816904e+01 6.1079844660519797e+01 4.8961678252009705e+01
    -7.0154349334994578e+01 -6.7375646737135227e+01
    9.2923015264971269e+01 4.4136849187679601e+01 1.4004880902282255e+02
    8.9116119751539500e+01 1.8067938209327295e+01
    -3.0093776740672737e+01 -7.7967364729328565e+01
    3.5899434335168372e+01 -3.1695916710970771e+01
    -6.9363359413452841e+01 4.3753932998097838e+01
    7.7511864108917607e+01 7.3948323777443221e+01
    -1.8669466141351965e+01 -3.1551185506299941e+01
    -6.1481933266371236e+01 4.4919746327673693e+01
    -7.0821753630046786e+01 -4.5467357690001087e+01
    -1.2204961337509772e+02 -4.6087010185267822e+01
    1.3774785404390968e+02 2.7830069885359215e+01 6.7057514152955321e+01
    -6.7747883468151841e+01 -5.7005653206251232e+01
    -3.7371625303766500e+01 -1.0055882457985968e+01
    5.1384832716953198e+01 -5.3311086451131487e+01
    -1.4559111851984476e+01 -1.0384212043876026e+02
    -4.8576287685953119e+01 1.8337097867025683e+01
    1.7348377665590288e+01 3.4031728871621588e+01
    -8.0727257427083316e+01 -4.0172843850383103e+01
    1.6308029504565184e+01 -5.9377965974857673e+01
    1.3653535267396425e+01 2.0409782067825596e+01
    -6.3277467833582449e+01 -5.8908932740851249e+01
    -1.3437018384687795e+02 1.2192072798558113e+01
    5.1235798991961090e+01 -2.8702707375783767e+01
    5.6455204712742372e+01 4.2944295395356271e+01
    -2.1011052812669671e+01 -1.7589156363037990e+01
    2.1296744576869500e+01 4.2494481775123774e+01
    -8.1926172572426353e+01 -1.6587358025933452e+02
    6.3991678914538561e+01 2.0666982618790918e+01
    -1.3919654966922846e+02 1.4926785108457165e+02
    2.7425726871051676e+01 5.1003037163023073e+01 6.5756831305770135e+01
    1.4106971299964316e+01 5.7280944324919929e+01 4.7212915699892683e+01
    8.3237911485680371e+01 -4.6780763669509042e+01
    -6.9410492755623821e+01 7.6636908703880380e+01
    5.9392280725506410e+01 -3.9026142829030370e+01
    -8.7611988372215137e+01 4.5666866592856977e+01
    -1.5675491105757413e+02 -6.6503605960298529e+01
    4.2144368869228721e-01 -1.4751724877727995e+02
    4.0041320455637948e+00</data></s22_2>
</opencv_storage>
