<?xml version="1.0"?>
<opencv_storage>
<s22_1 type_id="opencv-matrix">
  <rows>200</rows>
  <cols>1</cols>
  <dt>d</dt>
  <data>
    -3.4251463006261889e+02 3.1893801584938376e+02
    1.7029818238808986e+02 -9.7424892157390116e+02
    2.6366376264177603e+02 8.5075762767570654e+02 9.9477535946582407e+01
    -1.0638598485036625e+03 3.2685844890009001e+01
    -4.1921177648520995e+02 -3.1718046624998806e+02
    4.0164895389829024e+02 5.0965641245825282e+00 3.2925120529654635e+02
    4.9893079595292113e+02 -4.0851358373978923e+02
    3.7679415996965065e+02 -3.0231784867428490e+02
    1.8183794346478713e+01 4.5690773949032018e+02
    -4.4546122518031012e+02 1.8118516540007221e+02
    2.6679373608601530e+01 1.8027021163912076e+02 5.0329508536761728e+02
    3.3808799900061990e+02 -2.8971072832238104e+02
    -1.8489287671031414e+02 -1.8844060553310112e+02
    3.1187393511708007e+02 -1.9442041152157901e+02
    -3.5194607278529631e+01 1.6836069247698148e+02
    1.6457833491945203e+02 1.3492488731132678e+02 2.9652051503936565e+02
    -8.9496295468900882e+01 -9.7342781994792716e+01
    2.3413400953447680e+02 2.2495146312663161e+02 7.4486273239705184e+01
    3.7750890332833791e+01 5.9033362119618090e+01 1.4277136006915728e+02
    -9.2799548134270410e+01 1.1771469374993555e+02
    2.5223551678327802e+01 -4.0527952614847216e+01
    4.0607703525209949e+01 3.2725635275928447e+01
    -1.3889089290650313e+02 -1.1079309079090343e+02
    -1.7804849581843052e+02 -1.8666764754053315e+02
    1.3895740980817055e+02 -7.1955137139246204e+01
    -5.1947243493783340e+01 1.8673423545567331e+01
    -3.0001195036616885e+01 -2.9725666732269019e+01
    1.2310371341150309e+02 1.1740681061510348e+02
    -6.2490124965213720e+00 8.7280283426563315e+01
    -4.6439334066227232e+01 6.2390217654759248e+01
    -4.4769431472523202e+01 5.2705434033866602e+01
    -8.8297032248903349e+01 7.3349242768987565e+01
    1.8876845224908152e+01 -1.9851761775915745e+02
    1.1320945564011200e+02 -4.7292368094257284e+00
    9.8189044219430784e+01 -7.4263635413940634e+01
    7.4603925007352146e+01 1.2647138437473190e+02
    -3.9486454388933154e+01 1.5819963536101469e+01
    -3.5361760293529940e+01 1.5820842499115548e+02
    1.1469327372874996e+01 -8.0712673709265061e+01
    2.2226759510016223e+01 -3.7732191545215102e+01
    6.0694978610246856e+01 -2.0917714211777888e+01
    4.2413399186606000e+01 -1.2550225802427251e+02
    9.1059609878902734e+01 1.0664814662562863e+01
    -2.8978368591202436e+01 -1.0896651077648837e+01
    2.5900103211077347e+01 -2.9420301122121455e+01
    2.5733238128606747e+01 -1.5102088709795627e+01
    -2.1044223393325897e+01 -1.8204820675173689e+01
    9.2822711770317156e+01 -8.3585738762944231e+01
    6.3989937506684569e+01 4.3087522594737329e+01
    -8.3487573592165901e+01 5.8446189957899442e+01
    1.0468253386726232e+02 6.5902449821433947e+01 2.6286807871446889e+01
    -2.2083743942947983e+01 7.8385973258973806e+01
    -1.0275948934485777e+02 -7.4267982900352820e+01
    -6.7738809453880634e+01 9.4838882013905366e+00
    -3.2694823919041596e+01 -9.9204276911726510e+01
    -4.4022442624136815e+01 6.0035456807710737e+01
    1.9832376142530343e+01 -3.6947655905784806e+00
    -6.5451072617175408e+00 -5.5080375404286684e+01
    1.5234031072883019e+02 7.1775378405584194e+00 3.7210891693200239e+01
    -6.2887376383153615e+01 -1.2112969538186513e+02
    6.9073831524786854e+01 -6.8056083024151718e+01
    6.8858750173603525e+01 6.3657253439624611e+01 6.7616764807709586e+01
    8.9895207278965103e+01 -1.6884183883202706e+01
    -1.2171842504975938e+02 -2.1442538889628659e+02
    -3.2023452578078398e+01 -7.3265062660053317e+01
    -2.3276554220067386e+01 -3.3321781506989812e+00
    -4.8605654612214899e+01 9.2351739287752309e+01
    5.6382890381496736e+01 -2.9180073269085334e+01
    -1.7650830492566666e+02 -4.0129514980505064e+01
    -2.6619549131073054e+01 -1.8881629776854954e+01
    1.4411888333812735e+02 -5.3153042435121790e+01
    4.9708111428353746e+01 5.9603545322981741e+00
    -3.8284887401130725e+01 1.3689785066722585e+01
    2.8382050659143157e+01 4.9241261630512561e+01 2.1505176358558327e+01
    1.6922438564402604e+00 -4.5111708861818059e+01
    -1.8783414415963833e+01 -1.3184793488575890e+01
    1.0300064074403116e+02 -1.1541422399287548e+02
    -7.0657765654370024e+01 -2.0482516935473333e+02
    1.2339117181444665e+00 1.0083913913269046e+02
    -1.7579365140470455e+00 7.2902790901053990e+01
    2.6841869489905989e+01 4.1481057879606453e+01 2.1658910932079696e+01
    5.9080934273571714e+01 3.6800230915479254e+01
    -1.6276857050608680e+01 -1.5832583302645617e+02
    4.3803527207107109e+01 7.0595951566091230e+01
    -1.5331336828451509e+02 1.4758209453480052e+02
    5.6115070898871160e+01 5.4020118599068219e+01 5.4350044490050543e+01
    6.0071673420300925e+01 6.0885284788033402e+01 1.5708928523078198e+01
    7.3568662521146450e+01 -3.7548382835488276e+01
    -6.5512314589065454e+01 6.7979182634423452e+01
    6.7400323708987258e+01 -2.9933454960747696e+01
    -9.1629215479071760e+01 5.2074567723759166e+01
    -1.6063169141148072e+02 -6.4528491451589559e+01
    -1.1249215462666058e+01 -1.3810939464817864e+02
    5.3572266396191126e-01</data></s22_1>
</opencv_storage>
