<?xml version="1.0"?>
<opencv_storage>
<s22_5 type_id="opencv-matrix">
  <rows>200</rows>
  <cols>1</cols>
  <dt>d</dt>
  <data>
    -7.8129311276788007e+02 3.3740308985018999e+02
    2.4207025300480458e+02 -7.4293507506267031e+02
    -4.7588347297765772e+01 8.5454435177511277e+02
    7.4925630400536733e+01 -9.1971129432830355e+02
    1.8030286622245774e+02 -2.8043978526646004e+02
    -3.0327781415467689e+02 3.8902023837799032e+02
    1.8202032468658594e+01 4.6159745956593321e+02 6.5751618851546118e+02
    -3.6762195430000537e+02 4.0744148505406997e+02
    -4.6168274430841123e+01 -1.2119670388916740e+02
    4.8325220453938988e+02 -4.6839038295666001e+02
    1.9517915222262963e+02 -4.1500660817438039e+01
    1.1754318602894224e+02 5.0451275478531642e+02 3.9955389637112012e+02
    -2.2868422472846333e+02 -1.3118484537622842e+02
    -1.2149011066355600e+02 2.8370407407535794e+02
    3.7910736401454571e+01 -1.9407081083138348e+01
    1.7758915485287665e+02 2.1552505349195573e+02 5.1362856621696444e+01
    2.4863823985300738e+02 -1.2368928937191430e+02
    -1.2239727610167868e+02 3.8237965318144080e+02
    1.7271731504969219e+02 -9.2994950014442121e+00
    -5.3167887407119423e+01 1.1850256358429571e+02
    6.6084784737103888e+01 -7.7419341983889609e+01
    6.5097073701368018e+01 8.3858355319189684e+01
    -9.0732093351485794e+00 -3.3202710998534535e+01
    -5.1839820544900455e+01 5.0848840589042027e+01
    -2.1981834146258086e+02 -1.3055290507035878e+02
    -1.4089394976168597e+02 7.5556850580613130e+01
    6.4515719729320452e+01 -1.0841122974851429e+00
    1.8042836688005826e+02 -9.6063112990300397e+00
    -1.6251155097584393e+02 7.7738054347476037e+01
    9.0451674485627052e+01 1.0022931094802931e+02 2.5620678911176068e+01
    1.8202588582891164e+02 5.5103210342747513e+00
    -8.5582666652957812e+01 -1.3244384346149985e+02
    -6.5594143440148457e+01 8.5508671582316282e+01
    5.2865903495271020e+01 -1.8714744380221580e+02
    1.6708309749115972e+02 3.7765276741736436e+01 3.8138214146859433e+01
    -5.9234363794849372e+01 5.9376822482164989e+01
    -4.3862549874907494e+01 -1.5303728960556597e+02
    3.8935732020574470e+01 -9.1189241268644295e+01
    1.9555537610083803e+02 1.8152457564192172e+01
    -1.7799383641164226e+01 6.8033540490771401e+01
    4.0988225529052833e+01 1.3364779669262873e+02 1.4395223893956462e+01
    7.7798171533541222e+01 -6.8081536530699054e+01
    9.1034363905854093e+01 -1.4048164651647951e+01
    -1.2348063139209688e+02 2.4780660081686790e+01
    4.9187329950567268e+01 -1.1767616302151463e+02
    -1.9037975209477146e+01 -1.1375335888610390e+02
    -1.9389466533528150e+01 -2.7717927351235797e+01
    6.3056125495008260e+01 1.1206865501259575e+01
    -2.1184363399930186e+00 7.5576125593192288e+01
    -1.0319511660966434e+02 9.9743899898077473e+01
    1.3729012754271869e+02 7.1498558302237171e+01 6.4962811137952201e+01
    3.8807511533587046e+01 6.1233229378707890e+01
    -1.7345533241784426e+02 -3.2150638249796799e+01
    -4.8637363261557070e+01 3.9815155267335172e+01
    9.9869977576390774e+00 1.3633114801440692e+02 6.2434629299705328e+01
    7.3006036888455284e+01 1.1161982038022607e+01
    -2.2518075068302114e+01 4.2521687053647419e+01
    6.7569105069352617e+01 1.2398109006287027e+02
    -5.6471113659040398e+01 2.9288743078069146e-01
    -4.4234940030945268e+01 -4.5772810729358696e+01
    9.6709583191012726e+01 1.0256103484477970e+01
    -3.8143191257989919e+01 6.8636732447450584e+01
    5.9239132552013054e+01 2.9171823702302405e+01
    -1.4083858019204929e+01 -3.4869362162599373e+01
    -1.2564966535258174e+02 7.3540432559959825e+01
    -8.5422830966803112e+00 2.3949262761313221e+01
    9.5644435613343326e+00 -9.2287652632414762e+01
    6.2403192665781944e+01 4.8876257645065969e+01 5.7021533400028140e+01
    4.1435935393536290e+01 -1.2867542046229005e+01
    3.0954790766165871e+01 -8.4354618536476110e+01
    7.3924734746477526e+01 -2.3844336105338286e+01
    -1.9017245786714451e+01 -1.5558976270665605e+02
    -5.6898092218600276e+01 -2.2130379269166635e+01
    -4.5869077715075484e+01 5.5639121480885322e+01
    -7.9809974218309819e+01 -6.0701929919737807e+01
    5.9180792236999054e+01 2.4024987502033678e+01 9.8992784048974457e+01
    4.7475461384254380e-01 1.8988811524064538e+01
    -4.4643603402940059e+01 -9.3209811534730008e+01
    5.7796454657885441e+01 9.3086051213537786e+01
    -8.8751319553472158e+01 3.8863330764571558e+01
    5.5035861667172441e+01 1.8188100067029310e+01
    -1.0386854820934124e+02 -1.1479493974069088e+00
    4.0241583407940119e+01 -9.7490053259502375e+01
    -1.8527442086918811e+02 4.6284891796566107e+01
    -2.5254531197269294e+01 -1.5158487864206111e+02
    1.6151293457443967e+02 4.8623298100324227e+01 5.2775570215149244e+01
    6.0374691702769844e+01 -2.2243967077788970e+01
    8.3561156147089235e+01 6.9867528709367207e+01 6.4917499865397346e+01
    -2.7890063671646942e+01 -5.0836153601917744e+01
    7.1058722137210552e+01 5.4241612529931757e+01
    -3.1262578513095793e+01 -7.1027711050161173e+01
    5.6854101470399677e+01 -1.5703537973097579e+02
    -7.9255002698604301e+01 -6.2155695443186039e+00
    -1.4262174504485884e+02 -3.9860567795280808e+00</data></s22_5>
</opencv_storage>
