<?xml version="1.0"?>
<opencv_storage>
<s23_2 type_id="opencv-matrix">
  <rows>200</rows>
  <cols>1</cols>
  <dt>d</dt>
  <data>
    1.3742185410531386e+03 -8.7157879398954719e+02
    3.2052357626021558e+02 -6.4504508836029220e+02
    3.6675775331607207e+02 2.0239267219828602e+02 3.8408728995304148e+02
    -6.8083910479982876e+02 -9.9566445702635974e+01
    -1.2933461905034116e+02 -2.4003751704304932e+02
    8.6118950611510073e+01 -1.8609741226106794e+02
    2.7868810537774061e+02 1.6206583420353408e+02
    -3.2631007101847337e+02 4.2326327148232940e+02
    1.4571774658796524e+01 5.4527300660386238e+01 7.4654307215775714e+02
    2.1792622475048290e+02 5.2117295669969039e+01 2.5045521801173233e+01
    2.1387111324847203e+02 1.3132828419230782e+02
    -6.3011153244725897e+01 2.1598364870008488e+00
    -2.6233917958378122e+01 -1.3958778548630445e+01
    -1.1195215596888259e+02 6.8318208180743927e+00
    -2.0482994804260139e+02 1.4194021155336165e+02
    2.5193682806674542e+02 9.2157019318839716e+01
    -1.1090919356509833e+02 -2.1752240007657443e+02
    8.6263676522865879e+01 1.8306928656319513e+02 1.1954768594485223e+02
    1.7295614410930858e+02 8.2213196494583414e+01 2.0583447189787055e+01
    4.5489811853003381e-02 3.4873099290030432e+01 1.4797583727528234e+02
    -9.9131409996399810e+01 -1.1494159286976432e+02
    6.9298783981200870e+01 -1.8354676864827862e+01
    -2.0997453425508581e+01 -1.2478106217402492e+02
    -2.9233366064039387e+02 -1.2173766251865614e+02
    1.6419888739491634e+02 6.4089375319248433e+01
    -1.7967506355351105e+02 8.3882169316869877e+01
    3.0810748632485936e+01 -1.4195110689551714e+02
    1.4722354564414101e+02 3.0719041012518286e+01
    -1.1009422588470084e+01 -8.6068628947371622e+00
    -1.0739791827052981e+02 -4.4578237721926229e+01
    -7.3285993262908590e+01 6.9430302975716458e+01
    -2.1966368723718369e+02 1.7978601546288809e+02
    -1.1102739297493564e+02 -9.2450172829531041e+01
    1.0080663365941827e+02 -7.3785014244133947e+01
    1.8097391397996680e+02 -8.4254845464336938e+01
    4.0783538933093809e+01 1.0621738544028258e+02
    -6.9884729833512456e+00 -2.3594290941814695e+01
    -5.4310298028158739e+00 5.0895478328292612e+01
    1.2530568967187118e+02 -8.3824894673356184e+01
    -1.1785689298290617e+01 3.3779350474058866e+01
    1.0588596812550935e+02 2.2516002418842323e+01 7.8186420765083300e+00
    -1.3822871359331478e+02 7.5004818467864283e+00
    9.1769605660318149e+01 1.0774043481487683e+02
    -3.6067777962352217e+01 3.2474088662923009e+01
    -5.1988664253790358e+00 -1.3628870371648528e+01
    -5.8622301166579987e+01 1.4284068181621230e+01
    -1.2433810334205270e+02 -4.4285785665244035e+01
    4.2186230967520117e+01 9.3541973529923354e+01 9.9682476104438855e+00
    -1.5283952942745037e+02 2.7112317718437890e+01
    3.6880709786889327e+01 -9.2111618177113627e+01
    1.1337789520445068e+02 2.5479665952702160e+00 1.4596151834263833e+02
    -8.3162710825100945e+01 1.7274235310068917e+01
    -1.4172416702982503e+02 -9.5306262907295007e+01
    -4.5818979068124378e+01 -6.2749219579135449e+00
    -1.4895444174867007e+00 -5.8720367298674013e+01
    6.6013243373356786e+01 -5.6561826985226602e+01
    1.4965824945475981e+02 9.5672922902406739e+01 7.7458688541781882e+01
    -8.3800729749326777e+01 7.9006776270186208e+01
    -4.9929074335438045e+01 -9.6010956421899550e+01
    1.0327113692931903e+02 -4.9908789532468425e+01
    -6.0216859291480546e+01 6.8669586965273695e+01
    4.1826575137453851e+01 5.9805224707335523e+00
    -5.9668296393596172e+01 -4.2349763116352428e+01
    -5.2196104977620436e+01 3.8464316284069533e+01
    -1.5733837257561137e+02 -6.6681094412437261e+01
    -1.4665387204191489e+01 -2.4217877845096993e+01
    -7.3073159718574150e+00 8.8214412911791399e+01
    -4.2033511444916840e+01 -8.5596158604682159e+01
    -4.6167865550010404e+01 -3.4587252919457129e+01
    -1.1006058544646605e+02 7.7186793146688180e+00
    8.6251688759212719e+00 8.2798717773805990e+01
    -1.0844523614561915e+02 -1.0974181862158260e+02
    -2.9089868794797564e+01 -2.5722311303166943e+01
    2.5127520862077144e+01 -2.3241319691337889e+01
    3.6843598709916527e+01 2.8607185349580721e+01
    -3.1349153515575852e+00 9.5952544913036093e+01
    2.3088965058443069e+01 -9.1788827796128174e+01
    -6.1876073380399163e+01 -1.1920288142253160e+02
    2.2956065276830671e+01 8.2151866306591771e+01
    -6.2658345570372717e+01 4.1840585110307579e+01
    -1.0221649196443085e+01 6.5341616870424279e-01
    -8.1778424226768720e+01 4.9716075429441055e+01
    4.0241035400015988e+01 -6.2472490420162210e+01
    -1.6967753601024782e+02 2.9707364337933829e+01
    3.8734531730367088e+01 -1.5935787899839107e+02
    1.7682694263206088e+02 5.0106021203242598e+01 7.6565932030254487e+01
    7.7490385904471637e+01 1.5412089304609216e+01 8.5573363775116320e+01
    7.8516332091560514e+01 5.3450864652440494e+01
    -4.1322862433933771e+01 -7.5635091248500999e+01
    1.0054802775435415e+02 5.4161680661562222e+01
    -2.4082019939781876e+01 -8.0514132667125352e+01
    6.2202469541755988e+01 -1.6104383553161844e+02
    -7.3232085967179586e+01 -5.1848472538264776e+00
    -1.4427923033580362e+02 -5.0528776832975764e+00</data></s23_2>
</opencv_storage>
