<?xml version="1.0"?>
<opencv_storage>
<s23_4 type_id="opencv-matrix">
  <rows>200</rows>
  <cols>1</cols>
  <dt>d</dt>
  <data>
    1.2917819475973079e+03 1.6902281894993936e+02
    -5.2533339638267819e+02 -6.6337633806607334e+02
    -1.5912816498592397e+02 4.3527759607235552e+01
    1.7003599883148269e+02 -6.6869178246696458e+02
    -3.2895373384683950e+02 5.2205448160664537e+02
    -1.9650886152046704e+02 4.9166695617981600e+02
    -3.3812571198981584e+02 2.8636771967790520e+02
    -4.4562390920987349e+02 -8.8454571730784881e+00
    5.1640392556852521e+02 -3.6549117886230891e+02
    -1.4867691638283029e+02 6.8726249528262520e+02
    1.2068891012466943e+02 8.3579502105391441e+01 1.6986283440063573e+02
    3.0924680312366473e+02 2.4081783317417950e+02 6.5192972648536681e+01
    -8.3276636845561654e+01 -8.6584951301181476e+01
    1.8325072407143466e+02 9.4669628797073564e+00
    -2.7918131426286601e+02 1.4179171183836471e+02
    -4.9038254685063457e+01 1.7677074239844245e+02
    1.6873525175836642e+02 2.1886131058293429e+01
    -8.8996392525025186e+01 -5.9268909459526753e+01
    -9.6529695203804629e+00 1.1245122533016837e+02
    9.7466134706409647e+01 -5.7053637040234399e+01
    1.9788458005253140e+01 5.7042237689984418e+01
    -1.1978263330100874e+02 2.6644901027261710e+02
    9.2449719529558976e+01 -6.2056775645541677e+01
    -1.1160731418499927e+02 -5.2379917547439362e+01
    5.5002495251383117e+01 1.4618361264005532e+02
    -2.5181838052142831e+02 -2.2645175917329661e+02
    2.2727450932763105e+02 2.5969392092603833e+01
    -2.1958460812498532e+02 -5.4950628548085803e+00
    -6.2241843140946862e+01 -1.2921153740819057e+02
    1.3910255903044733e+00 -2.3745599877263938e+01
    2.2833108853639359e+01 1.3090063024503527e+02
    -4.5003733143942924e+01 -1.2720911898655297e+02
    -1.0557935509038462e+02 -2.0950245843605890e+02
    -1.5888928328058483e+02 2.5321108273359260e+02
    4.1908091791187040e+01 -1.2568505380368130e+02
    -3.8527608514814551e+00 -9.0236587296885659e+01
    1.5810619560308098e+02 4.3133038657614392e+01 3.0970904314896973e+01
    2.7603132869529261e+01 -7.3589680422093366e+01
    -6.5212954096257349e+01 -2.8499617181604592e+01
    6.7864137713751509e+00 2.7034012037374453e+01
    -9.0068248183821169e+01 1.4528112174515624e+02
    9.8409174511891493e+01 1.4227179150729836e+02 2.8793548752566466e+02
    4.3776535817855695e+01 6.9298007271403748e+01
    -6.9596354451682828e+01 -1.1175387689540283e+02
    7.9816130904946803e+01 -3.1706641567099389e+01
    7.5128562700115111e+01 -2.1669713288259789e+01
    1.3624602983508717e+02 -9.4883810954077461e+01
    -4.5293190696939192e+01 2.4458862064319149e+01
    4.9832140357532751e+01 -1.0181032575127045e+02
    -3.3536376455176885e+01 5.4314074450413742e+01
    -6.9822439907721588e+01 1.1528215366698659e+02
    1.9688836034209459e+01 5.0931157671627346e+01 4.4175203212049716e+01
    -6.0071166233540030e-01 1.1742912124261396e+02
    -1.1530483480225526e+02 -1.2872902348809154e+02
    -7.6646655231694808e+01 -4.0340046281181849e+01
    4.3438957665797531e+01 1.0308601518304357e+01 5.0173364727944820e+00
    -2.9973426085455703e+01 -1.6133017693300438e+01
    -8.4768752556518550e+01 -2.1006101375811895e+01
    -5.0132626356304250e+01 1.8607286559421635e+02
    -1.8578380786405937e+00 5.1028720270821800e+01
    -5.4202399928742665e+01 -1.2632734223476480e+02
    7.9529192100918934e+01 -3.2361175728013023e+01
    7.0817528176927269e+01 8.0893147712815974e+01 7.2735700130537126e+01
    9.1161787115425696e+01 3.5912838105199846e+01
    -4.2704572533685322e+01 -1.2904246683710659e+02
    8.3342819909332775e+00 2.6326764637484096e+01
    -6.2645843592451818e+01 2.6876682077660298e+01
    -1.9750138196876950e+01 1.0648852576350873e+02
    -6.2653020227430236e+00 2.3729285701134202e+01
    4.4874671005394966e+01 -7.8075737425553982e+01
    1.8609827836534034e+01 -6.1903563813778817e+01
    6.9990566735905446e+01 -9.9320526255366858e+01
    1.8966246645897098e+01 -7.0365566068512607e+01
    -6.3945670188425559e+01 -2.7807997065617545e+01
    4.2215235719429373e+01 3.8357245243696887e+01
    -8.5842643952302723e+01 -5.6819865650510437e+01
    1.7696602104957709e+01 9.2684262568488727e+00 4.5759365955534754e+01
    4.4352229963959118e+01 -7.4192633624373755e+01
    -6.7980152650395283e+01 -1.7116310860418909e+02
    2.0878821941993944e+01 6.3653722948472556e+01
    -5.7671101222586898e+01 3.1891205135207944e+01
    5.3338038998743414e+01 -2.8238761701405160e+01
    -5.4996376790310904e+01 4.0145492302243355e+01
    5.2662050809964263e+01 -4.6965294632614658e+01
    -1.8906879247236293e+02 3.2834028551790553e+01
    1.1438368062748474e+01 -1.4207955162843371e+02
    1.3698032178914448e+02 4.9183869402634116e+01 6.3997896222677340e+01
    5.7032101885962916e+01 -4.0519963477947210e+00
    6.6955205450576543e+01 5.2926951012405553e+01 6.1848455290204598e+01
    -4.6042256504617278e+01 -6.8246533400338549e+01
    8.0938466821166870e+01 5.9993257246068573e+01
    -3.8834759332683880e+01 -8.3038733271092497e+01
    4.4728358652439418e+01 -1.5737022219785223e+02
    -6.6352516310626314e+01 -4.5462474932443131e+00
    -1.3996234973207245e+02 8.0607791347931501e-02</data></s23_4>
</opencv_storage>
