<?xml version="1.0"?>
<opencv_storage>
<s23_1 type_id="opencv-matrix">
  <rows>200</rows>
  <cols>1</cols>
  <dt>d</dt>
  <data>
    1.3199592498570623e+03 -4.6645574156237080e+02
    -3.7788583872916524e+02 -1.0063238513528115e+03
    -7.3154679729009558e+01 3.3252374076235179e+02
    1.4073346921898079e+02 -6.7369752929235335e+02
    2.0707891554771186e+02 -1.8004886191527868e+02
    -6.8581541331842217e+01 7.6067754631069727e+02
    -1.1909435846757599e+02 1.8376505138611850e+02
    -3.8939883872433455e+01 -1.1843421872102759e+02
    3.4164295537514596e+02 -3.2909742177142709e+02
    1.1362359858030982e+02 7.4396090215460526e+02 6.0794618173685890e+01
    -4.2788766043523857e+01 1.8612926425445954e+02
    1.7656632153350526e+02 1.6950316229114674e+02
    -8.0086181115641637e+01 -1.6656301537946965e+02
    8.4854637439512771e+01 1.9822323674184778e+02 5.2185156347928491e+01
    -4.9551022635744637e+01 3.3344960488535179e+01
    8.7591244858709658e+01 1.7578533932880836e+02 8.5054439605846781e+01
    -2.0001467419854082e+00 -7.8042489882987880e+01
    -6.3315080520365427e+01 9.6255073094036646e+01
    5.8929624506582272e+01 2.5157240939133050e+02
    -9.6821593349171394e+01 -1.7136365939009823e-01
    5.0212910983550877e+01 -5.4295977892438266e+01
    2.2968100071700147e+02 -8.7490487575672574e+01
    -2.7718770062680321e+01 -9.1515690739505715e+01
    -3.0171288525239945e+01 -1.9237226964878339e+01
    -4.1646003339781423e+01 -1.4127777207763711e+02
    -6.7412507862519860e+01 1.4434003702230845e+02
    1.1113467866099569e+02 -1.9397910886134576e+02
    -2.7809309461467073e+01 4.4603104142257344e+00
    -1.7592376803971933e+02 1.7342515795018440e+02
    1.3109841822389967e+02 -6.5150628795794532e+01
    6.2696653854575901e-01 8.0527229392610593e+01 4.8968107289308547e+00
    -1.4013354381828950e+02 -7.5511738604144611e+01
    2.6832066212668312e+01 9.8133714362946634e+01
    -8.0312210381016342e+01 -1.0890561607997196e+01
    -1.2126371452796189e+02 -6.3654092842095103e+01
    1.7342659525555885e+02 -9.4786033319144252e+01
    2.3822012190797302e+01 1.6273479188170742e+02
    -1.0062220764130548e+02 9.2882206474523798e+01
    -1.4031392991189611e+02 9.9675899470748291e+01
    4.0317867268463360e+01 -8.1455443761767384e+01
    1.2350528611769903e+02 -5.1260126479735881e+01
    1.1811119091568423e+02 -5.3288427441035438e+01
    -4.0239531890845832e+01 -2.1650521366016140e+01
    4.1648455463357749e+01 -3.2095993561309271e+01
    4.8577595114834082e+01 6.9218236898013174e+01 1.5937119067664593e+01
    -6.1791955075396466e+01 1.8098591852563580e+01
    -1.4731558208615517e+01 3.0030831177203407e+01
    -9.6385323439585164e+01 -1.0768414026881786e+01
    -2.3934369871023438e+01 -6.0040322291617436e+01
    5.2531362153400700e+01 -3.1129665620082235e+01
    1.2950829383947928e+02 -6.2698061004206211e+00
    8.6497959676893203e+01 5.2777211474248944e+01 1.0236864775348296e+02
    6.4213899034707921e+01 -4.3929397933768158e+01
    -7.6901516901659761e+01 -1.1225768469552938e+02
    2.6675706118009906e+01 -4.8609039507102274e+01
    1.3116703821635065e+01 -1.1119814333906337e+01
    -4.6704744319370048e+00 -3.0519134385571727e+00
    -1.1745833218341650e+02 2.7374749974590848e+01
    2.0941763899765829e+02 1.3593537298659513e+02 2.2489480157989348e+01
    9.3479990800012970e+01 -6.0409447193983077e+01
    -1.3329147685345626e+02 9.7522730816833786e+01
    1.3721583973537108e+01 6.7710925273193379e+00 1.1974663010883935e+01
    5.6633220620747558e+01 6.8615449359770381e+01
    -1.0346809122563131e+02 -2.9454596734406220e+01
    -1.2977483620740577e+02 1.1844708786200112e+01
    -9.5433418932425518e+00 7.9650100110889861e+00
    -1.8372637022234478e+01 -1.4512569132512081e+02
    5.4773230532083829e+01 1.5410391931525808e+02 6.7297038003047106e+01
    -7.8913154272772402e+01 2.8653219819697565e+01
    2.2955239272240792e+01 4.9858871446115156e+00 1.2762931461143718e+02
    -5.2990279511366282e+01 -3.9165581489678928e+01
    -1.2531352210272381e+02 -5.5439682699851907e+01
    6.3332280289848569e+01 -5.0236410603578161e+00
    4.9635660072710877e+01 -3.1956020758856560e+01
    -5.3699655208843794e+01 -5.0749508127707564e+01
    -5.8121342112034917e+01 3.2102782761368196e+01
    8.8997778393316608e+01 2.0758691827297525e+01
    -1.4607503821230814e+01 -1.3144564310617727e+02
    3.1237474748959748e-01 8.9534199583514123e+01
    -2.6166514498905073e+01 7.7466586409116914e+01
    -6.7632929940412936e+01 5.0124545126308078e+01
    -2.2235163743281799e+01 -6.6744375251703758e-01
    1.2024181561061392e+01 -4.9872169427267167e+01
    -1.6042720986980950e+02 5.0671526836025066e+01
    -1.0022347184919038e+01 -1.1358014962038735e+02
    1.4292691963444216e+02 -2.2198260837837360e+01
    6.7431376064961711e+01 4.9436842611679680e+01 5.2378907688945233e+00
    6.8260910934770834e+01 2.6651460523364580e+01 1.3710484675139662e+02
    -3.4290895748462979e+01 -8.6159749265532028e+01
    5.6515826554386834e+01 5.3346200837180000e+01
    -6.2635272962406646e+01 -5.2906863962240593e+01
    5.7448031767443894e+01 -1.5293358785539317e+02
    -7.0513670331665395e+01 4.8791194281985826e+00
    -1.3954508315023494e+02 -8.5158832823902415e+00</data></s23_1>
</opencv_storage>
