<?xml version="1.0"?>
<opencv_storage>
<s23_3 type_id="opencv-matrix">
  <rows>200</rows>
  <cols>1</cols>
  <dt>d</dt>
  <data>
    1.5993198247381554e+03 -1.2240935208302150e+02
    -8.1457346473405238e+01 -3.2492143539636857e+02
    -3.8087428628528492e+01 -1.2822009947026694e+02
    9.0144535255824985e+02 -4.3790761788019881e+02
    -2.3074436848887862e+02 2.3082144207244193e+00
    -6.5317568987008133e+02 4.4445186765794625e+02
    2.8024007623786201e+02 -4.9415927591720976e+00
    -1.5730228758472916e+02 -2.6828456716907357e+02
    9.7379193339424219e+01 -1.8804356675833648e+02
    1.6369531514921209e+02 6.7773899737366776e+02 3.7923784286884441e+01
    1.6648183979574085e+02 1.3156191258567281e+02 2.0023474332409515e+02
    2.2914324379767373e+02 -2.1168008104545657e+02
    -5.3267982989208861e+01 -1.1566954586597507e+01
    2.7352106122283158e+02 8.6347853666167779e+01
    -3.0753152387893317e+02 1.8313601954601641e+01
    7.8891320790449626e+01 8.0744703540590109e+01
    -5.2656512312315286e+01 1.1870594213102321e+02
    -1.4019573827425887e+02 -9.1632226378192613e+01
    1.9487814425508432e+02 3.2415029744398339e+01
    -1.3939159896551418e+01 9.7700339651674994e+01
    9.3571157168275363e+01 -9.9711042470090465e+00
    -5.8338938161102234e+01 1.9824012455675319e+02
    2.5436286354881510e+01 6.2444280937619272e+00 2.5171625287803941e+01
    6.3744817882618454e-01 -8.8947304419024221e+01
    -5.3236509366740187e+01 -1.9403833937387486e+02
    -7.7830600704147571e+01 2.0909773385837664e+02
    1.2933655896813761e+02 -1.9389528584869603e+02
    2.5731235988981354e+01 1.7364075086021663e+02
    -2.3277636652261467e+01 -6.0343475431737993e+01
    8.1741940149163668e+01 1.0124600170691071e+01 2.1841658605873103e+01
    5.5686922287506299e+01 -7.5654833739576816e+01
    -9.1815746612978742e+01 -4.4981204893510331e+01
    -1.1962528489114847e+01 9.7187304379626170e+01
    -3.3627782971763203e+01 -9.3001207813010495e+01
    4.0030422735490156e+01 -1.4483807830801512e+01
    1.7582247239740641e+02 -1.0573918393164607e+02
    1.2162734497906402e+02 1.8432457099263854e+02 5.6813375149258349e+01
    -5.1942452387139966e+00 -1.6685078249170678e+02
    1.7517938549732102e+02 4.7131499875632215e+01
    -2.9489697605789488e+01 -6.3525032971546068e+01
    -6.2369438592580345e+01 9.1876216951669889e+01
    -2.1361674150895141e+01 1.2418255779763251e+02
    6.3057800008779132e+01 6.0520436067732888e+01
    -1.3406033218756005e+02 -2.6810462093998567e+01
    4.8807604900355386e+01 -4.2674090404983843e+01
    -3.1966538626818064e+01 6.2317273588161406e+01
    1.8529625156651285e+01 -1.4088817004621748e+02
    -1.5724015996571993e+01 -4.4034628758183295e+01
    -3.0951150431772341e+01 5.0593109711953810e+00
    2.7129034789033899e+01 -8.1046884343926806e+01
    5.6484810814824520e+01 9.8176300469924215e+01
    -6.9064825033364869e+01 9.1524474263408617e-01
    -2.6284262771668692e+00 4.1431549182039042e+01
    -1.5812314688015027e+02 -1.2576354189051551e+02
    -9.0564610406370022e+01 2.6758233067079984e+00
    1.9769409242583190e+01 1.2602453814693573e+02 1.0474973371913171e+01
    8.9740736779281221e+01 -9.3470196945002044e+00
    -3.0702627333833043e+01 6.8398919691786006e+01
    6.5252186860922450e+01 1.5245802132757345e+02 1.3129994268131608e+00
    -5.6601916580357869e-01 1.3277819792920054e-01
    -2.9395283645705657e+01 8.5963160809323895e+01
    -3.2702384545690187e+01 -1.8731150855357544e+01
    5.4319937406959319e+01 5.3157139165250221e+01 7.6299695488617445e+01
    2.7984263275696705e+01 -1.1329210457492208e+02
    -9.5214424452297479e+01 5.2307672646787580e+01
    -5.8528546533011031e+01 8.1373611950659495e+00
    -7.5203449556037782e+01 -6.3683069964622334e+01
    1.1367082078018612e+02 1.0793184509346537e+02 2.5913063005412933e+01
    -1.4796370053202705e+02 -6.2509983084094465e+01
    -2.4375553523401038e+01 -1.1095676157542936e+01
    5.5042659865241021e+01 -8.5745792882922611e-01
    1.8867029179008306e+01 -9.6013077278309453e+01
    -1.0547876809159646e+02 -1.0350019233885854e+02
    2.6567199769437506e+00 1.3852105304210403e+02
    -8.9471183179412137e+01 -4.4480071212957952e+01
    -1.8984262677573664e+01 6.3045883841732682e+01
    3.8928424669114314e-01 3.7643165139188646e+01
    -4.3459008512378059e+00 -1.3809145046148595e+02
    -1.2847023251332331e+02 4.5255804279909448e+01
    1.2008362430262363e+02 -3.0925664105491315e+01
    -3.9867433465705595e+01 9.2217391134266592e+01
    6.3769037989509187e+01 3.2592198582303503e+01
    -5.5092592886813163e+00 -5.7990395493551485e+00
    -7.4293030643668573e+01 -1.5772414820019912e+02
    1.8090335934723949e+01 4.8973121909552113e+01
    -1.3826625861355060e+02 2.0325354544754762e+02
    2.6400592532552249e+01 4.5714884304996346e+01 7.3785789003978508e+01
    1.5019546242882212e+01 5.5952520515537017e+01 1.0082061358240983e+02
    7.3323555226037939e+01 -4.5760926190615848e+01
    -8.9985659109749022e+01 4.6778106498890367e+01
    5.3756745651692256e+01 -3.9234003757556628e+01
    -8.0208866975221568e+01 5.6525965426462889e+01
    -1.6416723762772571e+02 -7.1579083594164558e+01
    -2.6442801397335445e+00 -1.4482930619230041e+02
    -6.2687711691932124e+00</data></s23_3>
</opencv_storage>
