<?xml version="1.0"?>
<opencv_storage>
<s23_5 type_id="opencv-matrix">
  <rows>200</rows>
  <cols>1</cols>
  <dt>d</dt>
  <data>
    1.5962847518861647e+03 -2.1993081740159198e+02
    2.5608194406952418e+01 -2.4666371526146861e+02
    6.7743201129563957e+00 -5.0127944558034208e+01
    8.7587676137358812e+02 -5.3549190643967643e+02
    -3.9308111440258324e+02 9.8919786502797493e+01
    -6.5656201859034616e+02 1.4540990557160794e+02
    1.7663086645980428e+02 -1.4402883275140500e+01
    -9.5382131872009325e+01 -2.7483500151148371e+02
    2.0392248044741348e+02 -2.1010886445200398e+02
    1.3575075750559873e+02 7.6897849641300627e+02 2.3237708689957324e+02
    1.4413295909164745e+02 7.1484279646070419e+01 1.8053114017872892e+02
    1.8841231282023648e+02 -2.2111320627704453e+02
    4.6579547626283668e-01 -5.1567510855691324e+01
    1.9511948734669730e+02 5.7187285809049889e+01
    -2.6702257573097552e+02 -3.6994610144187696e+01
    2.0209090568357595e+02 3.5535014443063524e+01
    -8.0412274509734374e+01 2.2500451351319143e+01
    -7.8881112914209538e+01 -1.7924357262586174e+01
    2.1416012536255641e+02 2.2356549630720234e+01
    -1.1888534839720963e+01 4.8577795628130858e+01
    3.5786889473392236e+01 -1.7203373305987505e+01
    2.2175326024013717e+01 1.4715085413423824e+02
    -4.6955023388096492e+01 -3.5791880639245655e+01
    4.2025485017843899e+01 3.0247150142753750e+01
    -1.2328591936630835e+02 -1.1702703426618682e+02
    -2.4234747420256716e+02 -7.9163852361572125e+01
    1.5240113690213738e+02 -9.5012160367398568e+00
    -1.8035991909097643e+02 -2.2476674532830234e+01
    2.5658454561608664e+02 -1.1917955484567128e+02
    -3.1176924323131523e+01 1.1721241764800511e+02
    5.1983185576671978e+01 -1.2227686837107996e+01
    3.0263195432451695e+01 -5.0296295325663671e+01
    -1.3407659220079751e+02 6.7683051195725810e+01
    -1.3095173056160556e+02 5.3680128859241854e+01
    1.1134177410218062e+01 -1.6759275138268475e+02
    6.8100589751371871e+01 6.0142786666010046e+01 1.8159326398699497e+02
    -1.0638607457979317e+02 8.3813122062057900e+01
    1.3081860274746009e+02 9.3370066230783326e+00 8.5768754467046648e+01
    -9.2500819458860704e+01 1.3779387006389433e+02
    -3.5529467398491924e+01 -7.0360975712827852e+01
    -2.2733330540609547e+01 7.8107081963462734e+00
    1.1000024366228257e+02 -3.7402985216247551e+01
    1.4060987246099856e+02 5.9217299402214984e+01 9.3628744323496207e+01
    -4.0379897450108494e+01 -7.2718951030154187e+01
    3.4250682171892663e+01 5.0245643276385465e+01
    -2.9915394561632240e+01 -1.6884446674426330e+00
    6.8950202519733736e+01 -9.8168962517940173e+01
    -1.0064251279312697e+02 8.6758817011595909e+01
    -2.3039964091569932e+01 6.1598707849856012e+01
    1.1655994514783481e+02 -5.5973913130092129e+01
    1.0687170657893776e+02 6.7125929620562545e+01
    -1.6514825562163750e+01 7.3473653122487448e+01
    2.5853772369600470e+01 1.7513703405238200e+01
    -1.4418707749650423e+02 -4.2547650528020988e+01
    -4.7838225592084882e+01 3.6748777541395938e+00
    -5.8027973668520296e+00 -1.6786147506279516e+01
    -5.9074088463927819e+00 1.6292710089655534e+02
    2.0265965470377573e+01 5.5625231567753488e+00 1.5218808149355988e+02
    3.1526174178753923e+01 1.6655800520933681e+02 4.7976355968433325e+01
    3.2289508725337591e+01 2.2914624339610622e+01
    -3.6025050991740258e+01 -2.3373916848352010e+01
    3.1822439060199903e+00 -8.9135873550192066e+00
    1.6867579645099212e+01 8.7099616894507257e+00 1.3332158908354910e+02
    3.8290453833559361e+01 8.6501797446570485e+00
    -1.4012231258216079e+02 1.8945544057505153e+01
    -8.4428703591267762e+01 -9.8935013826152812e+01
    -8.1247668439203082e+01 -6.1496703571483899e+01
    1.3973910778774854e+02 8.4000160586076138e+00 4.3073439588991178e+01
    -2.5804258715536587e+01 3.7686006115740540e+01
    3.6645191044144454e+01 -7.1172791924848113e+01
    6.7676571657990451e+01 -9.1568876292706051e+01
    -3.3756220005707673e+00 -9.3537334202456943e+00
    -2.5680734019125413e+01 2.4363595148565114e+01
    9.2006939792715663e+00 -2.7683896106868062e+01
    -1.5525946413130050e+01 -5.5095523947826479e+01
    3.4429637650872117e+01 -3.8448564389734244e+01
    4.2774829051199298e+01 6.0637741414103541e+00
    -6.7653523737088449e+01 2.6167324010556236e+01
    -1.4121465537724009e+02 4.2901974089972896e+01
    5.6017723527692283e+01 -1.0587981171831794e+01
    1.2119066513927976e+02 6.3220294412036555e+00 2.9872145059220433e+01
    -1.0956052446324318e+02 6.4391236699077311e+01
    7.7983609998944871e+01 -7.1900287114498610e+01
    -1.8004828826304177e+02 7.5979685641573823e+01
    -3.3456827970689112e+01 -1.6253190186235571e+02
    1.1638762729003277e+02 4.2745216536810553e+01 7.4862069526152538e+01
    3.8393610471177233e+01 -3.9056845204859655e+01
    1.0821936402722265e+02 -7.5637400779574504e+00
    7.8223887579710265e+01 -1.9208091168664620e+01
    -5.6224028443618451e+01 8.0750433780430470e+01
    6.8607369729889911e+01 -1.9674199644980675e+01
    -9.4417114287058766e+01 4.6494675175963572e+01
    -1.4622592962685718e+02 -6.2947126963286308e+01
    -5.2663702805299346e+00 -1.3715985948302321e+02
    6.3509527472386305e+00</data></s23_5>
</opencv_storage>
