<?xml version="1.0"?>
<opencv_storage>
<s24_4 type_id="opencv-matrix">
  <rows>200</rows>
  <cols>1</cols>
  <dt>d</dt>
  <data>
    1.4048457894236483e+02 -9.1954565995253915e+02
    1.5023366396772012e+03 -6.1223979436791194e+02
    -3.2086018612471577e+02 7.4188578108968306e+02
    -2.6017356015964668e+02 -4.0682560131436043e+02
    3.1301132321231478e+02 2.1725761427973234e+02
    -6.0815996780422802e+02 7.0464655212489717e+01
    -2.1443492094033891e+02 -2.0907680434037207e+01
    1.1876182284143684e+02 -4.3510991013010283e+02
    -4.4089421800872124e+00 -2.6309920054298129e+02
    -4.2372021802786597e-02 2.2189834988066008e+02
    2.1469199264394504e+02 1.7043903888940168e+01 1.9599916753272353e+02
    1.1349834470654750e+02 3.3904846971904526e+01
    -4.9046459982834570e+01 -4.0579536042875083e+02
    8.8509684868106902e+01 7.6316425265263717e+01 2.6216204545937154e+02
    -2.5180414914226986e+01 1.1330372366109901e+02
    9.6072307124782171e+01 1.2353529622001942e+02 5.5425913975666440e+01
    9.2536299348492896e+00 -1.9504612048207836e+01
    -1.6915675261615445e+02 1.0363375449653383e+02
    -1.3375549749571786e+02 -1.0212771083436466e+02
    5.0896242799633065e+01 2.6614361051684185e+01
    -1.8130014247393876e+02 1.3035152557351417e+01
    5.8328286052606408e+01 7.3885324162189328e+00 7.2117164592615509e+01
    -1.0498002610749874e+02 4.7531419014660507e+01
    9.1606172163352539e-01 -1.3162791694421902e+01
    7.4995702657704282e+00 -1.6592078085210906e+02
    6.6849544862484677e+01 -2.2740268323223891e+01
    -1.4078087888007295e+02 6.5525377348095873e+01
    4.2478534274463684e+01 -2.4463205107403965e+02
    1.0837259741413241e+02 1.8529309762343311e+02 1.1803318123474926e+02
    1.0477555702462284e+02 -6.5665652282232813e+01
    -9.1365236762746179e+01 -1.2030194448965402e+02
    -7.3455480902643373e+01 -1.1593229180156177e+02
    6.2477977332381521e+01 -3.7038724312818353e+01
    -1.1413837378980416e+02 4.0865356558568251e+01
    -2.6053485496036696e+01 -1.5036270108810877e+01
    1.0778428770807925e+02 -8.7613807373970971e+00
    -1.7903703411010021e+01 -1.5136427992615010e+01
    1.5996945363107284e+02 -1.7470285684955499e+01
    5.7048060988320962e+01 1.6660708788943570e+01 1.7306297189460540e+01
    2.8357911516576117e+01 -1.3686394880837821e+02
    4.4051826059806153e+01 2.8613102595226419e+01
    -8.2748760853471836e+01 1.0972188195152562e+02
    6.5071702446873388e+01 5.7189869610658857e+00 2.7093859836005709e+01
    7.3061891814484511e+01 -1.1525949137862041e+01
    8.9679056969789727e+01 2.6971422566831293e+01 5.3545546566021812e+01
    -2.1921610945708188e+01 -7.8840296002613712e+01
    1.5009049548137179e+02 -5.2525848915554061e+00
    -5.9378336041007849e+01 6.0701092442489788e+01
    -1.3440738178821107e+02 5.7262409861282762e+01
    3.0425049578712411e+01 1.4358273379629516e+01 8.3968230230811486e+01
    9.8456591574961166e+01 6.8094826390939872e+01
    -2.6374921624880383e+01 3.8047940374819412e+01
    -4.6768430133053506e+01 -2.7906992454231851e+01
    1.2057991702622259e+01 -1.8892492826038648e+01
    -3.4257088805562617e+01 4.5714815219237238e+01
    8.0156199623002607e+01 -2.4354544321559139e+01
    5.0228744967956167e+01 3.9585950655260220e+01 1.1584186162183617e+02
    1.0831744933009773e+01 4.0058893818144616e+00
    -2.2183692522817520e+01 -4.4394946009953635e+01
    3.0151513238451447e+01 -7.1750046594932058e+01
    -3.5057715507217786e+01 -1.2006288968680188e+01
    5.1854501592057652e+01 6.3639257668482244e+01
    -1.0380133582952644e+00 8.0655351425964994e-01
    -3.4624641687251831e+01 3.8194487897907216e+01
    -7.9028817332071910e+01 5.8262747770234178e+01
    -8.2506542861121758e+01 -7.1220861480051383e+01
    7.8619457503416129e+01 3.5343348854670850e+01
    -1.4403383722669682e+01 6.5390645206728304e-01
    -1.8616326062067206e+01 -7.2118337992209447e+01
    -1.7216056201970943e+01 1.2604927124412097e+02
    -2.4157361118396583e+00 8.0106378310552159e+01
    -7.9932859707130973e+01 -8.5306813917563659e+01
    -9.8764603245552287e+00 2.9448242593523972e+01
    -3.1691877935187964e+01 -9.9125373976533922e+01
    -1.2933576419802898e+02 5.9029086103310924e-02
    9.9441694366438611e+00 9.9893937167971067e+00 1.1622810900487832e+02
    -4.5255169858939574e+01 -8.7163321600005219e+01
    -1.7721355429310253e+02 -6.6905626313050948e-01
    8.9471804535791563e+01 -8.3116964136151751e+01
    3.8919936740127817e+01 3.9261404204907507e+01 4.7381643366519688e+00
    -8.9838706289913528e-02 1.5109477420247833e+01
    6.0302033533026453e+01 -8.8703672760137025e+01
    -1.8605659479125646e+02 1.4250091595658045e+01
    1.6010150970523068e+01 -1.8065350124221504e+02
    1.8461290992687347e+02 3.4143029588572070e+01 4.6972282445743595e+01
    4.9783059149292448e+01 3.7871603259327870e+01 8.7273836964236111e+01
    4.8628685080998956e+01 5.7866517782267003e+01
    -3.7258034770046706e+01 -5.8624225243190168e+01
    7.6864090863327050e+01 6.1774722462101330e+01
    -2.8296577300379525e+01 -8.1757347408592963e+01
    6.2352705103947685e+01 -1.4375444889438788e+02
    -6.9290213328222890e+01 5.4305444572538448e+00
    -1.4340991187500001e+02 5.7556240393551383e-01</data></s24_4>
</opencv_storage>
