<?xml version="1.0"?>
<opencv_storage>
<s24_5 type_id="opencv-matrix">
  <rows>200</rows>
  <cols>1</cols>
  <dt>d</dt>
  <data>
    3.0407904643359679e+01 1.9464237758625424e+02 5.5835541387095157e+02
    -1.4277223361264930e+03 -4.8343932648581801e+02
    9.7460339104798857e+02 4.8189058095279745e+02
    -2.6276802561896017e+02 2.9414464238571583e+02
    -3.0922779719277639e+02 1.9951393344292637e+02
    -8.8863623963540491e+01 -3.4453068412067819e+02
    1.6241611985319693e+02 -1.0502616910122558e+02
    -3.9297342416657483e+02 1.3081175740721562e+02
    8.8283473856049255e+01 -2.7175321095165953e+02
    2.9493860719802967e+02 8.9262832894918660e+01 3.4691567042459144e+02
    -1.2866379334816907e+02 1.1859170907453506e+02
    1.7677432752351018e+02 -1.4193236634119552e+02
    -2.4692555872449304e+02 1.7006387486724131e+02
    1.7906941219507468e+02 2.5531434528259240e+02
    -1.4463911975576497e+02 -1.8186490742808001e+01
    2.7284821940640200e+02 2.2757258665673555e+02 9.3955130105047630e+01
    1.2415923113707456e+02 -4.1101652737249685e+02
    -2.0337975698225446e+02 -7.9874031362766118e+01
    1.3485097100622440e+02 -1.5186206534341429e+02
    -9.6754830816644400e+01 -4.8236100661860235e+01
    9.1317881318758069e+01 6.8016970665657155e+01 1.1947298313703418e+02
    1.2391347462962240e+02 -7.7815089420179504e+01
    -2.3357026157329420e+02 6.9615256373708789e+01
    -4.2538660386126246e+01 5.1005972818275360e+01
    -2.1110855894295372e+02 -1.1089798355347310e+02
    2.7969150473754564e+02 -9.7758757668506348e+01
    -1.8756493375844425e+02 3.5901754742095825e+01
    -3.3476730115887968e+01 -5.6417557207947084e+01
    1.6690940318485994e+02 2.5166162565650612e+01
    -7.1866077998936309e+00 -2.1901860773925044e+01
    -5.3289927251888940e+01 -1.6400594859990676e+02
    -2.2393810228709532e+02 -1.3343017034095345e+02
    -4.3623635924241322e-01 8.2194288824767312e+01
    -1.2630846653210035e+01 8.9306205097063796e+00
    3.1031588673885743e+01 -1.0179416375308658e+02
    6.9245038048345762e+01 -8.5489615685817398e+01
    9.5260308944957018e+01 2.1364448347447154e+02
    -1.1567813491275514e+02 8.5826241823580816e+01
    -1.8023319312118730e+02 6.7781932167813338e+01
    1.5174644803328820e+02 -9.6718198301650034e+01
    9.2868860816269887e+00 -1.5567205496664528e+01
    4.5964103947271646e+01 5.2877950032050663e+01 4.1709856911826442e+01
    -1.6510570972166929e+02 -5.7584559476866445e+01
    3.1194770653320514e+01 -1.5154936908262176e+01
    9.2302969622692235e+00 -1.0954721809261827e+01
    -7.9173887373554422e+01 5.9088621578469976e+01
    -1.7355450782654660e+00 -8.9821811596545018e+00
    -3.5390480109556243e+01 1.5596387722165008e+02
    9.9939185916858847e+01 3.7211963768785488e+01 1.0650148391227560e+02
    -1.5210242911612158e+02 1.4221264576516265e+02
    6.5937805934037172e+01 -3.7955270716675741e+01
    2.4917280462098461e+01 1.3583531880219214e+01 4.6449254311234700e-01
    -1.7809137910620819e+02 -8.1319565096193429e+01
    -9.2446957843681133e+01 6.2501676492219424e+01
    -5.6902107793194352e+00 6.8377609652888808e+01
    1.1611661776861341e+02 -1.3916499713637130e+01
    -1.0892149401647039e+01 -7.2850084048281147e+01
    1.2534334393579014e+02 9.0060343641507117e+01 1.6779327263397172e+02
    -1.2068615883176852e+02 -3.6969623033054198e+01
    -4.9339584077000531e+01 -1.3765172890271813e+02
    -6.1765730173231354e+01 -4.9693264166615982e+01
    -6.2447203652151678e+01 9.3968116940316904e+00
    4.1574338093799888e+01 2.9358433250369686e+01
    -4.3637448087204973e+00 -5.7040567754837227e+01
    -5.3821968931024387e+01 4.2877204566991438e+01
    -7.1531309599591410e+01 -3.7662969878833657e+01
    -9.3718006393905018e+00 -8.2660184562250507e+01
    8.6707989178057076e+01 1.0183956017414891e+02 3.4913796091730134e+01
    -6.9707807984509401e+01 -6.1978494759315228e-01
    6.2208453821493855e+01 -2.4161083080003838e+01
    6.1193501373783292e+01 -8.1457883962865978e+01
    3.5186237026883160e-01 -2.0363613288294246e+01
    -6.1447772447931106e+00 -8.5003754449381330e-01
    1.0684284248194171e+00 5.7614015996774107e+01
    -7.4344994218448832e+01 -5.7981158877595050e+01
    4.0499900095985815e+01 1.7389858518814719e+01
    -2.4378501611195794e+01 3.8877303628894737e+01
    -1.4132159794241377e+02 -5.3454201763573543e+01
    -1.1580980733471203e+02 8.8375377871232867e+00
    1.0013839466891753e+02 -6.5160714586962831e-01
    5.3415088883241800e+01 8.4673936532076667e+01 5.3868940196637638e+00
    -1.5241358522293282e+01 6.4325765863448311e+01
    1.9675231232529196e+01 -6.0257018440888416e+01
    -1.5213526367625082e+02 5.3260634041950865e+01
    1.8515745352975802e+01 -1.6810283395709595e+02
    1.2483561263118500e+02 1.9217330316321153e+00 4.2282904609694093e+01
    3.4062754105117712e+01 -1.1073317761359599e+01
    7.5433512630309906e+01 4.8717920623386043e+01 6.3736403397564366e+01
    -4.0757215436446224e+01 -5.9317728973407085e+01
    5.3836158154380755e+01 6.5119713841699706e+01
    -3.6256997803049430e+01 -7.3311449993965553e+01
    5.5631748322550841e+01 -1.4748839646176674e+02
    -6.4126569349362001e+01 -4.3271175565275544e-02
    -1.4097574295547787e+02 -8.5150774457759155e+00</data></s24_5>
</opencv_storage>
