<?xml version="1.0"?>
<opencv_storage>
<s24_1 type_id="opencv-matrix">
  <rows>200</rows>
  <cols>1</cols>
  <dt>d</dt>
  <data>
    6.2647706896645866e+02 -1.3881717784165602e+02
    1.1497111541403442e+03 -1.3721301585186561e+03
    -4.9570698548066571e+02 7.1924620482415298e+02
    2.8967545889759961e+01 2.8650696681816534e+01 5.7476882380147435e+02
    -5.4294282534732879e+01 -2.3153539292876471e+02
    1.2643969523035719e+00 -2.3641565803932727e+02
    -6.9757545770008562e+00 -6.0385013439677365e+01
    -3.2589222362173894e+02 2.7203145636067529e+02
    1.1805177487879246e+02 -1.3236939492868157e+02
    1.4046059549673751e+02 1.1986847866054045e+02 9.4152764525622914e+01
    4.5967450216085020e+01 4.1280397464673094e+01 5.1212909803396293e+01
    -1.3537419314735965e+02 -1.9719812483583172e+02
    2.1348785303806883e+02 1.5759530842058325e+02 3.7334376701297339e+02
    -2.5099587860591740e+02 4.8507914805197871e+01
    2.4886939802099184e+02 2.7160032386729523e+02
    -1.0278362441779199e+01 3.9853249481683214e+01
    -8.6395448284134972e+01 -1.8178520241582336e+02
    4.4250003965983304e+01 1.8858338776143626e+02 9.8715114389005532e+00
    1.0300577288848648e+02 5.6871198174453195e+00
    -2.0985188760954777e+01 -8.0038848632397652e+00
    1.8891864586958891e+02 -7.9806357726999599e-01
    -3.5504558484319830e+01 -2.9182014030506429e+02
    -2.7680644909025801e+01 -1.0604337808066329e+02
    2.3643491102933350e+01 -3.2470043891482311e+02
    -1.1558767179294253e+02 3.4037026724307213e+02
    -9.4347020029568554e+01 -1.0749147428920543e+02
    -7.0813532438692420e+01 -2.7401140386305535e+01
    -1.3078481469988893e+02 1.3544056845556401e+02
    1.3320629009996051e+02 -5.4938168895750252e+01
    5.9441037683198104e+01 -8.5566792687446114e-01
    -1.0133877937938873e+02 -4.9865556335020372e+01
    -8.0158475318442484e+01 -3.6659515605487655e+01
    5.4991275709823718e+01 1.9381878791104803e+01
    -1.2313213432355651e+02 2.1834710335378642e+01
    2.6321052655499933e+01 -3.2521543624877410e+01
    -1.1786973227621807e+02 2.5009519379174925e+01
    5.6672694306268120e+01 -3.3986721916409074e+01
    4.7008927623838332e+01 -1.3225216250849886e+02
    4.8794528852444856e+01 -3.2921557857075548e+01
    -8.9891875231105061e+01 1.5082332044087526e+01
    -4.5704579605017258e+01 7.9592446421720851e+01
    8.7494037885544401e+01 2.1027811920346327e+01 4.7117993554208368e+00
    1.6809781729788320e+01 -9.1210519644592285e+00
    -2.1214977038463751e+01 -1.8998342743443750e+01
    9.1737268233984366e+01 -4.4587885869828938e+01
    4.7614889097870595e+01 2.9055711671363582e+01 8.9235872471232668e+01
    -5.2607390883628085e+01 -1.4163846907275840e+01
    -8.5558792123400429e-01 1.8608518693798203e+01
    5.7523807768149702e+01 -6.7065351060580895e+01
    4.5179240563261260e+01 -2.3153198596494342e+01
    -3.3897759257173583e+01 5.9354509484145588e+01
    7.1997484571886856e+00 8.2751706104573202e+01
    -5.5718075126281775e+01 -6.2628443725633396e+01
    -7.5083459912387809e+01 -1.0600331003566623e+02
    4.7539785630183026e+01 -6.2472355823243095e+00
    3.3072324063623917e+01 1.1826572016118614e+02
    -7.5930592169963376e+01 -4.8152699652760553e+01
    8.3529033901543244e+01 -5.4005883084704529e+01
    9.5476409786303989e+01 4.7553146360897873e+00 5.6602245634206653e+01
    -3.9373811009796860e+01 -6.6230733878139887e+01
    1.2102219627381891e+02 1.1161443595683679e+01 4.5157973106907129e+01
    3.9215866572451105e+01 7.7653072212704700e+01 9.9459805805162446e+01
    -9.0042114471145425e+01 -1.0665109993819857e+02
    -1.0403819748593577e+02 -4.5940232812790398e+01
    -6.3451223181431097e+01 8.3741343700452582e+00
    -5.7694976217411913e+01 -8.0417787740259300e+01
    2.0249677882961791e+02 4.9248045895943179e+01 1.5952932277603491e+01
    -1.3370438312458077e+02 -3.8840414059953460e+01
    -5.4244884448439885e+00 -1.3880849111427537e+02
    6.5141518697710282e+01 -1.3744385221522268e+01
    -2.0064395597794871e+01 -7.8059417606501171e+01
    9.4037673554392978e+00 -3.1278794859723568e+01
    -3.6991056426735938e+01 8.6806896408271328e+01
    3.7791697772327852e+00 -2.3353471176011212e+01
    -5.2330429644557910e+01 6.4337641054706253e+01
    4.7304091197273408e+01 -5.0614649991335597e+01
    4.1564894251404169e+01 -7.3296054837679407e+01
    -1.0021490611489028e+02 6.0476564399640168e+01
    9.5849154055982368e+01 -5.4945326364052278e+01
    4.7834844200661401e+01 -3.7062435002783239e+01
    1.9046727027606444e+01 -9.3897546846222028e+01
    -4.5208377705029662e+01 7.1952947727208397e+01
    -2.2423975316702357e+01 -2.0286943934854853e+02
    6.8286575703147975e+01 4.1107230483582782e+01
    -1.7041429610676855e+02 1.3693482345521707e+02
    7.0023247642923153e+01 2.5193348883712293e+01 6.6651464684957304e+01
    1.5914054338941757e+01 9.4438615107412218e+01 4.0447923385966227e+01
    8.2055326603279440e+01 -5.5112962580598960e+01
    -7.2370938789671740e+01 9.4323946847562112e+01
    5.5605288887790529e+01 -1.6313190369940703e+01
    -7.8530921473300069e+01 5.4386262233263743e+01
    -1.4793189968578633e+02 -7.9664320093744422e+01
    -1.6744225629049517e+01 -1.3872094346798693e+02
    3.0041429097315158e+00</data></s24_1>
</opencv_storage>
