<?xml version="1.0"?>
<opencv_storage>
<s24_3 type_id="opencv-matrix">
  <rows>200</rows>
  <cols>1</cols>
  <dt>d</dt>
  <data>
    5.7130647963968636e+02 -7.1353502685187323e+02
    1.1592234878858415e+03 -6.8333085564249222e+02
    -4.0647059574985593e+02 6.6552232233818529e+02
    -6.5959019100318062e+02 -4.3583726030959320e+02
    6.0266749630392485e+02 3.3211344011362587e+02
    -5.2201821740640116e+02 -4.9162575834171875e+01
    -4.4107754672208091e+02 -5.7536390043184973e+01
    2.0688837951683388e+02 -2.1445937367693298e+02
    1.7523377382431812e+02 2.1239577459888469e+01
    -5.8982253989116352e+01 2.5162473295805867e+02
    5.6740372070454256e+01 -5.3727137377619499e+01
    -5.7800629581106726e+01 2.2516424816252726e+02
    -1.3954243758381400e+01 4.3069855733138759e+01
    -4.3914135496917487e+02 1.8411984826290168e+02
    1.3820403411704487e+02 3.5247947505504293e+01
    -6.0702972726233369e+01 -7.8777213469538921e+01
    3.6054074922179112e+01 2.2839069783877792e+02 2.2092797860659161e+02
    7.4086419378968067e+00 1.3520624382169694e+02
    -2.9598888956253944e+01 2.1623402070696827e+02
    1.0396429275129702e+02 -6.6482411292035204e+00
    -7.1846014850206297e+00 -2.8437094912526032e+02
    -3.3394980019810454e+01 -1.0547612051606049e+02
    1.3264015196434670e+02 1.0152233329015942e+02 4.4398428151580326e+01
    -1.1397177762502034e+01 -2.0741040237454520e+01
    -4.2227760170228514e+01 -6.5399570426986486e+01
    -1.8890215371800787e+02 -5.7913871447774468e+01
    1.6628197428916957e+02 2.3547730841358643e+01
    -1.9636937342762994e+02 -4.9327193983429581e+01
    8.8518697923946732e+01 -9.7659532017806242e+01
    2.7607532459549621e+01 -2.7054631509568960e+01
    6.1803521373168927e+01 -7.1722488948586346e+01
    7.2075590906135034e+01 -3.0272672230873855e+01
    -1.4645999162687911e+01 1.3523183255230893e+02
    2.2200466649596141e+01 4.2698096606697490e+01
    -6.5163485640783435e+01 -7.3337119189598383e+01
    5.1120582359465352e+01 1.2092524798344799e+02 1.6222481247690939e+02
    -1.1812934022759863e+02 -6.3542027228599132e+01
    8.6232130191506002e+01 -7.0481609012242373e+01
    -1.3289025625319802e+01 -1.0164556086567603e+02
    2.5609339869589093e+02 9.5831927017177435e+01 7.1175065609298272e+01
    5.9015887875497938e+01 2.1615912636330400e+01 1.6846474519272607e+02
    -3.3041525154565132e+00 6.0823359370346971e+01
    -1.0975404503460280e+02 2.9256689160226021e+01
    -7.6907055485553897e+01 5.4687017738774671e+01
    4.5068376533820675e+00 2.9074043835203216e+01 5.3241112650326222e+01
    7.5175490408075802e+01 -5.6525023114607201e+01
    -1.1293974300795557e+02 -2.0876448671728772e+02
    8.5397704395945524e+01 -3.5932024314940968e+01
    -1.7663555440034802e+01 4.0317975463318646e+01
    -1.0857904409822513e+01 5.5150474431408384e+01
    5.9063810658917092e+01 -7.7882978512895580e+00
    -4.6978750819474584e+01 1.1035086001944498e+02
    4.4247911153544216e+01 -1.3379114412600708e+02
    -6.5603312487399862e+01 -2.0544081447568665e+01
    3.0496381442814510e+01 -1.8009643271096502e+02
    1.1137206112326592e+02 -4.7271244986172796e+01
    8.2471359242534461e+01 -7.0518899881835537e+01
    4.4357790975124608e+01 -2.3309556261086069e+01
    7.8397668012232700e+01 1.8701394578590563e+02
    -7.3940898148494455e+01 1.3946577186717124e+02
    -4.8136061041938454e+01 -1.3462347082088894e+02
    1.2939023379252058e+01 -3.5867454998085748e+01
    7.2034249647586591e+01 1.0018541765329350e+02 6.8666121932296079e+01
    8.9971463825926477e+01 2.4227906353014642e+01
    -1.4345722959552734e+02 -9.9836172731927377e+01
    1.8697180397293728e+01 -2.8947641590872792e+01
    -2.0978702738208575e+01 -4.7833887342711620e+01
    5.4417734859183566e+00 8.3607459551687072e+01 6.2178377117798384e+01
    1.0543170733666017e+02 -3.4271952493600580e+01
    -6.1939512053983641e+01 1.5850955517629386e+00
    -2.7424785728270436e+01 4.1895590637749685e+00
    -1.5745346423592544e+01 -6.0405227909181960e+00
    -8.3335556786485739e+01 -6.1974807264330565e+00
    -2.7317000873194015e+01 1.6202274417360844e+01
    3.6827476633105171e+01 -6.0664992052681612e+01
    1.6302146125013595e-01 3.7850265660261499e+01 2.1840257374309049e+00
    2.1630460317243809e+01 -3.7890933513600888e+00
    -8.0816465548862894e+01 -6.0291537054924049e+01
    -1.6398716629890868e+02 -1.5592925448492878e+00
    5.8416692681893757e+01 -5.7997913766282636e+01
    2.5930804595458991e+01 -1.2195784551965712e+01
    -2.9191410944831990e+01 -3.2666241632465258e+01
    5.0091604137161056e+01 5.2921667099220471e+01
    -5.5607533334289215e+01 -1.4521744545841034e+02
    4.6066880386070942e+01 4.8097582262754912e+01
    -1.3504874068351506e+02 1.5685506661879705e+02
    2.4341703208410621e+01 2.2717593297070831e+01 4.2936751326314216e+01
    -1.7986638212062587e+01 1.0159116118089405e+02
    4.0410869976114185e+01 6.6222299876377491e+01
    -4.2620120461443669e+01 -1.0475652433891834e+02
    8.6287779628049861e+01 5.8985628014695990e+01
    -3.7212125267957028e+01 -8.2356690821120210e+01
    5.0862244987168772e+01 -1.5119079370604004e+02
    -7.6815406008958902e+01 -1.3503652272549655e+00
    -1.3670633741662422e+02 -5.8796719489056688e+00</data></s24_3>
</opencv_storage>
