<?xml version="1.0"?>
<opencv_storage>
<s24_2 type_id="opencv-matrix">
  <rows>200</rows>
  <cols>1</cols>
  <dt>d</dt>
  <data>
    6.2746576424289162e+02 -1.9996267224563266e+02
    1.2245820752583957e+03 -1.1737266237769049e+03
    -4.9072275946558426e+02 7.5875790339188279e+02
    1.7926155208741466e+01 -7.9451495970613692e+01
    6.5333066417401858e+02 -1.7144155512229975e+02
    -2.3090119345439174e+02 -5.0662537579415407e+01
    -2.3323896383863092e+02 2.0215727437922357e+00
    -1.6696350605376398e+02 -2.6940587660248116e+02
    2.6931255144821989e+02 1.7422193336709674e+02
    -1.0792215888232737e+02 1.2621292423983226e+02
    8.0962381237983749e+01 1.0894479698161059e+02 1.0564283504843992e+02
    5.5175784149172998e+01 1.9195712398196000e+02
    -1.1211140334518670e+02 -1.8219235903510526e+02
    1.5155363605256119e+02 1.9032487143330999e+02 3.6824799807342953e+02
    -3.3117207352803172e+02 2.9226207404017071e+01
    1.4428108519234237e+02 2.1568664578248087e+02 4.4728466387442765e+01
    -4.7265784678534173e-01 -1.2648782733944489e+02
    -7.7652510628828793e+01 1.2492349608091062e+02
    9.2525354885796915e+01 -7.6630224998457749e+01
    1.4699133908467195e+02 -4.8251178801568535e+01
    -8.7120825071612060e+01 6.3365260777466808e+01
    2.7597362100622325e+02 1.3812186345411376e+02
    -2.1793634545543932e+02 -1.5952672641579733e+02
    -1.1371654250760534e+02 -1.3611163434341233e+02
    8.0960137741636103e+01 -2.9134789618596460e+02
    -1.4184049948318142e+02 2.7423437885450778e+02
    -8.2039555533885789e+01 -1.9721944079661748e+02
    -1.1212752850715518e+02 -5.0513374011352688e+01
    -2.0467680845006748e+02 9.2685238309979454e+01
    9.4121739208673247e+01 -7.1401367026011698e+01
    3.4530506747119226e+01 5.6286756183415420e+01
    -1.8653928171411945e+01 1.2147635101643587e+02
    -6.2944967356749380e+01 -9.3958496206188997e+01
    8.5905512324861149e+01 2.1101546496169615e+01
    -1.0554264944744654e+02 -8.4885675090625895e+01
    6.1402328480993447e+01 1.0065038645490461e+02
    -1.2451026192853381e+02 6.1833679995735558e+01
    1.0460606403089660e+02 2.9462686830853468e+01
    -2.2481694806870244e+01 -6.3128869669257249e+01
    1.9764676084724402e+02 8.3351865331597750e+01
    -2.2844034691008464e+01 -1.7934352603044289e+01
    5.5169889211000857e+01 5.5975024689019904e+01
    -1.9372187138827069e+01 3.9330684225705930e+01
    -4.5582494756420395e+01 4.1805683936587265e+01
    -1.7556350545142440e+01 1.8615237492922041e+00
    1.4913699203990356e+01 3.1938656720657388e+01 1.8990759036639297e+01
    -4.7629702132790726e+01 -1.0362751267813123e+02
    3.4328392959508278e+01 -1.0740214528251337e+02
    -6.4586372214877343e+01 -1.1201411769427418e+02
    6.6963744032865250e+01 -2.6379263715784216e+01
    -1.1023719788146927e+01 2.1872086920612425e+01
    2.3065887002268369e+01 7.4907213761517696e+01
    -7.3028962785278013e+00 6.6148946368089597e+01
    3.5371600347531498e+00 -9.7439759453030632e+01
    -1.0500940320683674e+02 -1.0866711050277034e+02
    -1.6772125857258455e+01 1.4605642817507452e+01
    2.5283672017199088e+01 9.2745724147425847e+01 1.0464148890306393e+02
    2.3468774496926894e+01 2.1466009207430787e+01 1.2071404506926874e+02
    1.0602558168430217e+01 7.3263334407190698e+01
    -6.3750261183656271e+01 7.5321402360748138e+01
    -3.9507353488964675e+01 -1.1553987168912461e+02
    1.2219129215558911e+02 -3.7940284690583120e+01
    -3.6924031731790997e+01 7.3484668193679838e+01
    9.4943131555866387e+01 1.0799189043027863e+02 1.1848189315505646e+00
    -4.7902869525448999e+00 -2.2481706898220889e+02
    3.5023381960806532e+01 -1.1768311953216148e+01
    -1.7358071051977447e+01 -7.6767121073693559e+01
    -2.4888192273385542e+01 3.0233729806003145e+00
    -1.0210326666281935e+01 -2.1407615284061681e+00
    -2.9091780246708918e+01 -1.5625599308424812e+01
    9.1133210920080057e+00 1.1983915073237417e+00 4.9088782857470591e+01
    -4.5523310987842500e+01 5.1772959512864674e+01
    -1.1487335998887987e+02 -1.4901198773250823e+02
    5.9343736991627964e+01 2.8678445557959172e+01 3.1898227135855318e+01
    -9.6957205908984179e+01 -1.9341542449646081e+01
    3.8512173028702989e+01 -6.6134884871851540e+01
    4.3597581517634161e+01 8.3825804072606758e+01
    -4.2223875781325930e+01 1.3642335813437494e+01
    -1.4408717535168108e+02 9.1031277656228525e+01
    1.0089914477459139e+02 -2.6931100471953876e+01
    7.5436964750101978e+01 1.1479847070381851e+02 6.8799727966305539e+01
    -2.0158487878624197e+01 4.4735739038165455e+01
    2.5050235301702934e+01 -9.3922120079342321e+01
    -1.6553371408885579e+02 2.8484911224633564e+01
    1.3852040761112785e+00 -1.1700229925639402e+02
    1.7023070056890893e+02 5.6657960226840515e+01 1.0651151380850047e+02
    8.6742421364329402e+01 4.3221303839049963e+00 4.0492735300144794e+01
    5.0492882202647408e+01 8.9081951545358208e+01
    -5.2670451395612474e+00 -5.5838441666706089e+01
    4.8896994299153079e+01 6.3136526444168879e+01
    -4.5126684731354231e+01 -8.8650310972638806e+01
    5.7986362167619454e+01 -1.8116308359577675e+02
    -6.4337739223580655e+01 -5.0203438056645604e+00
    -1.4472595079240565e+02 4.2202022483842239e+00</data></s24_2>
</opencv_storage>
