<?xml version="1.0"?>
<opencv_storage>
<s25_5 type_id="opencv-matrix">
  <rows>200</rows>
  <cols>1</cols>
  <dt>d</dt>
  <data>
    -6.2751011369781475e+02 1.3166206556003817e+02
    -9.9816027443413122e+02 -8.9047663150278026e+02
    3.2162074444879300e+02 4.5232168172988656e+02
    -1.6379168250556592e+02 -4.5405662038517033e+02
    -1.4991389880164246e+02 5.4127935196800070e+02
    -1.7523113806105169e+02 1.2046344897277822e+02
    -5.2693926445534288e+01 3.7809277428069572e+02
    -7.3885669605350612e-01 -7.6815988813989929e+02
    5.2735008222818146e+02 -1.2003335843436479e+02
    -2.4512740370356241e+02 6.9894424820407926e+02
    9.8331742043488106e+01 2.1708616813328422e+02
    -9.0949761521864829e+01 1.1240049737151845e+02
    1.3364781604556831e+02 8.0258248025093764e+01
    -3.3263213943677744e+02 1.1950560122263302e+02
    1.9146974227432828e+01 -8.2073667250219700e+01
    -4.4251649315360100e+02 1.3834359205844470e+02
    -2.4717197624953211e+01 -1.9490395372601341e+01
    -3.3298975562647848e+00 -2.7269376835725490e+02
    -8.7139609864119038e+01 -5.6892081849297078e+01
    -1.3826437032011691e+02 -6.3151654441215769e+01
    2.0268794624650789e+02 2.3942677852136200e+01 1.0061525379469398e+02
    3.1949988063188933e+01 -2.0284671589303429e+02
    -3.2389021748020390e+01 1.8566359359717225e+02
    -2.4922117737594604e+01 -2.6854367571309064e+02
    -4.3498291915249844e+01 -2.1463852172962228e+02
    -2.6561524521626518e+02 -9.2418425506062249e+01
    -1.6022379941981944e+02 2.7106402834096201e+02
    -1.0191815851554138e+02 -5.3985688997490470e+01
    -1.3629284135432235e+02 2.6604428922459945e+01
    -2.3709232156318140e+02 9.9865477646915508e+01
    6.5562502566547352e+01 -9.7726983060546956e+01
    -1.4939573023221930e+01 -9.0990487009744257e+01
    2.9127695690874354e+01 -1.5725843023105165e+02
    1.3992294434929311e+01 -1.8235274575697008e+02
    -1.3754323141894332e+02 3.0691601456948592e-01
    -8.8709996543439971e+01 1.4146645529822788e+02
    6.3439684929761803e+01 2.6324197451823085e+02 1.0772211147689065e+02
    1.1570998837090214e+02 1.7924596320381121e+02
    -1.5846950744560053e+02 -9.7486734391271455e+01
    2.8870526364892363e+01 2.1549077802889514e+01 3.8797378205812635e+01
    3.5088590752784024e+00 5.7412641425923965e+01 1.4955634123432637e+02
    1.2640536990384345e+02 -2.0119695623503720e+01
    5.5598175678102535e+01 -4.3083933569946538e+01
    1.3776512647064800e+02 -5.9515363265755909e+01
    -1.1353153186722383e+02 5.7681654531795211e+01
    1.3848205759194752e+01 3.1449514497068815e+01
    -1.5349564803549793e+00 -9.1733236797351083e+01
    5.9996950808951411e+01 -1.0296685354914177e+02
    1.0495222204254462e+02 2.1918380175981916e+01 3.1507743084984952e+01
    9.2213460675199784e+01 -1.8600447729357776e+02
    1.0839152861565644e+01 6.4435366213952250e+01
    -7.0529333419327784e+01 -3.2661012393003560e+01
    5.0453529322690876e+01 8.1596358877902532e+01
    -9.0363443909648609e+01 -4.1453116535462591e+01
    -1.3925447899638195e+02 -1.7401855228564578e+01
    -2.9598058658408579e+01 1.3500020099550360e+01
    1.2240849115212480e+02 7.6523439566079304e+01
    -5.1616053406256015e+01 4.4741982125360291e-01
    5.3310640490428277e+01 3.3452707869208048e+01 1.3646544037413426e+02
    -4.9379245009647050e+01 1.3035721255438037e+02
    -2.5811846325628281e+01 -1.3967015997666232e+02
    9.5812775378278303e+01 -3.4437477136359433e+01
    -1.1098312254647141e+02 6.1029778498544331e+01
    4.0634876764311969e+01 1.7490275373268727e+02
    -8.0790990075809379e+00 -1.4872705608183285e+01
    -6.8940747323545111e+01 6.8372386522813571e+01
    1.7104005383281624e+01 2.6252657937544730e+00
    -5.0936214054534389e+01 -4.5182200007706534e+01
    1.1999509599236295e+02 3.9704736753898580e+01
    -4.3476497007279287e+00 -9.5164086512873638e+01
    1.1736974730208358e+01 -2.5203739157057786e+01
    -1.5093754958723204e+01 6.9761740628859201e+01
    -2.4243724066473565e+01 3.3414181531912570e+00
    -8.9593427458921113e+01 -2.9925167815368205e+01
    -3.6336101637743883e+00 1.1717859720697298e+01
    6.9414591285260443e+01 -3.7346857293733670e+01
    -5.1839930064094531e+01 -1.1645583560583390e+01
    -7.1035419903948629e+00 -9.9657124831922097e+00
    3.9641919982976020e+01 1.6830762696087733e+00
    -6.0347676036758827e+01 -1.3244690528966169e+02
    4.6502935820804275e+01 7.3237402091168690e+01
    -5.7506177859730123e+01 3.8140244246888130e+01
    2.1433132154963978e+01 8.1905797286514996e+00
    -9.0936091909278733e+00 3.4241632078187770e+01
    5.4101842383814109e+01 -6.1588604896926853e+01
    -1.5683547492460610e+02 4.7495542470024738e+01
    1.3700926044491197e+01 -1.3429534646873000e+02
    1.6971329970362808e+02 2.5852320777285172e+01 3.4754171965125870e+01
    6.3872090568896098e+01 5.2567282399210900e+00 7.6792916559813079e+01
    5.4230057549806340e+01 6.8764988364381352e+01
    -3.3588654894312761e+01 -5.2782568799024411e+01
    5.6954474287064372e+01 5.9647100154990824e+01
    -3.0759958582076830e+01 -8.1883394513408334e+01
    5.2675190986987388e+01 -1.5664626523604485e+02
    -7.0202649659151305e+01 -5.0098163758975502e+00
    -1.4219839736880866e+02 -4.0207940949074406e+00</data></s25_5>
</opencv_storage>
