<?xml version="1.0"?>
<opencv_storage>
<s25_4 type_id="opencv-matrix">
  <rows>200</rows>
  <cols>1</cols>
  <dt>d</dt>
  <data>
    -4.8218760704562243e+02 1.5087367623251774e+02
    -1.0545663737692666e+03 -9.4517072592974569e+02
    3.9606867216173993e+02 7.6533356265561895e+02
    -8.8721727502019178e+01 -4.0543839019004912e+02
    -6.8572119907353155e+01 3.4361870152976718e+02
    -1.3763139531582857e+02 2.1710678521345295e+02
    2.1529891539856621e+01 6.0098307829101259e+01
    -2.0725916106653776e+02 -4.4090028706611133e+02
    4.0517124701099908e+02 -3.9855573294852263e+02
    -1.8718060060840702e+02 7.9463626843656800e+02
    1.2596926664450439e+02 1.5741766197970023e+01
    -1.2987236767022929e+02 1.2957115261070109e+02
    -1.9400505672699115e+01 1.8628044806768636e+02
    -2.8334680242206673e+02 9.4295523429817024e+01
    -1.5055825828360545e+02 4.5791353663630741e-02
    -5.5096070897310040e+02 6.0489125191952908e+01
    2.4509624190205278e+02 -1.0672228733274525e+02
    -4.9489991682526195e+01 -9.4389323089168272e+01
    -1.3065601772289401e+02 6.5182131291652837e+01
    -6.8422437768580807e+01 1.6551774830749321e+02
    1.2636910999998248e+02 -4.4964765672903610e+01
    -7.5578134786934100e+01 1.3290944498745154e+02
    -9.2983361956390880e+01 -1.3788588176422354e+02
    2.4704702390531423e+02 5.2330156404534449e+00 4.1884144380841072e+01
    4.6723265480110371e+01 -6.4160334146648211e+01
    1.1835940544163453e+01 -1.3968852111974266e+02
    -2.5820697894474466e+02 2.5181580509433914e+02
    -1.0538848071019316e+02 4.8284199328390628e+01
    -8.6018934801524850e+01 -1.4796923431275422e+02
    -2.1189983937041157e+02 3.5642758619737327e+02
    2.0903539598803607e+02 6.8120684943854172e+01 1.7062749897405178e+02
    1.6196959902059703e+02 -9.0940705066264144e+01
    -1.3400431924971500e+02 5.7692547138793621e+01
    -2.4407426805421565e+02 1.0610690194826806e+02
    -1.8969950925073977e+02 -5.1941750487527649e+01
    -1.2409131108290708e+02 9.6598148105616787e+01
    1.7486347496216760e+02 -2.0407278810934835e+02
    1.4411478269716690e+02 -1.7798178574942185e+01
    -2.6703479932171927e+01 3.6498528322899730e+00
    -1.4038649187945825e+02 1.4879515908621627e+02
    9.0210786132125804e+01 3.6878729540965438e+01
    -9.9803009253706506e+01 -2.2119801324226085e+01
    2.0910845220518681e+01 -5.7225511046877955e+01
    1.2406623598682513e+01 -5.1107565001275404e+01
    -4.9043143519265790e+01 5.5702748164557505e+01
    2.9761363030551234e+01 -3.4299991085676986e+01
    -3.3863212055238591e+01 3.1974557448558141e+01
    8.7542111496588205e+01 4.9197030859705876e+01
    -9.6744789925683648e+01 -6.4139808103306763e+01
    -3.5881029900190242e+01 -3.6772968507772894e+01
    -1.4091441533018835e+02 2.1900787037731025e+01
    -7.3027224317037787e-01 1.0456030706673103e+02
    -8.4058494768695642e+00 8.6535555259883793e+01
    1.2377578793974209e-01 -7.5960053778689300e+01
    -4.5499729419157660e+01 -1.0041120892866986e+02
    -6.7579823767982115e+00 -7.7131500659419089e+01
    -5.7196590265581669e+01 -2.3900205841051832e+01
    9.6359904774279116e+01 -2.9207450068367029e+00
    7.7473315962047067e+01 5.2525763127378362e+01 2.9765155720789989e+00
    4.8888252945102550e+01 5.4447698124886941e+01 1.0336543827875848e+02
    -6.8782157431203828e+01 1.3040543512086703e+01
    -7.8179123295737853e+01 -6.3967112192014362e+01
    -1.0674998710055769e+01 -5.6179888452725699e+01
    2.5730874238241100e+01 9.3468788966020284e+01 2.5032877483945096e+01
    1.0910056824317327e+00 -1.1650096214227572e+01
    -2.3300911834911037e+01 -1.3756449226713778e+02
    -1.9018497757838333e+01 -1.1066577403437293e+02
    -1.8548828319102199e+01 -7.4347154856475157e+01
    -6.0499013725460372e+01 1.3896259058577681e+02
    7.6153448801153317e+01 2.8040361154716045e+01
    -2.6219122431383166e+01 -5.1832447371013295e+01
    3.1853639916693602e+01 -3.7919434513524621e+01
    1.0210541919724254e+02 -2.7407580646463177e+01
    3.9503439640709197e+00 -8.3111282435835790e+01
    -6.6572695943520586e+01 -3.5848778859085392e+01
    -1.4352012020306008e+01 5.8479799592969798e+01
    -6.1302774062804517e+01 -4.0808014037632944e+01
    2.8379104736386100e+01 -4.4964918136806986e+00
    3.1990738680582023e+01 2.2971304812672720e+01
    -5.6553508573838009e+01 -3.8352478416589037e+01
    -1.2532367985009469e+02 1.5887674936636996e+01
    1.2606422864245023e+02 -7.4234951894298916e+01
    4.1603060024591890e+01 4.1232964729401566e+01 3.6601501390298026e+01
    -6.4185038200059097e+01 2.2321503688829880e+00
    4.5521247318179341e+01 -6.4141065753880241e+01
    -1.9148657421803816e+02 4.8226407877558295e+01
    3.0587091958082517e+01 -1.5870826335024009e+02
    1.5745491881824356e+02 5.9780914502805274e+01 6.5741728752506390e+01
    5.5605280347324985e+01 5.7223173364336759e+00 6.3651548995055691e+01
    4.0311832412434285e+01 8.1848947344860434e+01
    -3.2034716145003770e+01 -7.4025441991586789e+01
    7.3820165492274938e+01 7.1948876485784879e+01
    -3.5172568510350516e+01 -8.2880945455386666e+01
    4.2748214637934964e+01 -1.5452789633182428e+02
    -7.3574858728226161e+01 -3.9555668828087120e+00
    -1.3925354964159769e+02 2.4562866184689391e+00</data></s25_4>
</opencv_storage>
