<?xml version="1.0"?>
<opencv_storage>
<s25_1 type_id="opencv-matrix">
  <rows>200</rows>
  <cols>1</cols>
  <dt>d</dt>
  <data>
    4.9686838046231145e+02 -4.5679589275342232e+02
    -5.3420175145215342e+02 -9.3433715489672420e+02
    8.9753073831618212e+02 7.8394807711431054e+02 4.4439961795997283e+02
    -4.5418792765416975e+02 2.6569847192471678e+02
    -3.6966492644887614e+02 -5.9350741897662630e+01
    4.3705895939316423e+02 -1.2341111457915224e+02
    -7.7287779325833611e+01 -3.4375484771234153e+02
    -4.5953385856480753e+02 1.1144961238479804e+02
    -3.0609746474172789e+02 1.0681533081148005e+02
    5.4586643143836056e+02 2.4757689646217631e+02 2.5218452594027588e+02
    -7.6148242420531540e+00 1.5669735943882591e+02
    3.0294340624717614e+02 6.3076534353504712e+01
    -4.4678051849390124e+02 4.4269438442287274e+01
    1.9723384099410760e+02 5.7443873021704427e+01
    -1.4945710537049018e+02 -6.2559254480767052e+01
    -5.3451935207341016e+01 9.0999583038046509e+01
    4.7270901885617683e+01 1.4849239941613834e+02 4.8559217508581007e+01
    -1.7044708818166265e+02 1.3532034499373216e+02
    1.9994322048579548e+02 6.6039652210037204e+01 7.8607502689237847e+01
    -1.0622141659312496e+02 2.3849262831815980e+02
    -5.2954008732734881e+00 1.0980455182739477e+02
    1.6668651284537526e+02 2.0034215225022112e+02
    -2.9326593117174286e+02 8.7102702724867356e+01
    1.1737661591146473e+02 -4.6820614892138920e+01
    -3.3142732759302717e+01 -2.1495156265904998e+02
    1.9844685689275104e+02 -5.0335443970818176e+01
    -2.7710489026632769e+02 8.9058115044091096e+01
    5.8383963379785966e+00 -1.9703242377124789e+02
    2.6491795765670224e+02 -3.0560942857331872e+00
    3.5405521453930263e+01 -4.5319305616833070e+01
    1.9705522555170563e+00 1.5136319026720049e+01 8.5079058766297209e+01
    1.5368659357885258e+02 -1.0559611841744081e+02
    2.2593517717783959e+02 -5.0240527693487387e+01
    -3.1181331850895621e+01 8.9718174070240678e+01
    6.7098413412528998e+01 -3.6334621932652446e+01
    -1.3354695853626180e+02 3.4297070211320303e+01
    1.6696718551597311e+02 -8.4950061854724680e+01
    1.5613807021529365e+02 1.0394133574506292e+00 2.2119089902259702e+02
    2.0292144287689943e+01 -2.1517267825329102e+02
    3.6777326584367813e+01 6.9165487654883862e+01 1.0534755078771582e+02
    -7.7280678586905452e+01 2.4075480173229252e+01
    -5.7564036294533757e+01 -1.5645166972674176e+01
    1.9655129530545832e+01 2.7302739638894209e+01
    -3.5139785751124357e+01 3.4759696696031533e+01
    -2.4369702430473028e+00 1.7263717910350152e+02
    4.3142867560258594e+01 1.2950201117598812e+01
    -4.4403118386027231e+01 2.3021664976291191e+01
    1.9158864966822037e+01 6.5580045110467742e+00 1.5182012136883433e+01
    -9.6490348518685863e+01 8.1815723029848996e+01
    2.7753907972128236e+01 3.7825912264580744e+01 4.9454975172515290e+01
    -4.8423216872740738e+01 -1.1351699110260618e+01
    -1.9912378053812597e+02 -4.2223302477561742e+00
    -1.4592716349234192e+02 -7.1058901725920194e+01
    -9.0416297578799600e+01 3.0547194284445567e+01
    3.0235782829359032e+00 8.1867124969222829e+01 4.2682950095449634e+01
    4.9220249413248851e+01 6.2306676553653098e+01 1.0322592519801198e+01
    1.4531219918437247e+02 2.4405566962546125e+01 2.9253121572084883e+01
    -3.8522256421599166e+00 -8.6697889296892384e+01
    1.3828836491558457e+02 -3.9030897703590725e+01
    -4.2186743399580465e+01 -1.8776430913539585e+01
    1.7567240674881475e+02 1.0881488356209218e+02
    -1.2510969916344619e+01 -3.3158089377151711e+01
    -6.4094057015852911e+01 3.9913677750001057e+01
    1.0534112519683701e+02 -1.4713011714797748e+01
    -3.4885086114596533e+01 -6.6906015420494043e+01
    1.0880431882387136e+02 5.3855562371264710e+01
    -7.3353444386017514e+00 -9.7807171834086368e+00
    -2.1090965266387069e+01 -3.9018423632426384e+01
    -2.2938503274825820e+01 3.3106232258080659e+01
    -2.7170684958271959e+01 3.4785330692040802e+01
    -4.2788770605931610e+01 -8.9121733081642049e+01
    -6.4387557536870418e+01 1.4176699145359724e+01
    3.0441100521368678e+01 -5.5404471546814964e+00
    -6.1099367858680999e+01 -1.2851900955860767e+01
    -9.9476204455300845e+00 7.3190279195861564e+01
    1.4972567100552380e+01 -1.8983699114575693e+01
    -7.0210263092841160e+01 -1.4311302450421033e+02
    8.9941264963940796e+01 7.4363800393323544e+01 4.4769377319398409e+01
    1.4425571046185288e+01 1.7516183665718280e+01
    -2.8305999714744633e+01 -2.9520520576804380e+01
    3.6536402167866889e+01 2.1209549952845730e+01
    -1.1026668437865904e+02 -1.5102142124524124e+02
    6.6822399782745038e+01 8.1960756733917393e+00
    -1.7723257610703027e+02 1.4518163744226928e+02
    2.4434264559377684e+01 7.8884768751510236e+01 5.3855300876167263e+01
    -6.0927162300038047e+00 7.6018235542337237e+01
    4.7396067999437307e+01 7.1820389968036068e+01
    -3.9373851987872676e+01 -6.4056726795571009e+01
    7.2163833704433955e+01 4.8925641154127270e+01
    -3.9043593507389616e+01 -8.9831226090061804e+01
    6.6469523740829601e+01 -1.5631166462733734e+02
    -6.3369032113427103e+01 -1.2421517567854764e+01
    -1.3729418621206230e+02 -4.0555940831168771e+00</data></s25_1>
</opencv_storage>
