<?xml version="1.0"?>
<opencv_storage>
<s25_2 type_id="opencv-matrix">
  <rows>200</rows>
  <cols>1</cols>
  <dt>d</dt>
  <data>
    1.7875847388014407e+02 -3.9094714539170269e+02
    -3.3254268357681775e+02 -9.0229719571122553e+02
    1.0414805642308729e+03 9.1597300452607908e+02 6.5873585296989972e+02
    -2.5333906077846214e+02 -1.0532043254772464e+02
    -7.6893092450577825e+01 -1.5965901107248990e+02
    9.4761792718789522e+01 -2.0165698897307917e+02
    5.1082691798241939e+01 -2.3038918778012050e+01
    -2.2889776535881919e+02 2.0695018607862954e+02
    -2.0159202735657104e+02 1.0100735822981589e+02
    8.1517301646084627e+02 5.5749805711851491e+02
    -7.6719577288164672e+01 -1.8396444483975736e+02
    2.6714416588786929e+02 3.2766857162837584e+02 1.7044905197016530e+02
    5.1195317179598597e+01 -7.8477588284030002e+00
    -3.3618160715928525e+01 4.7706428522171208e+01
    -4.9098932893099878e+01 -3.0404219302201182e+02
    -8.8144617760633480e+01 9.7760627591910435e+01
    -5.2621507437895872e+01 -1.6778108332178294e+02
    7.6789651519143518e+01 -2.6252956982388122e+02
    -1.8511961055902965e+01 1.2257205469193774e+02
    -1.4863947074621021e+02 -1.9315712964559532e+02
    -3.1138384681191980e+01 1.5485147026977799e+02
    2.2715503218707020e+01 3.4480885607924796e+02 1.5838367618627939e+02
    5.7278668415892241e+01 3.3657399116945186e+01 1.6811426846027260e+02
    -1.2369713251397278e+02 -9.6619838694887477e+01
    -1.8538951951979359e+02 2.3306982002047013e+02
    2.6178761007236238e+02 -2.1254672614989815e+02
    -1.3757837722136543e+02 3.0528407839392088e+01
    -3.2385743399066143e+01 -6.8923009302799883e+01
    1.2758481197910770e+02 2.2888985392489953e+01 5.5147911046850396e+01
    1.8362043402705751e+02 -4.8344171276445621e+01
    4.4001853747213787e+01 -1.9056013523131654e+02
    -2.2656847270742023e+01 -7.2723542763386732e+01
    9.4394781739884621e+01 3.4851222626794559e+01
    -6.6284797786304082e+01 2.0426069990330980e+01
    1.9279772035025192e+02 1.5374701114168317e+02
    -1.1470781059200532e+02 -2.8130093305341006e+01
    8.2072901004281078e+01 7.7774810182086782e+01 1.4310871809676644e+02
    -9.0587018665287772e+01 6.5186583227913900e+01
    -2.6569631814508174e+01 -3.2126356551849682e+01
    1.5081438037419915e+02 -4.8179111811536941e+01
    6.5947956179751401e+01 5.1697300009158916e+01 1.3927321362949905e+02
    -9.3034406799742470e+01 -5.3807395596215066e+00
    -9.8881349127086352e+01 1.0433823275381536e+02
    5.5129984016135708e+01 -2.8413903711442021e+01
    -7.0823000580917935e+01 -4.7353896676201384e+00
    -8.9468973918930416e+01 6.9562722754460751e+01
    -1.5680451606277759e+02 1.5666384971082894e+02
    1.6581883486686078e+02 4.4229439428674397e+01 1.3931953130271276e+01
    -8.5031634964697290e+01 7.4232608632123160e+01
    2.8468093083440515e+01 2.7305001627989860e+01 1.0014837382005253e+02
    5.1222684070376971e+01 6.0693735706826992e+01
    -4.0699826497961048e+01 -1.2288408485895943e+02
    -7.1242790483466763e+01 7.0917331307133907e+01
    6.7300858322605741e+00 -1.9348872749107407e+01
    6.0234780471635773e+01 6.9059731974161679e+01
    -3.7444596141730322e+01 7.9201966193447163e+01
    6.1229471231969320e+01 6.7707681884916626e+00 1.1384074692470716e+02
    -6.1513015474607258e+01 4.9580943632633975e+01
    -4.7081831362102193e+01 -7.1558881187976809e+01
    2.1097234849656722e+01 -4.8027251103045380e+01
    5.0571365935416310e+01 1.0823355620632466e+02 8.9262534584963376e+01
    5.3309917176684209e+01 -6.2507719689979510e+01
    -5.0373688518701478e+01 -1.5071620190324259e+02
    -2.5826192371804144e+01 -2.6413402252213697e+01
    -2.2296810398515085e+01 -7.3884657386849781e+01
    -7.5272098106073855e+01 6.7744033656909750e+01
    2.4536642990339924e+01 2.3382081437637211e+01
    -4.6596010658833833e+01 -3.6021517550279135e+01
    -5.1391045256324546e+00 -3.3411825975356898e+01
    1.4816557979468178e+02 -1.3008109972044235e+01
    1.9182374631185333e+01 -1.4379444112428004e+02
    -7.2592588936997743e+01 2.2434691535491137e+01
    7.8044240090016759e+00 6.4593866059571683e+00
    -3.0082564375150788e+01 -3.5701021180293701e+01
    1.3883389449024225e+01 1.5917700893675434e+01 3.6216743485859148e+01
    1.1223687056518374e+01 -3.2747028755689001e+00
    -9.4261084777181850e+01 -1.5876364567698039e+02
    5.3365423287279064e+01 9.5892798907521225e+01
    -4.2310775626778614e+01 1.4080662940228283e+01
    7.6597763712152641e+01 3.5440439909152701e+01
    -1.7940615769022791e+01 1.3886627502517129e+01
    2.7832207666282912e+01 -5.6351102837114126e+01
    -2.1092573365537189e+02 3.9730132045140955e+01
    2.4024704660981271e+01 -1.6272073320359959e+02
    1.8272868710816354e+02 4.9395952012915288e+01 7.0733710070971924e+01
    3.0989325608740675e+01 -1.7053432478381133e+01
    9.6385430118325743e+01 6.4976369023706525e+01 7.6865221617408963e+01
    -2.5285864008962058e+01 -7.6944427860583403e+01
    6.2348474267076483e+01 6.3803644015764988e+01
    -4.3510287118091625e+01 -8.6203679378390078e+01
    5.4543049059173988e+01 -1.6433973923065315e+02
    -7.2972514081200785e+01 -7.7754288701817913e+00
    -1.4317925792055198e+02 5.8214069839743965e-01</data></s25_2>
</opencv_storage>
