<?xml version="1.0"?>
<opencv_storage>
<s25_3 type_id="opencv-matrix">
  <rows>200</rows>
  <cols>1</cols>
  <dt>d</dt>
  <data>
    3.5751816780813272e+02 -6.4216636740964407e+02
    -3.0236481445065846e+02 -9.9481530293098888e+02
    9.2868188572975737e+02 7.7334860075218921e+02 3.9068277422232853e+02
    -4.2254353606578934e+02 3.3803056441926208e+02
    -1.0525519443735725e+02 -2.1900819009131459e+02
    3.8108464638890570e+02 1.8697365754769120e+01
    -2.5956563674206574e+01 -1.5135143944794891e+02
    -5.3166842077466436e+02 1.8722577225251871e+02
    -2.3316334883323449e+02 2.4569443921594921e+01
    5.9080197020332184e+02 1.1049700305136385e+02 3.1312771812407181e+02
    1.3680902958394771e+02 3.6873155848779260e+02 2.7039117628274659e+02
    6.8885393609352278e+01 -4.2054501325644458e+02
    2.5941822187311203e+02 1.0219610052272024e+02 1.1635695515723327e+02
    -2.0456207196212011e+02 -9.2578717411533717e+01
    -4.8272949953289526e+01 3.1353845982040333e+01
    3.3236834964532818e+01 2.6079370198619497e+01 3.6581109162141701e+01
    -2.1962817892141766e+02 7.3157751900364445e+01
    -2.1171751931569819e+01 4.7720442863669987e+01
    -2.0505964054419863e+01 1.3888825581803601e+01
    2.3248712729662131e+02 4.1836543543551208e+01 1.0585744147277981e+02
    1.3819109325297256e+02 1.9319533811241939e+02
    -2.7470267309732651e+02 1.5914257002923847e+02
    -7.0183597693504524e+01 -1.2069780599519362e+02
    -2.0231915711272396e+02 -1.7978030036113748e+02
    2.4569798180486777e+02 -4.5716377719936830e+01
    -3.2437152780923577e+02 7.7217404653119686e+01
    9.9114003175612908e+01 -2.0538725346195409e+02
    2.2782405664223549e+02 -2.8812924373338372e+01
    3.6110856163786252e+01 1.0944354263080919e+01 1.7384175155708544e+01
    -9.8943718214179356e+01 -9.0292489278967565e+01
    5.2854318788320043e+01 6.0617615023806948e+01 2.0588637548738632e+02
    -4.6515321049554231e+01 -5.7595971634650267e+00
    5.9502280268578176e+01 -1.7179244565839621e+01
    1.1615457710028467e+02 -1.3296556427492021e+02
    -1.8571601487979798e+01 1.0752384432260325e+02
    -4.9260066309719534e+01 1.0751586745819377e+02
    6.1484378226133714e+01 1.4634381986126260e+02 7.1580450757872399e+01
    -1.1901380944492145e+02 2.7766366057181845e+01
    -4.6135048135397767e+01 1.5492440594812146e+02
    6.3706712108684250e+01 7.1112319745398793e+01
    -6.5549418903151661e+01 -6.9720645984424266e+01
    -1.3587467458981804e+01 -1.0997958885973195e+02
    6.6669261790384539e+01 -4.8203985352202835e+01
    -2.8614554968057693e+00 2.1833449784443019e+01
    -2.7943068952612553e+01 -2.4601871182496382e+01
    -6.1033202956152223e+01 2.7334134318146660e+01
    -1.0044509694147636e+02 -1.6580564618571405e+01
    1.5236909070310725e+02 -9.6290243166368910e+01
    1.6376279598339460e+02 7.2710848195716125e+01
    -4.0682037774828629e+01 4.3076195241744479e+01
    1.1083286777185529e+02 8.7613481346440864e+01
    -1.0074001256797341e+02 3.8600378609362892e+01
    -1.9208144085138240e+01 -5.7404296036788907e+01
    1.7455608994730980e+01 -3.0973769481640154e+01
    1.6647854417494720e+01 8.2215183622098948e+01
    -6.9001039574552607e+01 -1.1319480136573911e+02
    1.3966896096823982e+01 2.7976891406418286e+01 1.1266251453681657e+02
    3.7324213880457107e+00 -2.3313302286550329e+01
    -3.0541466615824021e+01 -3.0719036907093699e+01
    2.0672592626499150e+02 -2.7916679409083802e+01
    8.5397280612766835e+00 1.2528437707723504e+02
    -2.3413212817714381e+01 4.1630016276305952e+01
    2.4035333002831816e+01 -1.1090897720775860e+02
    -1.0673530302136297e+02 3.6694096161200996e+01
    -1.0197201290936702e+02 -7.8485266872057352e+01
    -9.5063047567377794e+01 -5.2994122860589549e+01
    7.6089921898325116e+01 5.9178795643566225e+01 3.9880566223519395e+01
    -9.2120761283595755e+01 7.0644711420273403e+00
    -3.0225517608102706e+01 -7.7379084083297078e-01
    3.8689841441238890e+01 -1.1772054574134626e+02
    2.9687510114555053e+01 -1.6306594094177629e+02
    1.4732105378259619e+00 5.2497783757298016e+01 8.5691308649996820e+00
    4.5742631525705136e+01 -8.9654212580714244e+01
    3.6723775538204295e-01 5.7344153240903935e+01
    -6.0246471890589923e+01 2.9466931646852789e+01
    2.8445223562619219e+01 -5.1639994695723011e+01
    -3.9123503315656556e+01 -1.1719354702325120e+02
    3.9068747162367472e+01 1.2796782252246410e+02
    -1.3494605923637556e+02 9.5769486995186227e+01
    9.8511767865475079e+01 5.4502359483437488e+01
    -1.9790936177404305e+01 4.1293111782640104e+01
    6.8986798712777258e+01 -4.3991922971468775e+01
    -1.6614651839163426e+02 2.9551347322751688e+01
    3.5136614026517670e+01 -1.1761121281182071e+02
    1.4374162607888266e+02 9.2159526193474790e+01 1.5699367200118141e+01
    8.2427453117953860e+01 1.1138956355481072e+01 8.4495760089240250e+01
    5.8861306202010624e+01 9.4499828130275915e+01
    -3.9185622901398247e+01 -8.2914171561704521e+01
    8.8236731657471935e+01 7.7850374683459734e+01
    -2.1276550038115019e+01 -8.0300727953800049e+01
    5.0524839894910649e+01 -1.5424173978103525e+02
    -8.1145053793652266e+01 2.9116125444782393e-01
    -1.3943556297621862e+02 1.2092291654572239e+01</data></s25_3>
</opencv_storage>
