<?xml version="1.0"?>
<opencv_storage>
<s26_4 type_id="opencv-matrix">
  <rows>200</rows>
  <cols>1</cols>
  <dt>d</dt>
  <data>
    -5.2112615505872827e+02 -1.2265775257306386e+03
    -5.7127995269917994e+02 -3.2295410104466117e+02
    6.8376384671203539e+02 2.0431583057483672e+02 3.7266483038465628e+02
    -8.4244966337001676e+02 5.9074021216391137e-01
    -5.0052778619059671e+02 -2.4255132760970855e+02
    2.8957613923925021e+02 -3.6610702371576150e+02
    -4.8663487411377936e+01 3.7858070613474860e+02
    -3.9513212290965521e+02 5.2832613425331567e+02
    -2.8259660626619234e+02 -7.6139997860934869e+01
    -2.1957616975752618e+01 4.3257813327710892e+02
    4.0813203306691619e+01 -1.7741073001080277e+01
    1.5906993736652780e+02 1.5886583364123916e+02
    -1.4064184907287620e+02 -1.4897282704156069e+02
    5.2638611917298654e+01 9.5560559471399582e+00 7.6541725567013827e+01
    -1.7116612222828272e+02 -4.1147783228568011e+02
    -7.6264976351156388e+00 1.9125208163371067e+02
    6.7199066571412672e+01 -2.5494037298473421e+02
    -1.2322213060860217e+02 -1.0390150289658965e+02
    1.8514067698402590e+02 6.9552447709702307e+01
    -1.9691441892249733e+02 -5.6053988559949005e+01
    3.0930769393450788e+01 -1.1836683667734897e+01
    4.2858555956215207e+00 -6.6202275537052174e+01
    1.1312708241624506e+02 -2.0751043603961128e+02
    -1.9002426724164397e+02 1.6397071500801971e+02
    -1.3401622641042712e+02 -3.9669801093835147e+01
    -2.2791515608922475e+02 -2.7023717294693779e+02
    2.9288807353475391e+02 -8.1062851616591018e+01
    -1.6429814626113287e+02 2.1694079615490708e+01
    -7.7232097364202303e+01 1.5899912518920751e+00
    -3.5094110786498199e+01 7.9385205682609211e+01
    -1.1714466970324854e+02 6.8856675578723170e+01
    -1.9227069824396219e+02 -9.8069977241404018e+01
    -4.2014620526486723e-01 6.4294624968198050e+01
    -1.9129447616503839e+01 5.4384416064722615e+01
    2.0116785881584477e+01 -4.9572037695911739e+01
    -3.9986689959281946e+01 6.6827873486884499e+01
    6.5637006090411049e+01 -8.7550024746182174e+01
    -8.7934540145612914e+01 5.3835996616532398e+01
    -1.0610793458453952e+02 -3.8028096364991853e+01
    -6.2700722364365751e+00 1.5836688950228600e+02
    -1.0225223144800866e+01 -3.2600732501544591e+01
    4.1644772943950548e+00 -3.0917375893509298e+01
    4.0371565284101145e+01 -4.8908614105553397e+01
    5.5486300219198625e+01 -8.7019770825609598e+01
    1.4432694524110440e+02 6.2659527409025387e+01 1.9893599528369535e+01
    1.4058192569722005e+01 -1.6305353929298171e+01
    -7.7829417125440443e+01 -6.5658995545943211e-01
    -8.6110678708722986e+01 -3.1613368134858945e+01
    -4.7230827649011800e+01 -1.0878011206820981e+01
    -6.6087260779979900e+01 -5.9107437935783068e+01
    2.1384920150537792e+02 -2.1172666624760930e+02
    2.3333462389321735e+01 4.6816069983434467e+01 7.5170648814463618e+01
    9.3144627794083789e+01 -1.0119673916257652e+02
    3.0748217940113549e+00 -7.3673801663064069e+01
    -1.5537973136431322e+02 -3.7807067681882032e+01
    -1.7001475632353895e+01 -3.5325777183132097e+00
    5.4187231421649649e+01 -8.8301881131214074e+01
    2.7461903823436380e+01 -4.2839972234014972e+01
    -1.1388171595511028e+02 3.0678298038799426e+01
    7.7056475138157182e+01 1.6122724408979190e+02 8.6072576273037456e+01
    8.9133637884980516e+01 -1.9714852964549294e+00
    -4.1459286285130496e+01 7.2716145582001843e+01
    -6.4650961282347277e+00 5.4020955205684249e+00
    8.6957795063076134e+01 1.2137085482014972e+02 4.0078839452026195e+01
    -4.9849992934553875e+01 5.2093365546007156e+01
    -1.3105612920221364e+02 2.9534167982391764e+01
    -6.3079994691485346e+01 1.2186972160263991e+01
    -1.2066942151681864e-01 -6.8063569093521537e+01
    1.2372379996297580e+02 3.7110381596212598e+01 4.1902847339222667e+01
    -4.1676074652915474e+01 -5.2467560328908434e+01
    2.6321051782639167e+01 -2.1575772522322094e+01
    6.1014218300076031e+01 -5.0812883143091227e+01
    3.1654062182501814e+01 -4.6697550188364993e+01
    -1.8947135456708011e+01 -3.9989306095529138e+01
    4.9270403457815981e+01 5.2188768058956342e+01
    -1.3229033758360239e+02 -1.5563739148249622e+01
    -6.2769307309060531e+00 -6.2349595336668536e+01
    2.5377075685296230e+01 3.1503143642002098e+00
    -5.1719512447531578e+01 -2.1142825457894059e+01
    -1.0701744740113934e+02 2.9010186823985304e+01
    1.1178077198148479e+02 -3.1675419663495287e+01
    7.1726892934437929e+00 3.7376934541311883e+01 1.8450043236492359e+01
    -2.8644288535469776e+01 6.1418140112304433e+00
    7.0601339662258539e+01 -7.8874520035213493e+01
    -1.5846132803681743e+02 3.6038284784760165e+01
    1.6694054146603672e+00 -1.5845463787501902e+02
    1.8332053175274987e+02 3.9048665502976647e+01 3.0694571881463627e+01
    2.9592161331481531e+01 -1.2717199712377392e+01
    7.3639470331329292e+01 6.2474579089828033e+01 8.1303636356831163e+01
    -3.4709818335629123e+01 -7.8585755801145567e+01
    5.1109323395506181e+01 6.7787512093372499e+01
    -2.9088628775616119e+01 -8.8572236612693629e+01
    5.4904850635096317e+01 -1.5155986554433755e+02
    -7.2887107172349943e+01 -8.7517368562264009e-01
    -1.3701357425349096e+02 -5.1472852706847725e+00</data></s26_4>
</opencv_storage>
