<?xml version="1.0"?>
<opencv_storage>
<s26_3 type_id="opencv-matrix">
  <rows>200</rows>
  <cols>1</cols>
  <dt>d</dt>
  <data>
    -6.2897862911758659e+02 -1.0179692899760823e+03
    -5.9581803310807925e+02 -1.0768235971160652e+03
    4.0569779063092051e+02 3.8306756239406582e+02 4.9821963681988916e+02
    -3.2587385233881798e+02 2.8728246923836173e+02
    -5.4769894651329741e+02 -2.6401806352513438e+02
    6.7246843354083705e+02 1.9372133105288864e+02
    -4.4860672303416083e+00 2.3408088875700784e+02
    -2.2004359912248484e+02 2.3521833772319712e+02
    -5.2751340900793281e+01 -1.8321973636710663e+01
    7.8641720738051973e+01 4.3094983200566088e+02 2.9379692230304308e+01
    -7.9018479415012180e+01 2.9229009069084083e+02
    8.0960581047338763e+01 -1.3027161170398676e+02
    -6.6815400319936529e+01 9.0009279875215739e+01
    2.8568479192405778e+02 2.0862697107788094e+02
    -1.8073888097137163e+02 -6.6635608499329081e+01
    7.9122764813743160e+01 1.9610253157878157e+02 5.1256694383940314e+01
    -3.4632636864902992e+01 4.9468851383964761e+01
    -1.8954382170512707e+02 -2.8191051518478751e+01
    -1.2690284620848900e+02 4.2592760719858447e+01
    4.7770874022890652e+01 4.2951849326657758e+01 1.3206874549024513e+02
    4.3318168955628650e+01 2.6645251078084834e+02
    -8.6662001279406667e+01 -1.8930282364134624e+02
    -1.2809679476266180e+02 -2.0258243278385395e+00
    7.3958091992677893e+01 8.1444998256373111e+01
    -1.7478414815037024e+02 -1.7684844796132285e+02
    2.3410043007162108e+02 -1.0999318416005877e+02
    -5.9798884285926050e+01 -3.2514292548471758e+01
    -1.9774188420647388e+02 -2.4911015286475950e+02
    1.1428329943539053e+02 -1.2132479916569528e+01
    7.3320764646267108e+01 1.6246246052755870e+02 1.6302336182048165e+02
    -8.4339496846061294e+01 -1.8868648883323652e+02
    2.7792352251548400e+00 -8.0185811611452536e+01
    3.1257959201919938e+01 -1.2296338132910886e+02
    -1.3486212983348730e+02 9.0776129533214132e+01
    -2.5066670248695630e+01 2.2441769453238712e+02
    -4.9933748790750734e+01 3.8935970620951124e+01
    1.9021095112387806e+02 1.1191618510112671e+02 4.9899499086327213e+00
    -3.8698111412205577e+01 1.0192139398680132e+02
    9.1921002528969069e+01 2.0411248910652656e+01
    -2.5315121923514137e+00 -2.7555255733744414e+01
    5.0531474866142560e+01 4.6416934160125940e+01 1.7983980817701305e+02
    -6.8332649662376340e+01 1.2925778952240159e+02
    1.6039456064046057e+01 8.3838025946875590e+00
    -5.0092346979906788e+00 1.2244399388621405e+02
    1.1417473681743971e+02 7.5743687582453916e+01
    -6.6013570742077832e+01 -6.2093221185678331e+01
    6.9527663996767927e+01 5.5421553854713949e+01
    -7.8592509282449070e+00 -3.5358141846942978e+01
    8.4943559596841439e+01 -1.0576151984637495e+02
    -2.1883656626723450e+01 2.6014297051617653e+01
    5.3288773386889346e+01 7.8963214307274868e+01 4.6705575276913059e+01
    1.1540128829322610e+02 -1.8592953958619677e+02
    6.9032147066794053e+01 -6.6026736307120956e+01
    7.0061300000601065e+01 -3.4023043725122534e+01
    -3.1402249651332355e+00 5.6337638941922563e+01
    2.2672079691931522e+01 5.6648072128004401e+01 1.1669642637942191e+01
    5.0570269253984019e+00 6.4381762915209691e+01 2.3093801877011654e+02
    1.9742949320881344e+01 8.5585783636481338e+01
    -4.1411947035487835e+01 -8.9217736630838587e+01
    5.6779892218964143e+01 -4.9044213499105304e+01
    -2.2368325554320396e+01 2.4568001423787599e+01
    9.3791648813347294e+01 -3.4503019013673388e+01
    -3.1389720552202345e+01 -1.6049029811263776e+02
    -1.2775370672551846e+02 1.2800658782386665e+02
    5.9311209837969825e+00 -1.6177180841729328e+01
    -5.6412958974809975e+01 -2.9906254928764540e+01
    1.1231061645820465e+02 7.2707606823031696e+01
    -1.8266477113149694e+01 -8.8545321231395292e+01
    -1.0283052329728919e+01 -4.5801621434007195e+01
    -1.1154019206959050e+02 7.8089573562327843e+01
    2.0135171173218893e+00 -7.6505981324367184e+01
    -5.3016105797700035e+01 -4.4536029938136885e+01
    -2.0111242349395297e+01 -6.1379024066473793e+00
    -2.1256460273662872e+00 -4.1802760938734224e+01
    -6.4798068000096166e+01 1.6255788443565596e+01
    1.3483085902869934e+01 7.2537222468123005e+01 8.5125050312221884e+00
    -4.9918734310277934e+01 -1.5716500876396534e+01
    -1.5301947936543249e+02 5.0658966521405986e+01
    1.2260691025076311e+02 -7.0926992268069071e+01
    4.0931897191203966e+01 4.2603400255339189e+01 2.1460419891383992e+01
    -2.0273236840704509e+01 4.6684907739088978e+01
    3.8809911478633602e+01 -6.1164266300437767e+01
    -1.5568066627160093e+02 6.7681354885920655e+01
    -1.3516642296126808e+01 -7.5945735858328419e+01
    1.4200261638139580e+02 7.7917920313444654e+01 3.1970010702231349e+01
    4.7252901988405739e+01 1.5378162528458345e+01 7.5792484307638318e+01
    3.1830653300286222e+01 8.2714382119329130e+01 5.6370699354377296e-01
    -6.9743428461956299e+01 5.9395225707626267e+01
    6.3364720280805273e+01 -3.5759532089776094e+01
    -8.6059245489729435e+01 3.6763183488958546e+01
    -1.6715585267941637e+02 -6.8128096920693579e+01
    8.2923931202981138e-02 -1.4227318138800206e+02
    9.7984719659489397e+00</data></s26_3>
</opencv_storage>
