<?xml version="1.0"?>
<opencv_storage>
<s26_2 type_id="opencv-matrix">
  <rows>200</rows>
  <cols>1</cols>
  <dt>d</dt>
  <data>
    -5.5377646247735868e+02 -7.7179633482611143e+02
    -9.6581180455291496e+02 -1.0434215667315593e+03
    4.1892529485297615e+02 -2.9601146718983806e+01
    2.8598092177948752e+02 -6.2467390077949358e+02
    2.4964846691440175e+02 -1.5843939059819161e+02
    -2.8104017012319969e+02 6.1712847996671064e+02
    -5.1735218194010031e+02 1.7837836516146137e+02
    9.6001851401808139e+01 -1.4222452343774819e+02
    1.1015548961743085e+02 -2.3207839959627754e+02
    3.0916674189629116e+00 2.1870181606270455e+02 2.3710022573353535e+02
    -1.7236303557118173e+01 -1.2393219087591557e+02
    2.3360552630746756e+02 1.7373399024867743e+02 1.2118693163298127e+00
    -4.4668181835089293e+01 -3.7360687701879351e+02
    1.6922460062856049e+02 8.2989568603884962e+01
    -9.7455084094038739e+01 -5.0989476324624512e+01
    3.5754073433325226e+02 1.3827549928444776e+02 8.6539657656631903e+01
    1.5135211777068065e+02 2.4994255806205587e+02 5.2497010554211087e+01
    1.9123134930825636e+01 -9.1053597360836122e+01
    -7.1566274202254334e+01 3.5099534375569604e+01
    -1.6891690794684996e+02 4.1480573633469824e+01
    -7.4531900797713234e+01 1.5738798552150556e+02
    -1.1343326770435519e+02 -1.0091186255563429e+02
    -2.3309154316758753e+02 -2.6378426207407138e+01
    2.7576366457777624e+02 -1.1429040936709823e+02
    -1.9025654278155503e+02 -4.1860940531237344e+02
    2.9633364461143947e+02 9.0718204059344714e+01 3.0662488535961604e+01
    -7.8408528752440754e+00 2.5889945965188794e+01
    -8.1429840818488046e+01 2.5049238627988296e+02
    2.3196092990363610e+02 -2.8025219149134969e+01
    -8.5666717626877997e+01 5.3744486891176521e+01
    3.0268097513326024e+00 -8.9668916020525003e+01
    -9.6165233642082896e+01 -1.4941966470881448e+02
    1.6564490639469693e+02 -1.9047467153519566e+01
    -2.5985293538029509e+02 6.6564963605576168e+01
    3.6387295980744682e+01 1.4586032699482760e+02
    -6.2992410010647532e+01 8.8799955579215772e-01
    1.3162034076401920e+02 6.6325829762704188e+01 5.4947025862444931e+01
    -3.0512367921990897e+01 1.8262000038117569e+02
    -6.5400141418501732e+01 -8.5606075913134987e+01
    -5.9237664667996306e+01 -4.9282349094885314e+00
    -7.8443810757502831e+01 2.7220419607756696e+01
    3.2726988529289102e+01 2.6533233921004250e+01
    -5.1912872505513150e+01 -1.4067263009746688e+02
    1.8157039594808069e+01 3.3979912265489943e+01 6.6327669926181613e+01
    -3.4913261632350981e+01 -4.1622953546207675e+01
    4.1551358719341444e+01 -7.8720997766131106e+01
    -9.6125037329355010e+01 1.2153555609590330e+02
    4.9003453755730845e+01 1.0421280593453172e+02 3.3203744267009682e+01
    -8.4068422053628382e+01 1.5752038159478360e+02
    3.5228880934822406e+01 -5.7012900014935440e+01
    -3.9243891915281353e+01 5.2747401399679866e+01
    1.0601904789303518e+01 -1.3501813181798676e+02
    8.8737609378063578e+00 -1.2974556788635579e+02
    8.5785398114602494e+00 -7.2410799044744550e+01
    6.8487678602974000e+01 9.5102672163926385e+01 4.4127258083113766e+01
    -6.1561193044819902e+01 -7.7489262880957142e+01
    7.8320546144145013e+01 1.0369241964132854e+01 5.7759897629345474e+01
    -3.6255351996474253e+01 6.8598905018920007e+01
    -8.2664905187763381e+01 -8.0010717862804213e+01
    1.7291232299127710e+01 -8.9417712001198481e+01
    1.8581309680733472e+01 1.4331575116887865e+02 1.1975424524881529e+02
    8.3998533077944927e+01 -2.6515631965079887e+01
    3.5315551489675180e+01 -1.0500812456976955e+02
    -3.9477501606759084e+01 -4.8484832909004595e+01
    4.4864122561297293e+01 6.1781899591763068e-01
    -7.8015278050870663e+01 9.2659737109595625e+01
    7.0436139317389092e+01 -1.2638990000195840e+01
    -9.8572039769606221e+01 -3.7751729986203529e+01
    -8.6479303690809033e+01 -5.6885926079619253e+01
    4.8959770505818248e+01 -9.7989286076278972e+01
    3.9904716400291953e+01 -1.5023812317842834e+02
    5.9995229472619176e+00 2.6606798017868083e+01 2.9177253941565002e+01
    5.1808608882171796e+01 -7.2347889882040064e+01
    -1.5041380547390631e+01 4.4792963101564681e+01
    -2.6364398428617957e+01 -9.1711257326568507e+00
    1.1101276412820145e+01 -4.5158542688510593e+01
    -3.3602139709343476e+01 -1.6262979184808211e+02
    7.5941065349145475e+01 8.8910043812239934e+01
    -4.6648917090977967e+01 4.4059068147371086e+01
    4.5983650401816881e+01 2.1830882778663831e+01
    -2.1011525138079325e+01 6.0985657768299113e+00
    6.9958757047237498e+01 -5.1198554535207009e+01
    -1.4931898894320585e+02 5.9752119930443854e+01
    1.1970789224432448e+01 -1.3088685875985217e+02
    1.6553481233659605e+02 2.1472115671035301e+01 4.2054882033628012e+01
    4.6714826176829369e+01 -8.4855717716964598e+00
    7.7065800099778002e+01 6.2395815933375140e+01 7.5226205213842888e+01
    -4.1625961494305166e+01 -7.8461598316187278e+01
    5.7734618553067563e+01 6.7442457023245566e+01
    -2.9817589199638221e+01 -9.0621627169266560e+01
    5.6688303468725628e+01 -1.5336533935262770e+02
    -7.2475002053573348e+01 -1.8942976130705502e-01
    -1.4436888516156955e+02 2.9437229620828487e-01</data></s26_2>
</opencv_storage>
