<?xml version="1.0"?>
<opencv_storage>
<s26_1 type_id="opencv-matrix">
  <rows>200</rows>
  <cols>1</cols>
  <dt>d</dt>
  <data>
    -8.1038306428410442e+02 -9.2858539516040844e+02
    -7.0690823849245021e+02 -9.1502472138999735e+02
    3.8131951255750784e+02 1.8694672306248700e+02 2.7024071346495560e+02
    -6.0552576540168411e+02 7.4581807068198373e+01
    -7.9247900976969675e+02 -2.1835395619603446e+02
    6.7200867263693408e+02 -1.6997962099628714e+02
    3.6503832948628848e+01 1.5818347971848445e+02
    -2.7119737906347802e+02 2.7971685156546187e+02
    -2.1065686909927308e+02 2.1874519948730224e+02
    1.5002589209195040e+02 2.5663192029028113e+02 1.3303895030612134e+02
    1.7626185926631669e+02 1.3541099912464460e+02 2.6730177510772296e+02
    -5.2003037755111258e+01 -1.7272021454065901e+02
    -1.2549798710706618e+02 2.4775040575372745e+02
    2.1210463492556266e+02 -1.8132191314406933e+02
    9.5534928631054488e+00 1.9756644605004144e+02 8.2001043497307904e+01
    1.5159395395639544e+02 2.6076291559556504e+00 1.1952162607481718e+02
    -1.6580705247667601e+02 -1.2466665420027918e+02
    -7.6586809647562660e+01 9.7908654655470613e+01
    9.0774835282645896e+01 -6.0080204306798350e+01
    3.7903114428313913e+01 3.7840493676987457e+01 2.4773570641919284e+02
    -1.9973323142415644e+01 -7.2569214368572503e+01
    -1.7629393051054757e+02 -7.2931991756992119e+01
    6.7684536738519157e+01 5.2788829435838785e+01
    -6.1746232144424908e+01 -1.1335868310001749e+02
    2.5739910461137936e+02 -6.3165347761370235e+01
    -9.9320010997640125e+01 -1.6987725199083499e+01
    2.1147668890146438e+01 -1.3467937028102008e+02
    8.8203197982664179e+01 -9.6286004538156273e+00
    -9.8990824156008415e+01 -1.4922334985740696e+01
    1.5142220412164676e+02 1.2972699336754737e+01
    -1.4217048540543260e+02 -7.3968067025602426e+00
    -2.0016091535258272e+02 -4.6656172632465427e+01
    -1.2485990417267169e+02 -6.2920842040779910e+01
    9.2916824489532985e+01 6.5608197438268846e+01 1.8894309672498767e+02
    5.1918215395118201e+00 -4.0118534724006189e+01
    1.1842619823749581e+02 9.2224122759429914e+00 3.0167591409248004e+01
    -4.0708291994545547e+01 2.4229313819137053e+02
    1.0530390760940575e+01 3.2778143516988301e+01 6.1657555087260690e+01
    1.2651164066375493e+01 1.2945677779206409e+02 5.5357578494720940e+01
    9.6377301374548708e+01 -1.5797382710052963e+02
    9.8608191912722276e+01 9.4087030844420738e+00 6.5093773481435107e+01
    -5.2342445308877828e+01 6.3188947653715204e+01
    -4.1286929268869841e+01 7.6505115261600395e+01
    7.0296701466468178e+01 -3.3817054555941276e+01
    -8.1988288302059175e+01 1.4397436509721283e+02
    -5.4274242844956710e+01 2.7470472151781745e+01
    9.6737180757243223e+01 -3.5427233373365524e+01
    9.3735424136560567e+01 -2.0957448031447512e+01
    4.7204751109644818e+01 1.1715318473050407e+02
    -5.1611712215816766e+01 8.8757001749643209e+01
    6.6745357493472879e-01 -7.0489894916978546e-03
    -8.7716830348578284e+01 2.5309351597819074e+01
    9.9277703274945495e+00 7.5446133356138901e+01 6.3738208725763300e+01
    1.4003967799623982e+02 -1.1973672377443083e+02
    -4.4888915478134216e+01 2.6514004300696509e+01
    5.7640906586849432e+01 1.2325571546547999e+02
    -7.0379739746425557e+01 -1.3269385335052144e+00
    -4.9964835907156179e+01 -9.1544549546467834e+01
    9.4796478357072701e+01 9.0414113935730086e+01
    -3.8122199260412863e+01 1.0273345153559919e+00
    6.1485275336919756e+01 9.7861618475968669e+01 2.4501061248990766e+01
    -4.3225556747156917e+00 -1.5641401329466925e+02
    6.5060349687469056e+01 -7.1739320546323555e+01
    -4.4622997574927332e+01 -7.2249914109833966e+01
    -7.4717606912638843e+01 1.1559424332170349e+02
    2.6034689109565647e+01 3.3106628235204617e+01 1.8318923197563528e+01
    -3.7565488558178197e+00 5.3848529032671443e+01
    -1.0463833698833291e+01 2.7930457681967688e+01
    -2.4509580411705763e+01 6.2657561322616246e+01
    -6.9636551463849301e+01 -1.0389861816714817e+02
    1.0563039404190473e+01 -1.6173901677533760e+01
    1.1579818325109861e+02 -3.1171464613104533e+01
    -1.8208543050586508e+00 1.1276149204942870e+01
    5.6061889388011465e+00 -1.3709366152285254e+01
    9.8817351168245608e+01 -4.7724078519395775e+01
    -1.2376774260975142e+02 -7.5558160113072645e+01
    -4.8442582787602838e+01 4.2165315928254422e+01
    -5.6434732384149044e+01 7.2230170493278536e+01
    6.9763837778129584e+01 2.9628583000021813e+01
    -8.6748988189832772e+01 2.7857497181433718e+01
    2.3205677589806140e+01 -6.1798952008035606e+01
    -1.8383468196357765e+02 4.9789618070863582e+01
    9.1677570464516620e+01 -2.0760122890200114e+02
    1.5790425670545287e+02 4.8849780919371057e+01 8.3226574139144304e+01
    7.1942769523092267e+01 2.5167382854883840e+01 7.3693901138123437e+01
    6.0777830684191329e+01 7.4405616329104078e+01
    -5.6647173451066536e+01 -8.8648801148252375e+01
    1.1545706923982607e+02 7.4983546273189503e+01
    -4.5702768789552557e+01 -8.0315514164925247e+01
    6.2080135450861540e+01 -1.5026651404998572e+02
    -6.9100863710361779e+01 -1.0317457934031028e+01
    -1.3847395447531147e+02 -1.3450665148264490e-01</data></s26_1>
</opencv_storage>
