<?xml version="1.0"?>
<opencv_storage>
<s26_5 type_id="opencv-matrix">
  <rows>200</rows>
  <cols>1</cols>
  <dt>d</dt>
  <data>
    -5.4874390432222094e+02 -1.1983565374249199e+03
    -5.0392799975535002e+02 -1.2385022200084616e+02
    8.1263178206010980e+02 3.4976315361347179e+02 3.7437365399875682e+02
    -7.4711251144360210e+02 -7.6485471687269083e+01
    -3.2327403041125558e+02 -2.5179724483065141e+02
    1.9943493218826075e+02 -4.0960391035492739e+02
    -1.7769025019288958e+02 4.6649896610710442e+02
    -2.8882337498267583e+02 5.9314720215112084e+02
    -3.6979206204600519e+02 3.1539446398312467e+01
    1.5145687466075652e+01 3.1030228182963663e+02 2.0581671192771118e+01
    -3.0100222302588577e+02 2.0374509273605560e+02
    1.1740772753989518e+02 1.1647380575745348e+01
    -9.8135558466239459e+01 -2.0346295546146868e+02
    1.3763985163511882e+02 -1.4439770846509001e+02
    -2.3037333118745286e+02 -3.3502015186798832e+02
    -1.0504411380535038e+02 5.9341849233396431e+01
    2.4021171373736246e+02 2.3661710644262222e+01
    -4.1014986149544491e+01 -2.1960235387237424e+02
    2.2670815686793262e+02 1.0204756763127320e+02
    -2.0060565225841040e+02 -3.8794249873529701e+01
    -1.3282511828417437e+01 -2.8079347682861531e+01
    -7.1492616590268398e+01 2.8154794153036079e+01
    -1.0987411212155736e+02 -2.7229633591618216e+02
    -3.0048227391943828e+02 2.9984668726370637e+02
    -6.5330164002782297e+01 -1.2323223429106697e+01
    -1.4353076904029524e+02 -1.8339384927088679e+02
    2.2154790201764055e+02 6.3306259211013518e+01
    -1.1918728597797757e+02 -1.1891428481230997e+02
    -1.8931034241955911e+02 -3.0839722659724409e+01
    5.3734291821561754e+01 1.4247966010917532e+01 1.0735752871643783e+02
    7.1199175033075463e+01 5.0129235133258003e+00
    -2.1640798937711232e+01 -7.9892828973509836e+01
    1.1744675511814881e+01 -1.2106785272586424e+02
    8.7800630416712920e+01 5.5876800013325855e+01
    -1.5615772532458275e+01 -1.6136684474607005e+01
    7.5897897189912612e+01 2.1798941349996230e+01
    -3.3070200195905066e+01 1.2240735648306602e+02
    7.6527647450675744e+01 -2.3604562549804385e+02
    -6.3964224720763516e+00 -5.8403799955728424e+01
    5.2207665479355647e+01 -2.0067087416726970e+01
    -1.1129580867127468e+02 -5.7561117363523586e+01
    -7.7842366476918841e+00 1.7027389752704249e+01
    5.8880426122709018e+01 1.0342552054728988e+00 6.3065471863141831e+01
    2.0345022360463577e+01 1.0442189136716404e+01
    -5.9157310592833397e+01 -7.4359652500483719e+01
    2.3570678077603631e+01 3.6122635799317266e+01 1.3277591076849822e+02
    -8.9555111197886035e+01 -9.2510659448360485e+01
    -1.1247175347773616e+01 1.0360624147728961e+01
    -9.1869629991491202e+00 -4.5309117665935048e+01
    -4.9153189495208750e+01 2.6597521473990517e+00
    7.9545697339616169e+01 9.2209510444822627e+01
    -2.7925786948369549e+01 6.7472402616576261e+01
    1.7926135000318845e+02 3.9772809479951945e+01
    -1.4261462248767035e+02 -7.7042507245577070e+01
    -1.9841000387203874e+02 -3.5962395158674911e+00
    -3.0536756615996175e+01 8.4316783568109244e+01
    5.2315983927830281e+01 5.7466375060416730e+01
    -2.3654108698809736e+01 -1.6740843565497290e+00
    1.0739112620616673e+02 2.3426471106306234e+01 1.1718973200371887e+02
    -1.0605274348251535e+02 -1.2273239836654414e+01
    -5.6879391139092952e+01 -9.2153072931922708e+01
    1.0910543483529818e+02 -7.2916516690777271e+01
    3.0463877984492253e+01 -1.0167314617624015e+00
    -7.7559489360521454e+01 1.0704397588657952e+02
    1.5413806878547639e+01 -1.2203054266724590e+02
    -1.0009709582106208e+02 2.5769094394461234e+01
    -6.6873960003184990e+01 -5.0317568961077299e+01
    -1.2369974784149241e+02 -8.1297229583987914e+01
    7.0344944476958517e+01 4.9172309417509403e+01 8.7160900613101674e+01
    -7.9151608614110529e+01 1.4334607433564656e+01
    9.3188579512232970e+00 -1.5073726406531831e+01
    5.7930468677883503e+01 -3.7259777262165564e+01
    3.2907066340357268e+01 -1.0503851550815942e+02
    -8.1424839937856433e+01 4.1098096879318916e+01
    -1.4031028095228466e+00 4.2010299784054062e+01
    1.9595867270513416e+01 -6.1055435943308197e+01
    1.5512828069221904e+01 3.4538129006169072e+01 3.1024912748885793e+01
    7.5747871606110024e+01 -1.0399088498217020e+01
    -5.6427627761800551e+01 -1.5356108093878350e+02
    3.7483244014298435e+01 6.6711214608345060e+01
    -2.4569369561645868e+01 7.0779151261160081e+01
    2.2142403847966076e+01 2.3490681909402511e+01
    -6.2128414201112506e+01 1.9035657147087722e+01
    3.0004576349487536e+01 -4.9770133900680186e+01
    -1.7891470118975030e+02 3.4711481154611263e+01
    2.2492528572091693e+01 -1.4340090288649893e+02
    1.5398153418584525e+02 3.1825305032824204e+01 5.6177697406701988e+01
    8.0389232260859714e+01 2.3386054869146222e+00 6.7720452316601595e+01
    3.3211026204441694e+01 7.2234815200902119e+01
    -5.7031325027303843e+01 -6.4817091913893393e+01
    6.7962625362162882e+01 5.3452539517881824e+01
    -2.5993363308541340e+01 -7.5316595113469290e+01
    4.4886866423472107e+01 -1.5968879165500371e+02
    -6.6778172614011993e+01 -5.7684661913944115e+00
    -1.4383927566380962e+02 1.3845071402785860e+00</data></s26_5>
</opencv_storage>
