<?xml version="1.0"?>
<opencv_storage>
<s27_2 type_id="opencv-matrix">
  <rows>200</rows>
  <cols>1</cols>
  <dt>d</dt>
  <data>
    -1.2647564582267062e+03 -5.3519175851780652e+01
    2.9540344147608562e+02 -1.1218712216984723e+03
    2.5914776266262288e+02 7.6546757272155287e+02 5.6724817402160613e+02
    -1.7219412463897530e+01 3.0413377825998856e+02
    -1.1480150098436847e+02 9.8817461692136888e+01
    3.6370586951875953e+02 -1.4008027008377522e+02
    -1.2364103107268852e+02 4.3195477566447352e+02
    -3.9446612305835664e+01 5.1285224225964998e+02
    -6.0897329551561455e+01 -3.6027215629291298e+01
    6.5614950398690689e+02 5.5281836817416689e+01
    -8.3215297054270593e+01 1.2418347801979496e+02
    3.5985184632148922e+01 5.2877639504378699e+01
    -1.3495657114853174e+02 -5.4692540216182294e+02
    -2.6540358501499142e+01 1.2298635089922101e+02
    -4.4805223354126490e+01 -2.3210168918609295e+02
    8.7854385049963639e+01 -9.0218335795160570e+01
    -2.5851228241746323e+01 8.7121227330643123e+01
    1.1100891673777127e+02 -2.2222563463825418e+02
    -1.3518938041279094e+01 -3.1111080975809964e+00
    -1.1146848016346216e+02 -1.5494405955412478e+02
    1.3996242838411268e+02 3.7962858836749717e+01 7.3078779794572895e+01
    5.1106095707097543e+00 4.6976567649382915e+01
    -5.0665051774775314e+01 5.8189791727286256e+01
    -1.3584989054988554e+02 -2.8629409047831558e+01
    1.4733139500941076e+02 4.6120181027891370e+01
    -2.8160288419341180e+02 3.3667359968759567e+00
    1.3613156336095321e+02 3.0948557195321992e+01
    -1.5771064825280806e+02 1.0493429304828827e+02
    -1.1243419356422173e+01 -7.9477236118252506e+01
    6.0007788608664498e+01 8.2026152875240967e+01 4.5739068920656720e+01
    3.2161410644727788e+01 -6.3846532809670691e+01
    -2.5371006215476307e+01 -1.5554381882756340e+02
    -2.3281011103170524e+01 -9.6461474291531516e+01
    6.8361618806851851e+01 -4.7882499998791026e+01
    -3.5442732901488519e+01 9.5319451846892306e+01
    -5.4367638763660892e+01 1.3924141671490017e+02
    3.2864997986697571e+00 1.0208907568817291e+02 8.6330807515769791e+01
    -8.9283216725599942e+01 -5.2570103913995794e+01
    -8.6613704864420910e+01 5.5771630168528873e+01
    -1.9036120971978573e+01 -6.7017922788868844e+01
    -1.2566658405503364e+02 -3.7520984268411318e+01
    1.6470865063720976e+02 5.0076301610305173e+01 7.8052846889633017e+01
    -4.4195295115801891e+01 -5.5680652051730846e+01
    -7.1730203383305920e+01 5.2422041846711913e+01
    7.1200934886178956e+01 -2.3725234033601247e+01
    3.2596311203759996e+01 -8.7381160096756760e-01
    -7.6427582296485781e+01 2.1607941661969111e+01
    -8.0102385117793162e+01 3.2541942262871736e+01
    1.9760618819212024e+01 3.0425211091288254e+01 3.5886408169611414e+01
    -1.2055280867567350e+02 7.3982824624603538e+01
    1.1355179462571617e+02 6.7901368655533147e+01 1.6500322377546229e+02
    4.5469074860054548e+01 3.9351463238787836e+01
    -7.7787007655983942e+01 -2.8073704771974242e+01
    -1.1741126128038742e+02 2.1853146501803433e+01
    -1.1434768345122180e+02 1.3359549290445722e+02
    3.1845620033887396e+00 1.6121674370026696e+02
    -2.4787418211436499e+01 4.5327279276659958e+01
    1.1568782130685146e+02 4.2077947520096309e+01 8.2938803685287169e+01
    7.3314391510496264e+01 4.7707100357016046e+01
    -1.2372693551021069e+02 -8.9435782919909926e+01
    1.0003787450699585e+02 -4.8702354259536058e+01
    6.2641198135297316e+00 5.2271754658359441e+01 6.8149415192490778e+01
    -2.8274373440024366e+01 6.6116969677231467e+01
    -4.5889321283912572e+01 -1.2042361581011400e+02
    3.3583800444842254e+01 -2.1333870145180484e+01
    4.2271987723469650e+01 -1.6775530519602867e+01
    -4.1497206165271862e+01 1.2905612738967389e+02
    3.0577709601940512e+01 -2.5929075639264173e+01
    -4.1698438388107959e+01 -7.6383035713757536e+01
    7.7420363896666288e+01 -4.2113416071045968e+01
    6.1971407965891835e+01 -8.9429352260075106e+01
    -6.8626000317733977e+00 -7.0758106784044287e+01
    -3.5641290206514706e+00 -4.8241203221119662e+00
    4.2508053522903822e+01 -2.7758788127464143e+01
    -1.6611668431124169e+01 2.4713267463472985e+01
    -3.5840719270618543e+01 -6.2726342253916471e+01
    1.2678802572325725e+00 3.0871466270695436e+01
    -5.0596789655540874e+01 -7.7835213343615763e+01
    -1.1862633459630904e+02 2.3860002564291761e+01
    7.9134124920626363e+01 -7.6232185792090945e+01
    3.5101675071812437e+00 3.0844242553855889e+01 4.9602415445259496e+01
    -2.1301479348079745e+01 2.1160800244070604e+01
    4.8385539114579295e+01 -3.8919993798783686e+01
    -1.6327920304421511e+02 9.5817273759999736e+01
    -3.2695007639669105e+00 -1.6138875192536926e+02
    1.7843609836740953e+02 3.2557441028467416e+01 9.6594797996425100e+01
    1.5904795460133502e+02 7.2512020322673820e-01 9.1101085763958082e+01
    3.8319441711333646e+01 1.2317547360669056e+02
    -7.7293277175849312e+01 -6.3671491345219621e+01
    5.6208488341635132e+01 5.9991891776192020e+01
    -4.2532378119496443e+01 -1.0718520799903425e+02
    4.3921333612240780e+01 -1.5793378613644998e+02
    -6.0940581493351345e+01 -2.1012551258220739e+01
    -1.3960449724084023e+02 1.7002515277924449e+01</data></s27_2>
</opencv_storage>
