<?xml version="1.0"?>
<opencv_storage>
<s27_1 type_id="opencv-matrix">
  <rows>200</rows>
  <cols>1</cols>
  <dt>d</dt>
  <data>
    -1.0950475662726712e+03 -6.0153225171576707e+01
    2.8636132808573553e+01 -1.2455235042743705e+03
    2.8570689979897361e+02 8.8488550820832506e+02 4.3532641730306426e+02
    -1.9228221267675383e+02 4.6073125879938289e+02
    -3.4789459917695318e+01 -6.3055972481020895e+01
    4.2220821975749465e+02 -2.1184353056671839e+02
    -1.1107733179127256e+02 5.4795933857231648e+02
    -1.3904621195947826e+02 6.1148483755478014e+02
    -1.9583431270005295e+01 1.1773783089833081e+02
    6.0965622922983459e+02 1.3344989706551121e+02
    -5.5382778986362844e+01 -2.5962420197005082e-01
    8.2203383649184943e+01 -7.7392574881870772e+01
    -8.1386717518391862e+01 -3.9643327398634790e+02
    1.2033583046209959e+02 2.9424619789221133e+01
    -6.2326359572958673e+01 -2.0803067912587704e+02
    1.4630250399686091e+01 -1.7856137479070334e+01
    7.3416116786979643e+01 5.8134035058248244e+01 1.2250699033763244e+01
    -1.7001828066439930e+02 9.9199569548898092e-01
    -6.9719950784066043e+01 1.6855107991099371e+02
    -3.1065640545292911e+01 3.5324345832329080e+01
    1.3129035450760765e+02 8.8425692662180893e+01 7.4008176307847123e+01
    2.0781720330470154e+02 -8.8112460327486062e+01
    8.4577543314660673e+01 -2.2657295892815011e+01
    2.3606867637773860e+01 1.6946999569712901e+01
    -8.5973864308892246e+01 -1.3285628128177476e+02
    -1.4780735440291539e+02 1.4524742599870839e+02
    6.4899859471882593e+01 -1.9467784060268494e+02
    -8.6466962441483322e+00 -4.3167119124627554e+01
    -5.4828980978596952e+01 7.9923659148282411e+01
    8.0065042024772396e+01 -5.8765329056062491e+01
    1.3854545065423522e+01 6.0758071483392513e+01 1.2784343236055676e+01
    -3.1805185109626319e+01 -7.0575524938209753e+01
    -1.1064091478888346e+02 8.9464265465450467e+01
    -6.5107852991869336e+01 -1.9432440238876549e+02
    3.5835100379500091e+01 6.9839132040609513e+01 1.0567091782329793e+02
    -9.3102118161504961e+01 1.1541947001159233e+01
    1.0930964952280706e+02 -8.5075581721327296e+01
    -8.2266929716460631e+00 -6.3242011199807287e+01
    1.0648730740197554e+02 5.2195370182933239e+01
    -8.2403714400034531e+01 1.3843296432645354e+02
    6.5865290167360556e+01 2.7953154831542093e+01
    -5.8475297380965884e+01 1.2238930879046971e+02
    -9.2579866428191764e+01 8.6825510498768523e+01
    -1.5899521912370284e+01 4.8113936278198295e+01
    1.4231651298209904e+01 8.0858452257328466e+01
    -4.2032666558233878e+01 7.6625123893886126e+01
    2.8278769328318077e+01 -3.8017350743481714e+01
    -5.4584998322813611e+01 5.5476073117991966e+01
    -4.7250962330103619e+01 -2.2583000586696375e+01
    9.5508994276497802e+01 -4.4424311392085841e+01
    9.1080498342038609e+01 -2.8957411813578453e+01
    -2.9001840505016308e+01 3.2942583109239422e+01
    1.4766196519391556e+01 2.8220527978552067e+01
    -1.3857235562390559e+02 -6.5143307674089002e+01
    -2.7133637132138155e+01 -2.9351926609580470e+01
    8.8227714842466966e+01 -2.4853927878656656e+01
    6.1589968244391891e-01 4.1252809309326729e+01
    -9.2359013187742445e+00 -2.9385260233082374e+01
    7.4083866865973562e+01 3.5102581166910738e+01 1.8799671993494053e+02
    -6.7585817489508074e+01 -8.1211581879077759e+00
    -3.2527893504375974e+01 -1.0922553196205209e+01
    3.9700514461519390e+01 -1.6909665679925507e+01
    -2.0050439824089042e-01 8.4537589258013298e+01
    2.1492719144521728e+00 5.5660590854641207e+01
    -7.7883302296781565e+01 -1.3196050287810595e+01
    -9.2078229390680704e+01 1.5466397205333868e-02
    -5.4206371346182031e+01 -1.7804987780037589e+01
    -2.1075855730392252e+01 -8.7351795011988457e+01
    9.7262251358328967e+01 8.5327954677996480e+00 5.4203120601486908e+01
    -7.7737218159097907e+01 3.3897536543346338e+00
    -8.1751594116709555e+01 -7.3126289033792027e+00
    4.1103280967750635e+01 -1.1485309904192000e+01
    3.1953409943160956e+01 -1.2550765402649112e+01
    -1.1831697492519669e+02 9.8206750221945569e+00
    3.7413574678534353e+01 4.5355852429426236e+01
    -9.2628300874241020e+01 -1.1131788387076387e+01
    5.8519382061031202e+01 3.6838579781916835e+01 2.6367840557214841e+01
    9.4127981634285661e+01 -1.4812523338110582e+01
    -6.8668322617587094e+01 -1.6560968410693772e+02
    8.8551014994047208e+01 8.0910309187035622e+01
    -3.4405936757353608e+01 1.2960369675107836e+01
    8.1906848128369361e+01 -3.7989202110487348e+01
    -3.2640337058271307e+01 4.6448232514091696e+00
    7.3296933358412261e+01 -3.8775059396214843e+01
    -1.5207097596289785e+02 1.1379707862205723e+02
    4.5132873193162744e+01 -7.7110777770679050e+01
    1.3916884429616744e+02 2.3912284470614118e+01 7.0699849869576340e+01
    1.5938612465231731e+02 -2.5956202837099291e+01
    1.5591961410831004e+02 1.0032096777233107e+01 9.8732327626480654e+01
    -5.0169850332106968e+01 -6.9304666836434819e+01
    5.5162408931947340e+01 6.7742376296302268e+01
    -2.8335587832466249e+01 -8.6663161587470626e+01
    5.1389106418222177e+01 -1.3637598785912891e+02
    -1.1850689794396071e+02 4.5945372184759400e+01
    -1.5143196030604429e+02 -3.7066629826790653e+01</data></s27_1>
</opencv_storage>
