<?xml version="1.0"?>
<opencv_storage>
<s27_4 type_id="opencv-matrix">
  <rows>200</rows>
  <cols>1</cols>
  <dt>d</dt>
  <data>
    -1.1201384657860788e+03 -7.1006680722388538e+01
    1.4871649926665074e+02 -1.3092108826110280e+03
    3.4340279432512398e+02 8.0064765676199079e+02 4.5836973625088621e+02
    -1.1250218990209815e+02 4.0504289175636967e+02
    -4.7016945488644524e+01 -3.3054395153198122e+01
    4.3263980395237860e+02 -1.4410111702808624e+02
    -1.1904333536658858e+02 5.2486649070873500e+02
    -7.4834734567628828e+01 6.4607163409153065e+02
    8.3722357795517102e+00 3.2060439856495563e+01 6.1630069449042549e+02
    1.4052036500167452e+02 -5.6191967146718937e+01
    1.4386394678700393e+01 9.0698758737078535e+01
    -8.4538833103244940e+01 -8.2360362113124040e+01
    -4.8370937523836773e+02 9.8591895997007541e+01
    3.1403274715239416e+01 -7.8034840706532876e+01
    -2.5692239949517682e+02 5.2057142017864457e+01
    -7.9007393704273824e+01 5.6514050119664304e+01
    6.6848878223728946e+01 3.7056272933768028e+01
    -1.5004462392931049e+02 -3.3737827677660192e+01
    -6.6379967977663171e+01 1.0019527589700368e+02
    -6.1394576520999735e+01 1.0658715667475241e+02
    1.3634513957039417e+02 7.0433473299821571e+01 5.8832685109056371e+01
    1.6404238183265483e+02 -1.1559126780836266e+02
    5.8512266887223660e+01 -6.2118408718784295e+01
    -3.1336214836876788e+01 4.6044079167114042e+01
    -7.1967957298565878e+01 -1.8562054410699284e+02
    -8.0414584267719547e+01 1.7475936997966159e+02
    8.2105940961593276e+01 -1.8743040204586910e+02
    2.6205067447018145e+01 -1.5341876445202374e+01
    -6.3819166318532510e+01 9.6768556415352251e+01
    9.2289613729830705e+01 -2.9884929457788079e+01
    -6.5258256411971622e+00 3.3915147728803525e+01
    -1.0031589211769649e+01 -2.1558837348243557e+01
    -4.5717951219295543e+01 -1.1516063662489064e+02
    9.8884647108167584e+01 -6.9866492703442347e+01
    -1.2296961031976272e+02 3.6033272709196794e+01
    3.1660065303352205e+01 1.3190022654389995e+02
    -5.1057964558434875e+01 9.1539852598308968e+00
    2.3020086076403469e+01 -6.2105548416095267e+01
    1.3096698704576071e+00 -3.7002802573071811e+01
    1.2060687616771705e+02 3.6144543644556094e+01
    -8.1192142783892820e+01 8.7449781437933311e+01
    7.8588382260764238e+00 3.6355063840425224e+01
    -2.1150114546406873e-01 4.3942060071245308e+01
    -4.8361268117341794e+01 6.9391084974668260e+01
    -5.0606003039066650e+01 4.9417873126848598e+01
    1.4151655903276827e+01 5.0265305366736058e+01
    -6.6041133540498240e+00 4.5994251698721726e+01
    1.1139276986108063e+01 -6.9972586512900520e+01
    -6.2805058249605231e+01 3.6221667460996315e+01
    -2.6070773231910643e+01 -2.1273478693657928e+01
    5.9474167341817214e+01 -4.4648906668761221e+01
    9.7320636751327683e+01 5.0961032496477927e+01 2.8094568565157072e+00
    2.9748346312739042e+01 2.1405795699425056e+01 2.5630628620865405e+01
    -1.4198895793478241e+02 -6.4434593142162910e+01
    -3.8080820991681499e+01 1.9681050860213496e+00
    5.1811329111276926e+01 -2.2889805387928316e+01
    1.4790016765699058e+01 5.4718933091440299e+01
    -1.9263055829219844e+01 -7.1906135745785662e+01
    5.1284810564459328e+01 1.3151761381443192e+01 1.2891352738013452e+02
    -4.6527868456062940e+01 2.3047992846431949e+01
    -2.8323213252851854e+01 -6.1710841959895717e+01
    4.1693728032340395e+01 -5.3221355885392498e+01
    -1.4822609211979184e+01 9.1591793627652834e+01
    7.3200513887052168e+01 1.0559753885205379e+02
    -5.7505969448089502e+01 -1.9265301662920393e+01
    -9.5705223648847181e+01 4.3588173356233604e+01
    -7.2032852161917575e+01 -2.5909326370983095e+01
    -5.7744087862619608e+01 -8.4584151323769092e+01
    8.9008708257343017e+01 5.6576867398246272e+01 4.8275804867898579e+01
    -8.7560422751316366e+01 1.8862780402698416e+01
    -1.6648866619440678e+01 -8.8383210933035272e+00
    6.6857172943611701e+01 -1.5681872147517716e+01
    2.6844452447136963e+01 -7.3629729853936169e+01
    -6.3242355892253578e+01 8.3755099413309892e+00
    -9.2546273429539898e+00 9.3949581225182996e+01
    -6.8199221779385752e+01 -3.7809103110834535e+01
    4.9932317742382871e+01 -2.0838774671657379e-01
    5.7066467900657770e+01 3.5398338873975121e+01
    -3.0389181416789441e+01 -6.6573756942443339e+01
    -1.3143860636972190e+02 3.8468564475977800e+01
    1.0036213324782514e+02 -2.6723890559449593e+01
    6.0565781988842289e+01 2.3613648924455983e+01
    -1.0589495956520858e+01 -3.8299593679026479e+01
    3.9200418743614229e+01 2.6905721729988130e+01
    -6.8997554391716250e+01 -1.4480739210643250e+02
    -4.2664810781420579e+00 3.8822220405789296e+00
    -1.3865057149740230e+02 1.5321585063802181e+02
    2.9936784640865838e+01 1.8456890945644567e+01 8.0052832615205407e+00
    2.1479929928963609e-01 1.1045184426989978e+02 6.8284535664778019e+01
    4.6084772811300795e+01 -2.6069403987132031e+01
    -8.3720219251095756e+01 7.0774777271097435e+01
    6.1336428664117200e+01 -6.7209135775230493e+01
    -9.6629470804533653e+01 3.2210254647245179e+01
    -1.7977014206186746e+02 2.0957504150237583e+01
    -8.9868063646659266e+01 -1.1940776021316307e+02
    1.0241463203978439e+02</data></s27_4>
</opencv_storage>
