<?xml version="1.0"?>
<opencv_storage>
<s27_3 type_id="opencv-matrix">
  <rows>200</rows>
  <cols>1</cols>
  <dt>d</dt>
  <data>
    -1.1885556623396674e+03 -7.8870881353021645e+01
    2.3301183796878757e+02 -1.2369967305113221e+03
    2.4166778549217142e+02 7.6766861841476441e+02 5.1048035933592917e+02
    -1.4946828819921438e+02 3.2098372505981934e+02
    -8.3116901719253377e+01 -5.2858783450602580e+01
    4.4010869324619853e+02 -1.4412902049703638e+02
    -1.1342319277178845e+02 4.1308620136133487e+02
    -9.1945361118189723e+01 6.4554640600887149e+02
    -6.4835435657361174e+01 7.5220413283638749e+01
    6.7284537142760030e+02 1.5831431801644513e+02
    -8.8621560059769422e+01 9.6253288638202022e+01
    4.8433446708668946e+01 -3.6786774403065303e+00
    -1.5315614017843657e+02 -4.6772201226763281e+02
    1.5337096995338316e+01 1.1734416758227604e+02
    -4.1943509726931168e+01 -2.5614864226225092e+02
    6.2936651463123106e+01 -1.0552479993919688e+02
    9.1171775843580562e+01 4.2399816089843391e+01 6.2211114020791548e+01
    -1.2578061594884730e+02 1.4763834835012029e+01
    -4.0092253721061255e+01 -6.0697578616094368e+01
    -7.9244648332661541e+01 1.5318252760101191e+02
    9.5713200236979844e+01 8.3870550479462622e+01
    -2.1995826314392102e+00 1.2617988350873425e+02
    -9.4383744120976289e+01 1.0470131930328435e+02
    -6.5140101949637909e+01 -1.3964233835504370e+01
    6.7399476032633856e+01 -6.3648601713068613e+00
    -2.5890595035152728e+02 -6.2547575795690740e+01
    1.6689814810279537e+02 2.0975164568438633e+01
    -1.1888362147007722e+02 2.1587827452361541e+01
    1.9409321979353596e+01 -9.3792773935306627e+01
    1.0548480045194914e+02 8.6613195328376491e+01
    -6.9289097184267433e+01 1.8518634740112745e+01
    1.8149693561049684e+01 -1.5344988298817452e+01
    -3.3179603973241313e+01 2.9833775183722291e+00
    -7.5039471663605440e+01 8.9200800278169709e+01
    -2.6255028704454336e+01 -6.1153644983593061e+01
    1.0922747897369401e+02 5.6707263123653718e+01 1.5933231200183036e+02
    1.6226912879769149e+01 7.5125679630712824e+01 5.0248284982999522e+01
    -5.1552246688666465e+01 -2.5162590908090635e+01
    -4.0912123916108676e+01 1.0903814382306524e+02
    3.4078541626195779e+01 -2.0014534994651708e+01
    -3.7102612271934497e+01 -4.3073004315132494e+01
    1.1329568608382712e+02 9.6672326070831218e+01 5.9591916932585015e+01
    -6.4711481371921181e+01 1.6373711702771892e+01
    -9.9566252475868637e+01 4.5738421995013901e+01
    -2.5739990677557270e+01 -1.3030236756607987e+01
    4.7027572926003330e+01 1.0024692022198201e+01
    -3.9813586308037394e+01 -3.6498175747780031e+01
    -7.7424503533728711e+01 -5.9274025128602110e+00
    -2.3001692775758645e+01 -1.7742125723848250e+01
    1.0196750151482656e+01 -1.0365371769221431e+01
    9.5376790847241267e+01 5.1893083018094501e+01 2.9272509484352764e+01
    8.9895545820867767e+01 5.7717731823639603e+01
    -1.2213858644927837e+01 -1.0071055495971237e+02
    -5.6491666722213985e+01 -1.0927558489447445e+02
    -4.5203999980044465e+01 -1.3315204142591686e+01
    2.3225014132541656e+01 4.2306049472038701e+01 7.5401714891375278e+01
    -3.0831421497042925e+01 -8.2434289369742729e+01
    8.3432348878565250e+01 -3.3027481984466300e+00
    1.0513655906231014e+02 3.9934674975221739e+01 7.3034242382877679e+01
    -7.3750367905144842e+01 -8.7874907479956505e+01
    5.7036706513612501e+01 -4.3987728322472542e+01
    1.0877416323607312e+01 6.4220275635153413e+01 1.2693812082299151e+02
    1.0825385868564929e+02 5.5269616099345038e+00
    -6.8009587842650689e+01 -1.4246620490701878e+02
    9.5692434286674668e+01 -7.0407095844016169e+01
    -9.2848944853431767e+00 -5.9908402735136704e+01
    -8.2696562706843920e+01 1.2011257486793436e+02
    6.0963857597922392e+01 2.6739168524383693e+01
    -8.2337539600619465e+01 1.3766691768909597e+01
    1.4011197419049797e+01 -1.6213287612804823e+01
    1.1107053459082144e+02 -6.9585768417515411e+01
    9.8092138627091927e+00 -1.0219340974298160e+02
    -1.1723065649084283e+01 -2.5519195560862760e+00
    -5.9054564381411595e+01 4.2164019114364571e+01
    1.2881559372354790e+01 -1.8149380756681854e+01
    5.7033191114037962e+01 -3.7925141493108484e+01
    9.4850935740405461e+01 9.1729786654746022e+01
    -6.0850366685429123e+01 -8.4800421326240993e+01
    -9.0788297431571308e+01 4.0591972621233992e+01
    1.3244933451060075e+02 5.6928859503976184e+01 7.2230965888425047e+01
    5.6321596030688937e+01 -1.1759945120847519e+01
    -4.1536054752598638e+01 4.2428442059325114e+01
    5.1589659339477898e+01 -1.0019016140244108e+02
    -2.0416622227684218e+02 1.6374521775904123e+00
    1.7642907065253361e+00 -1.6003595298675543e+02
    1.5839070919586220e+02 8.6066946749705693e+01
    -8.0817341094484210e+00 -6.2445568191838291e+01
    3.7619719545905208e+00 3.8010358095603479e+01 7.6008071022157765e+01
    2.3422365442034909e+01 -1.3115127122214311e+01
    -7.0568149485427710e+01 6.9241008670568178e+01
    5.5919639654700987e+01 -1.9519983259140666e+01
    -6.4580795551753468e+01 6.9127194426199566e+01
    -1.4195920058567481e+02 -1.2150938689895085e+02
    4.3125624764442080e+01 -1.4723953594931675e+02
    -5.8415468267962488e+01</data></s27_3>
</opencv_storage>
