<?xml version="1.0"?>
<opencv_storage>
<s27_5 type_id="opencv-matrix">
  <rows>200</rows>
  <cols>1</cols>
  <dt>d</dt>
  <data>
    -9.9108904109885634e+02 -1.2081118134628225e+02
    1.7135059457930240e+02 -1.2975109200861950e+03
    4.5605158633093271e+02 7.9828296150577353e+02 5.8779443148366022e+02
    -8.2218204866480846e+01 4.6689176797130062e+02
    -6.5073540763970669e+01 1.3060410655010157e+01
    4.4679776064682886e+02 -1.3356671230028090e+02
    -1.0204669012466097e+02 4.2099051927291839e+02
    -5.8437651812292508e+01 6.0942088087164757e+02
    -2.8198558309539301e+01 1.8331276882476484e+01
    6.3354728167966493e+02 1.8719351864903044e+02
    -2.6181311901172307e+01 -7.6423239438125236e+01
    5.7629588969344240e+01 -4.6160304887468683e+01
    3.5611914045347390e+01 -4.2394120129815627e+02
    6.7496683976944240e+01 1.6716658973222177e+01
    -9.8679757929704039e+01 -2.5001068893297327e+02
    -1.1146747404084380e+01 -1.0705312670100281e+02
    -3.5428261425327520e+01 9.0933616825787439e+01
    2.9175264134094835e+01 -1.3372711700732702e+02
    -1.5936624121718979e+00 -5.1054579078049684e+01
    8.8111296436631875e+01 -4.8156863076902674e+01
    1.2479868601196830e+02 1.2985636163237251e+02 7.5424650948473456e+01
    7.3803934865484521e+01 1.5803567148156651e+02
    -1.1609449498354779e+02 2.8261567643744822e+01
    -8.3911663705374309e+01 -2.2721509220319437e+01
    3.6234186431450501e+00 -1.0614971514224760e+02
    -1.4243471723907180e+02 -1.1357781230580713e+02
    2.2910100956960093e+02 1.2640462763428840e+01
    -1.8848115380710780e+02 3.9932442567695752e+01
    9.3860260803545117e+00 -8.9429331233632638e+01
    4.3768278024127135e+01 2.4722482861912216e+01 1.7690368846057054e+00
    -1.5734916121790874e+01 6.1318132814072470e+01
    -2.1340863051951228e+01 -7.5136487549657886e+01
    -2.6830788590233809e+01 -5.6458205926388345e+01
    8.1000512054764016e+01 -6.1068710160502064e+01
    -1.2146585338275399e+02 -3.8663067602876389e+00
    -1.9648513755239140e+01 1.3171005193622182e+02
    -1.6362128778835176e+02 -3.1262515110756112e+01
    -7.7750538130495448e+00 -1.5343906470750984e+01
    -3.4808924565485235e+01 -6.9609523282886316e+00
    1.4285727972156721e+02 2.6406548025307952e+01
    -1.7375327517600553e+02 9.2459080736194323e+01
    -3.9049964599436414e+01 -1.1766137073152036e+01
    -2.1057576798297756e+01 4.9888659606544429e+01
    1.8765344031274125e+01 6.1161128355186804e+01 6.1795238197844348e+01
    3.6767461238373706e+01 8.5050099091398280e+01 1.0966463382774384e+02
    1.6661392251995505e+01 6.1193451658538486e+01 3.5377804332902599e+01
    -1.1309501893061099e+02 -3.6796705333106736e+01
    9.0847538064185045e+01 2.5719611991640136e+01 7.7599627729358129e+00
    6.7443533490015128e+01 -1.0286021073171123e+02
    4.6508458193073842e+01 1.4411828468282607e+02
    -2.7862097784130547e+01 -3.5313527956162872e+01
    1.3712600435586928e+01 1.2671542920930078e+02
    -1.4201708367319193e+02 -8.6841987369676630e+01
    -4.8279298807544869e+01 4.2440264908430571e+01
    -1.5913472364435725e+01 2.0751285034597256e+01
    6.4781686758057660e+01 2.6387619624798848e+01
    -1.3843638080439479e+01 -2.6153305884729459e+01
    -2.2809582813327570e+01 2.0961585041531180e+01
    1.2483396982528235e+02 -5.8156261855070419e+01
    5.1532264144560457e+01 -6.7522610670305143e+00
    -6.6114121787614891e+01 6.8097887834780465e+01
    -2.1131391753818178e+01 -3.9649225837745895e+01
    1.6040605027031205e+01 6.5289814760601033e+01 9.2461917084503057e+01
    -2.7097437452231528e+01 -3.0241468857483593e+01
    -4.8510333803985269e+01 -1.0392800170354398e+01
    2.3930889704188627e+00 -3.5063181535147329e+01
    -7.8804016345980102e+01 1.6530696562910210e-01
    7.0532701542594609e+01 4.1090858634999520e+01 4.8189622719697326e+01
    -6.4387742707589766e+01 -8.8097888669386776e+01
    3.2496506814643787e+01 -6.0516537171267132e+01
    6.3393449668081885e+01 -4.9155940515180212e+01
    4.8201929780479610e+01 -1.5450475043357179e+02
    -6.7017049186458109e+01 3.1096368022240942e+01
    4.1209165104675499e+01 7.3164606862299578e+01
    -9.8671474453817069e+01 -9.1455019698695850e+01
    -9.7162236135532510e+01 2.4005378451925797e+01
    -2.2780847698119948e+00 -9.1657988999832014e+01
    -6.5778044681687334e+01 1.1622096464327409e+00
    -1.8468356413760290e+02 -6.8372432527102749e+00
    8.2890145394608979e+01 -6.4379594050178568e+01
    9.7043434114340087e+01 3.0729547944297675e+01 1.1363241003821469e+02
    -5.5589453562227916e+01 4.4583843501800530e+01
    1.9684376233403988e+01 -9.1090376991753431e+01
    -1.4490812670468699e+02 5.0818460336301563e+01
    2.9880436927850113e+01 -2.0325062599036306e+02
    1.5907458761208468e+02 7.7527903973548220e+01 1.1839652503776412e+02
    3.1169738310046156e+01 2.3879197568552698e+01
    -6.0557846623692733e+00 2.2379761974990448e+01
    7.4694613418447247e+01 -3.8324364211403513e+01
    -6.8781252669538134e+01 9.1261584810140704e+01
    6.2792501327140826e+01 -1.3089855695591318e+01
    -6.6041932793930059e+01 6.2273478595122121e+01
    -1.4793275828450948e+02 -7.7882230639075701e+01
    6.3113874105610259e+00 -1.5744150744770994e+02
    -3.6623720948033977e+01</data></s27_5>
</opencv_storage>
