<?xml version="1.0"?>
<opencv_storage>
<s28_3 type_id="opencv-matrix">
  <rows>200</rows>
  <cols>1</cols>
  <dt>d</dt>
  <data>
    -9.2178584021122936e+02 -8.4127842939398590e+02
    -8.5381737813821587e+02 -2.2732587801973150e+02
    -2.0181700458324431e+02 9.2201547603652966e+02
    5.1487303598704739e+02 -7.6613073696699416e+02
    1.1284650060029340e+02 -2.6943486404776741e+02
    -6.5579898917273329e+00 4.7991516818003049e+02
    9.1253001651961640e+01 1.4680302902425083e+02
    -7.5072119840783472e+01 -2.7197418691081072e+02
    -3.7582758208702444e+01 -1.0183297080838132e+01
    8.8626215779461276e+01 4.1213588122768562e+02 3.9068631810945749e+02
    -1.6239371563035928e+02 1.5178463359068118e+02
    -4.9174902015241571e+01 2.1876534018722859e+02
    2.3491037787376163e+02 -1.6547388531730999e+02
    -1.1767169245126976e+02 1.2837508095447700e+02
    5.2657545981061403e+01 -2.7065728886912223e+02
    1.1265105743927067e+02 -4.2733123493301882e+01
    1.8348057961503534e+02 -1.4116862395789315e+02
    -3.2457296191305737e+01 -2.4533743126207742e+01
    5.8672145879793021e+01 1.9990859613308783e+02 4.1160729707938088e+01
    -5.5184038231033078e+01 2.9674391541152113e+02
    -2.3852692046400622e+02 7.5833607041992593e+01
    -1.1940856129024486e+02 1.3409077523579776e+02
    1.1266943284948786e+01 -1.1292867716937094e+00
    9.9059107196896321e+01 -3.7715474787672711e+01
    -1.1031780442390136e+02 -8.8439397235439912e+01
    -3.0386812999864605e+02 -1.8870465306610024e+02
    3.0373817349811003e+02 -3.2043795761049672e+01
    -1.0136312720131190e+02 5.4750507227389988e+01
    -2.2082162174284744e+02 1.3173247810468985e+02
    1.0199741737814945e+02 -1.7792780391860181e+00
    1.0546776447868453e+02 -7.2541185487588265e+01
    1.8063076807517319e+02 9.3810941016040843e+01
    -9.4442544912579478e+01 -1.6250904988075800e+02
    1.2123414845225091e+02 8.5617776511073146e+01
    -9.1414791312264725e+01 4.8551262024118238e+01
    7.9236540276006437e+01 8.4744837697108125e+01 9.9746517582070055e+01
    -1.5414823873131240e+01 -1.1327630331203888e+02
    4.2901415155734677e+00 -5.1281100938972500e+01
    3.7511613856087166e+01 -1.4730457362174900e+02
    -7.7418021375126571e+00 3.4749166755534901e+01
    -1.9271505311352018e+02 -1.8706351855803811e+02
    6.4430234191661270e+01 1.9535591849718793e+02 1.7995341004850712e+01
    1.4580814434292044e+01 -8.2687692969546973e+01
    -2.9603905559471542e+01 3.8944148881167365e+01
    -2.6343351474196840e+01 8.6040983512298695e+01
    1.4928300224284203e+02 6.9113732034082901e+01
    -2.1368017564854991e+01 -5.5632259183502541e+01
    -5.2382134716206068e+01 -9.0180853901579027e+01
    1.0675999682649341e+02 2.0416706032798416e+01 8.3686434343834151e+00
    1.3854169378106795e+02 -1.2030729444009997e+02
    1.1041056792370242e+02 -1.5909695648681497e+01
    -9.3610371337358231e+01 4.5038369908198263e+01
    1.1470582046481630e+02 1.0532294958806341e+02
    -1.0818819973070882e+02 -4.1398901112009927e+00
    -3.2855329117273691e+01 -9.5018530976229087e+01
    5.8374468443068551e+01 4.3695284295569344e+01 2.9761470450600861e+01
    6.8054178782574638e+01 5.8051473737801587e+01 3.7504838311629696e-01
    5.3405512741004326e+00 2.6784044450107995e+01 1.2411633705667694e+02
    -6.1269475707007999e+01 7.1953143261198377e+01
    -5.2134195269286465e+01 -7.6022985395140552e+01
    5.0382642138131310e+01 -5.0995542520857505e+01
    -9.4170237691622809e+00 4.2168488236412234e+00
    5.1978542114313617e+00 1.1230821418710741e+02
    -5.3690943499538164e+01 -2.6340434988345937e+01
    -1.6411775496433535e+02 -2.3622026706263132e+01
    -3.3436325615452979e+01 -2.9155090514269144e+01
    -7.5358763980131641e+01 5.8484793961908368e+00
    1.1048327538243174e+02 8.4803435290014249e+01 9.1679301249121536e+00
    -5.6960442256395510e+01 -4.0911446698946293e+01
    3.6171891854964592e+01 1.7471651424368332e+01 1.1457779124080426e+02
    -3.7533934508723156e+01 1.9830493408660921e+01
    -4.0955348300131988e+01 -3.7241389875316550e+01
    -2.6246881846173729e+01 5.2954108844473723e+01
    6.8611533485046962e+01 -1.1173160533139884e+02
    -8.0501360207988224e+00 -2.9354073832940376e+01
    -3.4564529867108533e+01 4.1329820068823409e+01
    7.5182500626102467e+01 -2.3112583955883026e+00
    -7.2226092729409856e+01 -1.0797132063418630e+02
    4.3678851758105559e+01 1.1077539900829827e+02
    -2.2308333024328356e+01 4.8118361847729062e+01
    3.3355005871634489e+01 -2.4046376736075302e+01
    -5.6756035287557161e+01 4.6198882502796863e+01
    2.7542534090863118e+01 -8.1791756058988128e+01
    -1.4771245650143544e+02 4.7640889037290997e+01
    7.6167309435599932e+00 -1.4477917455168449e+02
    1.4185075573032000e+02 6.0069278719216690e+01 6.5110109628005233e+01
    5.1216901156193885e+01 1.1445558288519811e+01 9.0454681096161991e+01
    6.4683858599489412e+01 7.4910132827292202e+01
    -2.0054828163522039e+01 -6.5444751724588713e+01
    6.4292089285573155e+01 5.9736311953213878e+01
    -2.6061347952457140e+01 -8.2970402435689351e+01
    6.0778047811877066e+01 -1.5962095524172091e+02
    -6.9646801585595142e+01 -1.0871622072513667e+01
    -1.3800994255593781e+02 -5.0050454946458336e+00</data></s28_3>
</opencv_storage>
