<?xml version="1.0"?>
<opencv_storage>
<s28_2 type_id="opencv-matrix">
  <rows>200</rows>
  <cols>1</cols>
  <dt>d</dt>
  <data>
    -9.2334861237337100e+02 -4.1240329874953022e+02
    4.9411004519669001e+02 -9.0237266636497827e+02
    1.7917135764933593e+02 2.8615246566394330e+02 5.8129320083272830e+02
    -9.2486677419866896e+02 -1.2900463109130041e+02
    -2.8134570878241232e+02 -3.7652454013848575e+02
    6.0589914944581813e+02 -4.7948694395607546e+01
    1.6982063818304107e+02 -1.1715807563646352e+02
    -3.9235376949921459e+02 2.7755089642560307e+02
    -2.0647271660641775e+02 -2.7163380906645125e+02
    5.0316402042127908e+02 1.6331716281209961e+02
    -7.7511233555693806e+01 -1.1557004177713374e+02
    1.9510308194001522e+02 2.4587988049454970e+02
    -1.3680581809470874e+02 -5.7959008193008231e+02
    -1.3100242270694267e+01 2.9381339525346100e+01
    1.9498318585783414e+02 -3.3763628145823994e+01
    -5.5773623761838330e+01 1.1001918464549182e+02
    -1.3344527488272758e+01 1.0345762221403537e+02
    6.4367231223828497e+01 -2.1512191789416187e+02
    2.6001905960881322e+02 6.3367015286094322e+01
    -1.8295767648836340e+02 -9.5994369065895910e+01
    1.2822826386843809e+02 -2.3699041401009723e+02
    -1.1839015506150004e+02 3.5996374753969093e+01
    4.4567133354772619e+02 1.4715673333575623e+02 7.5741833165041982e+01
    -5.7293024343465234e+01 8.4273371076566761e+01
    -3.4563357558684210e+01 -1.0149224149106257e+02
    -1.8038684563772918e+02 -1.8018099900803804e+01
    1.5824699162992238e+02 -7.4709866765103641e+01
    -7.5764987862459279e+01 -9.6352487515615351e+01
    -9.1670744699600874e+01 -1.5548465319429860e+02
    1.9666775490944835e+02 -1.0076125426912776e+02
    -2.0561213588167334e+01 4.0994108473337022e+01
    -2.6495995695631933e+01 -1.9966182265475570e+02
    -8.6857799458904708e+01 5.1387692746014835e+01
    -2.0477502878099312e+00 1.5915562455273383e+01
    -1.5123518329460467e+02 -7.5096651443456352e+01
    6.4876972806249739e+01 -5.7902012817676521e+01
    4.0483112164871301e+01 -3.9662620801117711e+01
    1.3322153160562314e+02 1.8667668628446117e+02
    -3.0406633632708292e+01 -5.1814289785642039e+01
    3.1828459757590446e+00 3.8790941544797008e+01
    -6.7492569383958241e+01 -8.4442590588951688e+01
    2.7317538624314547e+01 4.8548232454231970e+00 3.7712785743533273e+00
    3.8678073629212655e+01 7.1733776902091734e+01
    -1.0720191109616285e+02 1.0157683399180614e+02
    4.4117408579024200e+01 2.6895446746064632e+01 1.6550151075474378e+02
    2.8676243440214112e+01 -4.5956760008625160e+01
    -2.9220109497711562e+01 3.0230384199731056e+01
    -1.1093549634793534e+02 -1.5260707158453707e+02
    3.9737269121341012e-02 -6.1653544149690127e+01
    -8.6567770496326119e+01 1.2089074690496054e+02
    -5.4223697293009849e+01 9.3907231279250695e+01
    7.0691944240831333e+01 2.2418956634049959e+01 6.5027999482821002e+01
    -7.0514049334942595e+00 9.3150349957884259e+01
    -8.6027679189852151e+01 -9.5870314508088853e+01
    -7.6611486226285876e+01 -1.0459186452631078e+01
    -6.0655817955778979e+01 4.6674680477449378e+01
    1.4873076608847239e+01 3.0832883454463580e+01
    -1.3624898818647958e+01 -8.0289086371236840e-01
    6.6530156094293091e+01 -6.7070081280308486e+01
    1.2797815480671598e+02 -4.6586425489711331e+01
    -3.0536604105654902e+01 -6.9520150888734136e+01
    -9.0913744679551570e+01 8.6510939385146060e+01
    2.4189770147519303e+00 1.6226707549594657e+01 2.5491889233690557e+01
    -6.7362348640933130e+00 6.3402702018249464e+01
    -6.4109097886755478e+01 -1.0771772954944973e+02
    -9.9174192345672068e+01 6.5824854068329888e+00
    -8.0662189429277390e+01 -1.1585693188506724e+01
    -1.2583888816082982e+01 -5.2283710496861076e+01
    1.1628965469799581e+02 4.9366010775592173e+01 3.4147570239551821e+00
    -3.5482138666596960e+01 -2.8036200961512485e+01
    5.7103097811804968e+00 -1.1257339174774400e+02
    6.1152415622911299e+01 -8.6919927275589458e+01
    -1.3021604948470495e+01 -1.1217157713153721e+02
    -8.9171197674290937e+01 2.0633784994835231e+01
    -3.0566516007624820e+01 8.2930423358121786e+01
    -4.9140369658791037e+01 -1.1234479182371347e+01
    6.7880206641053391e+01 -7.6218923715835899e+01
    -2.0095629438257998e+01 4.4374552752222783e+01
    5.8811164932387264e+01 -1.7947538189927194e+01
    -2.2688581031584044e+02 1.0189415625629942e+02
    5.6156902942749412e+01 -4.1437510545737688e+01
    -1.1721762404981421e+01 4.9593264874789895e+01
    -2.5816527834712481e+01 -6.1276340960555075e+01
    3.3139115285515032e+01 1.6268747896632969e+00
    -1.0892063899569357e+02 -1.4990738201198391e+02
    3.5508532698347572e+01 2.9820738051904105e+01
    -1.6336146858256774e+02 1.6374316727048890e+02
    1.3452884873527870e+01 4.7536668066733462e+01 1.3723427439918472e+01
    2.4770867908724856e+01 6.0558796468958136e+01 2.8696593280017659e+01
    7.0957527544086915e+01 -6.2496496266884982e+01
    -3.4762846072651122e+01 7.7824325858462771e+01
    5.5030880001250104e+01 -3.8645503026639091e+01
    -8.4496886737083358e+01 4.0209692037013845e+01
    -1.5079103740509257e+02 -7.1420569047647419e+01
    -5.7231296331203918e+00 -1.4245149055366892e+02
    -1.6095088644349802e+00</data></s28_2>
</opencv_storage>
