<?xml version="1.0"?>
<opencv_storage>
<s28_1 type_id="opencv-matrix">
  <rows>200</rows>
  <cols>1</cols>
  <dt>d</dt>
  <data>
    -1.0525184445868515e+03 -9.3790878965531317e+02
    -6.5974731990707323e+02 -1.2483412111876336e+02
    -3.2373880845476089e+02 8.6576789909947138e+02
    3.7089025005902386e+02 -7.4738283629363866e+02
    9.5552526659618692e+01 -2.7036607496961437e+02
    1.2964710689980619e+01 5.6314996829545350e+02 1.8231756600890566e+02
    1.9548941367178679e+02 -1.3846117158080520e+02
    -3.1844181952719839e+02 1.2452937703047489e+02
    1.1151729470232672e+01 7.9714874810189130e+01 4.3783282385841375e+02
    3.3741154686536851e+02 -1.0613076679992405e+02
    3.7046053661190660e+02 2.3721879730994345e+01 3.6229135756802879e+02
    -7.1552582749869018e+01 -3.8542384331405310e+02
    -1.1033337743799223e+02 2.1295887248825778e+01
    1.7024045357492315e+00 -2.2485849083785249e+02
    1.6267031983076922e+02 1.5211890215671778e+02 1.4290296671217808e+02
    -3.9167672586391291e+01 9.0455639035543925e+01
    -1.0599153889494212e+02 -2.7027676530117756e+01
    7.3500279438532544e+01 9.5740911560564172e+01
    -3.6210537862096057e+00 3.5002457976676915e+01
    -1.3015931566898493e+02 2.4632929375887365e+01
    -1.6236502380260455e+02 1.6667711643270241e+02
    2.0237661925337868e+01 9.6406436415112950e+01 6.5562231493387927e+01
    1.1908193430377655e+02 -3.5711236672497762e+01
    3.6946000208306607e+01 -1.8452932253282290e+02
    -1.1017005553013705e+01 2.1893621406437015e+02
    -9.4751592037130806e+01 -9.1515516703400010e+01
    2.1305449911943121e+01 -6.4687995571427983e+00
    -1.7046550253953168e+02 2.3778463731384768e+01
    -2.1543420099228669e+01 4.8201348141620763e+01
    6.4120924681407239e+00 1.6704472748637951e+02 7.6678627528816733e+01
    3.5250038826111712e+01 -8.9676888444167432e+01
    -8.7304014921576368e+01 -6.9160638394982087e+01
    -8.5524247380036371e+01 -5.6406622663466592e+01
    1.2540911774174695e+02 1.5156354779837059e+02 2.4735964084399905e+02
    -6.5420047509410537e+01 3.2551979792822465e+01
    3.7108572431627266e+01 -6.8162578789330922e+01
    6.6729592335494079e+00 -5.1907926324473372e+01
    8.2125239279307792e+01 -5.9238988856413407e+01
    1.7555713339078800e+01 4.9791154145880014e+01
    -8.0423819838153932e+01 6.7602156111784169e+01
    5.2074606750478708e+01 -5.9626926781270434e+01
    -2.1093053109978609e+02 1.5764518673772876e+01
    1.3929174722770057e+00 2.5850505569748204e+01
    -1.4671519307299377e+02 6.4005839856020572e+01
    -4.9344993903592815e+01 8.6518513136582158e+01
    -2.9793418673965277e+01 2.0629462197227845e+01
    -1.9880191223695462e+01 5.2875962519228423e+00
    -2.3408612632446037e+01 -5.7946837726167360e+01
    4.6285726637975655e+00 -1.1250037924477266e+02
    1.9511552920601810e+02 1.1514533199005925e+02
    -8.2285735371713173e+01 5.2029938421390661e+01
    9.7169636828395625e+01 -7.7770506389773786e-02
    -1.3269634572834731e+01 -9.4835063354274439e+01
    -1.3369922019269544e+02 -6.9678140028526784e+01
    -3.7338036380062509e+00 4.1133218114715886e+00
    -2.6358625536767825e+01 3.6008145383203903e+01
    -5.8694166782235946e+01 -8.8415255981435109e+01
    7.3306135011845754e+01 1.6315929585125733e+01 1.2770986526652315e+02
    -4.2077320401957987e+00 3.9773658002694276e+01
    1.2149930275772954e+01 -8.2541432413176338e+01
    1.2106790998739288e+02 -6.1779646681814484e+01
    -5.5295417792432922e+01 1.3468743820877802e+02
    9.6693356191239758e+01 6.6340805941711992e+01
    -1.0067676223849082e+01 -7.6485086008339707e+01
    -7.4916949120514062e+01 3.5861665328324960e+01
    -5.2253936562687464e+01 3.1907821429333785e+00
    -4.4492889974025033e+01 -1.3282550087379082e+02
    7.0166247869766664e+01 4.3987561890188672e+01 8.9020171683428842e+01
    -8.0975231329611177e+01 -3.2710349053284475e+01
    -3.1042430037678939e+00 -1.2679619634930080e+02
    -2.6984177028206204e+01 -4.3172770701929906e+01
    -6.5612008480957424e+00 -8.8171964879146785e+01
    -1.0397292405611014e+02 3.3871404720274647e+01
    -5.3285908064138688e+01 -2.2466596007643155e+01
    -9.1831395252715737e+01 -1.2994463363824656e+02
    -8.9973265310460615e+00 1.5707151393409928e+01
    -2.6713862065353400e+01 1.7940337113830157e+01
    -1.0408923614195668e+02 1.9819074499960870e+01
    -1.4766837140142960e+02 6.5545061070373862e+01
    9.1895365727398158e+01 -1.1160264477618815e+00
    8.0656197612952916e+00 4.8300920145001044e+01 4.6879395072741346e+01
    2.4628782410298626e+00 3.2978537342341681e+01 8.3956520861269468e+01
    -4.1258496107819234e+01 -1.7588946517499431e+02
    6.2059627433961033e+01 9.1386201957809448e+00
    -1.7482947598722416e+02 1.6623748700771017e+02
    5.2605343109954305e+01 3.6831964819416235e+01 6.8263357636775282e+01
    4.0455795097853695e+00 6.5561110706151055e+01 2.2668389055981031e+01
    7.5108627286060198e+01 -5.3455113409298278e+01
    -6.8514925087156968e+01 4.8107470924966869e+01
    5.5023936871401418e+01 -2.6584386023716576e+01
    -1.1342249239080373e+02 4.6827454454111368e+01
    -1.4912730920693417e+02 -6.3250807196228074e+01
    -1.1163416492850162e+01 -1.5300028765706219e+02
    5.5854489309113147e+00</data></s28_1>
</opencv_storage>
