<?xml version="1.0"?>
<opencv_storage>
<s28_4 type_id="opencv-matrix">
  <rows>200</rows>
  <cols>1</cols>
  <dt>d</dt>
  <data>
    -9.4334315042258447e+02 -1.0438982409690102e+02
    3.2734941512682020e+01 -7.4912048515561298e+02
    -1.3375614633762359e+02 2.3189193896431581e+02
    3.2578885947147131e+02 -1.0371146779981475e+03
    7.2506104467851642e+01 -3.5508014752041225e+02
    -6.3051816788335589e+02 4.5997986887892426e+02
    -3.3791069964777046e+02 4.3730197684664057e+02
    -1.4817494497118562e+02 -6.1697870657672865e+02
    2.1898498607295892e+02 1.2161385700024240e+02 3.3331810015809947e+02
    4.4062204993588449e+02 2.8922203027165159e+02 9.0969618146039323e+01
    -8.3162312731036963e+01 1.4729945591889010e+01
    -1.1862162897442840e+02 7.8118867618342762e+01
    -2.9252663466265932e+02 5.9506909901132843e+01
    3.2611185379479934e+01 3.0738870502321188e+01
    -2.0536527884314870e+02 1.5479863290017772e+02
    9.4949768350971524e+01 1.2672337246836759e+02 3.4183260876516151e+01
    6.1958755900802736e+01 3.6972323605408818e+01 2.3808220248422276e+02
    -2.1236275819187344e+02 -1.3054356328923768e+02
    1.4247824279112171e+01 1.5339876643620363e+02
    -2.6369396049664931e+02 3.2170022466706325e+02
    -2.0527359994603208e+02 2.7755646633381440e+02
    -1.0023445596509333e+02 -1.4884469208771279e+02
    -8.8502561777075996e+01 -1.6285605124924129e+02
    -2.2255554170034547e+01 -3.0557815806676025e+01
    1.4799837699016220e+02 1.3427231927493378e+02 1.0662478612283391e+02
    -2.5009410547631788e+01 -2.3901807810236454e+02
    9.9676289446471927e+01 -1.9973575905066758e+02
    7.2135523203589131e+01 4.2936038026653897e+01 7.3233751600969185e+01
    7.3305081119471680e+01 2.4956296208629489e+01
    -1.9237239798259600e+02 -1.9053383142713426e+02
    -1.7583404589991429e+02 -1.1290306253559156e+02
    -3.3352298003898926e+02 1.4515989954358358e+02
    6.9574698192750262e+01 -1.2788935710091268e+02
    -8.3192826775361269e+01 1.5649265248185094e+00
    1.2652366611095271e+01 -2.8400910325232030e+02
    1.4365314262681494e+02 1.0446849191768769e+02
    -2.1324633740992545e+02 5.9762275020271360e+01
    -8.6589217226962518e+01 1.3372574265507126e+02
    1.2649885089946309e+02 -9.4858463753360184e+01
    -4.6175675576078454e+01 -6.5934480557124346e+01
    1.5559921138277207e+02 6.5131967391669292e+01
    -2.6967414166479880e+01 -1.5038304041125943e+02
    1.2904002048680891e+02 -5.1423608585274430e+01
    -3.5296794934919838e+01 -2.8948014910231198e+01
    2.2824569225756552e+01 1.8272242505991130e+01 8.7031053934341401e+01
    2.8682074985059973e+01 -6.3341502819338707e+01
    -3.3075507002830513e+01 4.9203602358591027e+01
    -1.1012911734996198e+00 1.3035789261842612e+02
    1.0410975578627591e+02 -1.6081130239733798e+02
    2.8341791939142929e+01 -1.5205812961376378e+01
    1.1967915918674537e+02 -1.0922388213461174e+01
    9.5157859376229041e+01 4.4235461840504193e+01
    -9.3259098384842218e+01 -9.4962822591899823e+01
    -7.1107577249796833e+01 8.1111653630327964e+00
    -2.8165464184635479e+01 1.4347105376483260e+01
    1.8784220676852751e+01 1.1713461057460637e+02
    -7.4652488682284766e+00 -8.1098206932273804e+00
    4.7570327715416298e+01 7.3164745254800977e+01 1.1582996831593806e+02
    3.1338978939815306e+01 5.4089917443137345e+01
    -6.2344080739462008e+01 -1.2688410204354200e+01
    9.6995546204252577e+01 -3.7975987899512312e+01
    5.3430136138148594e+00 1.0825825192245121e+02 5.3305615757719600e+01
    9.1139630481197685e+01 -3.7579315865075023e+00
    -6.3698161299772295e+01 -1.2024075777433583e+02
    5.4271656208906862e+01 -3.9523751474551524e+01
    -1.8586406502810654e+01 -6.0176336901367165e+01
    -9.2196215928125540e+01 7.0221475394359601e+01
    3.2301940461429204e+01 7.4308025225382423e+01
    -9.9405336170034985e+01 -1.1778819697845432e+01
    -1.7460642794114129e+01 -2.8065318029479414e+01
    7.6539807376765395e+01 -4.9751936627181365e+01
    2.4098983937294292e+01 -1.1214562240579409e+02
    -6.6551984278933872e+01 -6.3802925228997065e+00
    -1.8775383338319362e+01 4.1163468190359467e+01
    -8.3144695007355139e+01 -4.3573312606006311e+01
    -2.4986774263248654e+00 -1.2813746284289444e+01
    5.8282613864861482e+01 1.3004543870019873e+01
    -3.7868794183128422e+01 -5.3445106466442979e+01
    -1.5185374081388036e+02 6.0317018266563615e+01
    1.1137062221421817e+02 -5.5855011609484322e+01
    5.4339299167575604e+01 4.4819059907650974e+01 1.4717770669514714e+01
    -4.9511718470528258e+01 4.2640672909849727e+01
    5.0214252929321809e+01 -6.8489160077868476e+01
    -1.6672713154238335e+02 4.6362848343629871e+01
    2.7576093929322123e+01 -1.6222064498331818e+02
    1.5687614664610547e+02 5.8497693777810305e+01 4.1018555965569085e+01
    5.5873830008276421e+01 -6.6874415123208939e+00
    8.0633569485258192e+01 4.3212973482562120e+01 7.6154808613928495e+01
    -4.4801757779320333e+01 -6.6683397138982755e+01
    6.9481691451242085e+01 6.5006824855884560e+01
    -1.5214473015882339e+01 -8.2472002500540441e+01
    5.3438072525859937e+01 -1.5838209206766277e+02
    -7.8232928892557510e+01 -7.6254071663819829e+00
    -1.3717020843550918e+02 1.9775801828481367e+00</data></s28_4>
</opencv_storage>
