<?xml version="1.0"?>
<opencv_storage>
<s28_5 type_id="opencv-matrix">
  <rows>200</rows>
  <cols>1</cols>
  <dt>d</dt>
  <data>
    -1.0687217814121930e+03 -3.2514927657049509e+02
    3.5882426130692301e+02 -8.2503227280351734e+02
    4.7586660236203457e+01 2.3848333206183909e+02 5.2772662707239658e+02
    -1.0024545355066432e+03 -1.1485076332901853e+02
    -3.3274079565450609e+02 -4.5248871924565282e+02
    5.7992461937913549e+02 -3.0838793237035176e+01
    2.5259671539782761e+02 -7.4901373414846660e+01
    -5.1972770414342722e+02 3.2152568617389960e+02
    -1.1571231458789558e+02 -1.7966821359873333e+02
    4.7693769226592224e+02 1.8228759310957830e+02
    -4.1090582208209078e+01 -1.1060394735737603e+02
    1.5130576897355064e+02 1.3240099977034859e+02
    -1.2226612611426148e+02 -5.0591052501653678e+02
    -1.1842651135529039e+00 1.2746368992497591e+02
    1.3659364131285196e+02 1.5405731489363756e+01
    -1.0777887825126831e+01 1.9381566790999543e+02
    1.2610570514731387e+02 1.1713335216058633e+02 6.2757372752025610e+01
    -1.3895093907617095e+02 2.0702340426687991e+02
    8.0459388283837683e+01 -1.7675734225832844e+02
    2.1018169833609285e+01 8.7132646878785806e+01
    -2.8247116182126979e+02 -8.7609368628692735e+01
    2.6601277597792279e+01 4.4782718855016316e+02 2.1127447089738416e+02
    1.4324634735073769e+02 -4.5987260788779338e+01
    7.6682089866194136e-01 -2.3058263027898271e+01
    -1.2365016994019552e+02 -1.6757701730253240e+02
    -2.9048734813266055e+01 9.7380319216035673e+01
    5.8747817403168314e+00 -6.3364404559854897e+01
    -6.8944855050346376e+01 -1.4058336147928230e+02
    -1.8748237792202920e+02 7.6923037850672955e+01
    -1.5596930551718506e+02 -5.8590459868502975e-01
    4.2172641365102507e+01 -1.6604052900817660e+01
    -9.1006931868531638e+01 -1.9225648987354013e+01
    7.5212891678734948e+01 -1.4399577918747431e+02
    1.0733483582006367e+02 -8.6171351382456592e+01
    -1.1129341786884005e+02 1.0526637914636206e+02
    7.0640363711723282e+01 -4.2423097389227905e+01
    -5.5304025221921606e+01 6.5315587792334512e+01
    7.4024691460075402e+01 -8.5863530026086650e+01
    -5.8734100412838060e+01 4.0257389856183025e+01
    1.5383741424907311e+02 -4.9820237572519602e+01
    -2.6432297307631380e+01 4.8875386752053714e+01
    -4.0345668977589746e+01 7.6204165229778509e+00
    -1.3139728929320219e+01 9.0930024573014833e+01
    2.4605030444037343e+01 -2.1087054114908945e+01
    -2.6754516714444115e+01 5.1693389968620785e+01
    6.2274310114513561e+01 2.7766805335652549e+01 1.1938595660318287e+01
    9.4217401801313130e+01 -4.7965330965970352e+01
    -1.7971943014952934e+01 -1.4255541093369121e+02
    1.0554176844184870e+01 -9.7038993533630475e+01
    -4.1033278078696334e+01 1.4589872679142207e+01
    -6.7165150093638132e+01 8.6071093986542593e+01
    1.4866917872275135e+02 -1.5192577337734539e+01
    1.3092556243726148e+02 5.3166022492601748e+01
    -1.0843023497536841e+01 -1.6614448297731661e+02
    -5.8266275570731878e+01 -1.6398839521374211e+02
    -7.2063735129350075e+00 2.2794511505181546e+01
    4.3615629514581599e+01 5.7024097604582977e+01 6.6616150878828748e+01
    -3.2172255822941558e+01 -8.8160119245515190e+01
    4.8593083719546946e+01 5.7995704657295342e+01 7.8574538589671448e+01
    -8.0385934991845659e+01 3.7747731179847833e+01
    -1.8213718884449424e+01 -1.0043277416249461e+02
    3.0460288161385257e+01 -2.5582153714364704e+01
    -4.4261912025954373e+01 5.0601857772220612e+01
    8.2452020543463362e+01 9.7948896990372702e+01
    -8.3722629453505959e+01 -1.3662913427769117e+00
    -1.2111475484131122e+02 1.1812248169391530e+01
    2.8726054128888547e+00 -1.0328983378367296e+02
    -4.2550959215514681e+01 -7.5576987010628372e+01
    9.7065007005245064e+01 9.0214761932884315e+01 1.9289406583990196e+01
    -6.4986395972173398e+01 -3.7845989747865410e+01
    6.5187915063488866e+00 -2.9981355559404872e+01
    1.5300774068007874e+02 2.9227378453023278e+00 3.0523462233143597e+01
    -4.3145674444164150e+01 -3.7745586211941218e-01
    3.6942252716680377e+00 1.0649882585908502e+02 4.5860019527610369e+01
    -4.2101395337291017e+01 -6.3637586307532018e+01
    -4.5788163701140874e+01 4.5390102263214004e+01
    7.5673882229399311e+01 1.9253191543284835e+01
    -9.1576169258970282e+01 -8.5691045001787742e+01
    -4.4385728051553052e+01 -5.2359338648537337e+00
    1.5156076377333136e+02 -6.0099827837822630e+01
    8.0389960773854909e+01 5.2329339289513065e+01 7.2617323267550091e+01
    -1.0534674263449425e+01 2.9576707558190134e+00
    8.5628699711868464e+01 4.7083393353848391e-01
    -1.7591974958757092e+02 4.1088549960792051e+01
    1.5049350808563981e+01 -1.0641754737653835e+02
    1.3144796318058533e+02 6.2816124471475085e+01 5.6558476516228311e+01
    9.3947752497221515e+01 -6.4287162130343177e+01
    9.0232156641515971e+01 5.4521843625849115e+01 4.9334038635877100e+01
    -6.4535009534029912e+00 -8.3307851506187589e+01
    6.8534507743232766e+01 6.3404058775512503e+01
    -2.7163504743282793e+01 -7.8713310764774860e+01
    6.4800334497005835e+01 -1.6452550828269153e+02
    -6.7883169940304896e+01 -7.2424784948557877e+00
    -1.4024386051819400e+02 -1.3957023118724461e+00</data></s28_5>
</opencv_storage>
