<?xml version="1.0"?>
<opencv_storage>
<s29_4 type_id="opencv-matrix">
  <rows>200</rows>
  <cols>1</cols>
  <dt>d</dt>
  <data>
    1.4587001162015497e+03 -5.8920283085626352e+02
    1.5388878112124937e+02 -5.9648159426633356e+02
    -3.7731739852934629e+02 5.6017576291143507e+02
    -3.8040908142740243e+01 -5.3615356006559057e+02
    -2.0435219967344341e+02 -2.2631856040658217e+01
    -5.4718090163202028e+01 4.2102176673787790e+02
    1.7483802458606760e+02 1.5348396586464384e+01 1.7654220331576744e+02
    -7.0791262543322910e+02 5.8858911672644149e+02
    5.4193931712636640e+01 -3.9357115613013697e+01
    2.6287187954002394e+02 5.3168921010890438e+02 1.0097930744025820e+02
    -1.0200203966677179e+02 2.2958572561626931e+02
    7.3052868497072083e+01 1.3357767249388584e+02
    -4.0643629074338099e+02 7.5227311793584434e+01
    4.7731574892650080e+01 6.9445301775294681e+01
    -8.9587923209085801e+01 1.0122213747172349e+02
    -2.0920996202006307e+01 2.6545998235314750e+02
    1.8022623536448410e+02 6.6846763713236257e+01 2.0585591930950130e+02
    1.8842075889755316e+02 1.9875624347337725e+02
    -1.3726679370823757e+02 -5.7482418290659183e+00
    2.9672828067689920e+01 8.8529389110895224e+01 2.2978103089322062e+02
    5.8332124295313371e+01 1.0297851366680356e+02
    -1.1980589098693169e+01 -1.0746118279810909e+02
    -1.5425992666337962e+02 -4.5450625613929695e+01
    2.5775887867350612e+01 -9.9450883460306628e+01
    -2.0067291000022129e+02 8.6415260071832609e+00
    1.6541331393211223e+02 3.7221731697920326e+01
    -1.6114809898814437e+02 -4.0666714612474181e+01
    -3.0400227689675532e+01 -1.9296135402876931e+02
    9.8376439131128421e+01 2.3430014603320046e+00
    -1.1661826338765499e+02 4.8846295205302148e+01
    1.3830459143272878e+02 8.6067224624446752e+01
    -7.8864980331215861e+01 8.9630865965665762e+01
    -6.2435190741588805e+01 -9.7077097896471045e+00
    1.3943449678784313e+01 -1.2085754613169283e+02
    3.4129170362721993e+01 -1.4536862462724189e+01
    1.2756138957394531e+02 -2.4669678008584532e+02
    4.4480324502267898e+01 2.1539819466398768e+01
    -4.7824203969177347e+01 1.4219653322492522e+02
    -1.4505313567248280e+02 1.5327822794527791e+02
    -3.5140834745647098e+01 -9.4656233896566278e+01
    7.0767628770461499e+01 7.0642693408738737e+01 6.6432959354460834e+01
    7.2381178439693059e+01 1.2008533997240752e+02
    -1.5006306359045587e+01 2.3103698427922822e+01
    5.3663127243699948e+00 5.0966256155021043e+01 2.3536973644979451e+00
    1.1669448145973155e+02 -7.3428756316927064e+01
    4.7996591424226018e+01 -1.3269658790348362e+02
    6.1916702898599382e+01 -4.2632476344018137e+01
    5.7891248735710512e+01 -4.7563200352152784e+01
    -2.7502315558302627e+01 9.3403548011607327e+01
    -5.2943768185059106e+01 1.4860539439453314e+02
    -9.1078301617859925e+00 3.0181512574851713e+01
    -5.0877624613359387e+01 7.2505183381243924e+01
    3.6883653400703096e+01 -6.2434593826334314e+01
    -1.0670307379082044e+02 -1.1562459368316082e+02
    6.0515337893610777e+01 -8.4990228840550884e+01
    -7.5265725699051785e+01 -4.5783998148612888e+01
    4.3715535452244026e+01 -4.1742014902517056e+01
    -9.1764154620289879e+00 1.8703147383883845e+01
    2.3054055109106805e+01 2.4686184455967943e+01 1.1322060174277073e+02
    -3.2204059980856513e+01 -9.7975684936371110e+01
    -6.1293271775935345e+01 -4.2956940169250126e+00
    -1.5332224481767221e+02 -8.5180998905569126e+01
    1.5144285184052290e+01 6.9253444543472051e+00 6.8791367319892785e+01
    -1.0020979566602074e+01 2.5186349168236557e+00
    -4.3380135608543000e+01 -3.3992933708879242e+01
    -7.4433716798396205e+01 -2.8272239765078240e+01
    -9.2042206309339747e+01 -3.9918027640371101e+01
    9.3218733052736084e+01 9.6450527411732850e+01
    -7.9250961433595364e+01 -4.0878571471763586e+01
    -2.3621068214118754e+01 6.5956213819722251e+01
    -4.0086881083364844e+01 3.1006090089397805e+01
    -1.0754384343070333e+02 2.0602719753780384e+01
    -1.4655104288770307e+01 -3.5891596466933812e+01
    7.4868857606897103e+00 -1.8300782302895222e+01
    8.8935558035284330e+01 -3.8152332126840037e+01
    -3.2890720934981147e+01 3.3806567904012773e+01
    6.3641044134479415e+01 5.3701179116931634e+01 5.4253999600531628e+01
    -2.3579168066395340e+01 -3.7357798008496488e+01
    -1.2799940780845924e+02 -5.3311584692766614e+00
    1.0646630062743108e+02 -4.6107818796620052e+01
    -1.3658487900924274e+00 6.7954403594337236e+01
    2.9276099650990947e+01 -3.6102387257199283e+01
    2.0439459720302736e+01 1.5213426891552068e+01
    -8.9022973098860319e+01 -1.6571480868581025e+02
    4.6798229783182371e+01 1.1586337001258766e+01
    -1.1361234177630797e+02 1.7750914942442898e+02
    5.5371049657872192e+01 4.6402575217216906e+01 7.6772112828917216e+01
    -2.7553586582508416e+00 5.5936488900731518e+01
    7.0159518841964740e+01 4.2023397991330029e+01
    -5.7740319550469245e+01 -5.9242495971428177e+01
    6.2050649742602680e+01 7.7281506907481003e+01
    -2.1616593463658155e+01 -8.3781342937600328e+01
    4.0114961800865558e+01 -1.5835939588611080e+02
    -7.1161618788117764e+01 -9.7267277875736315e+00
    -1.4036265116339629e+02 -8.5188592474163602e+00</data></s29_4>
</opencv_storage>
