<?xml version="1.0"?>
<opencv_storage>
<s29_5 type_id="opencv-matrix">
  <rows>200</rows>
  <cols>1</cols>
  <dt>d</dt>
  <data>
    1.0699547319485059e+03 -5.3580498556837324e+02
    -3.0282864030917885e+01 -7.7239278935915490e+02
    -4.5811594261712241e+02 8.1133192847301405e+02
    -1.5058414770621684e+02 -9.0018955505880854e+02
    -2.0826825032829021e+02 8.8547273200637377e+01
    1.4609283189519212e+02 2.1022116088531467e+02 6.7919283843088110e+01
    1.0217808706578901e+02 5.9482475647928453e+01
    -1.7801012088319717e+02 2.2542866624280197e+02
    -1.7543605192934371e+02 6.0437154019740191e+01
    4.8467871929695332e+02 5.8719724681263449e+02
    -4.1769340679944264e+01 -5.7881376193972089e-01
    6.2071118287602069e+01 -1.8545227180578006e+01
    2.3521184216277643e+01 -5.1160069540419096e+02
    2.0413453505442496e+02 1.0408919480128719e+02 2.3652597660999413e+02
    -2.1163972540616757e+02 -1.7928074835244681e+02
    -6.0957284613809229e+01 3.1756056830802493e+02
    -7.6417036329218107e+01 2.3933321357193063e+02
    -3.7060458044525760e+01 2.9792175047230336e+02
    8.0571431092911112e+01 6.4218006294028598e+00
    -6.7824992869158379e+01 -9.1793131909896559e+01
    1.8586314049033604e+02 2.0857669408400827e+00 4.3603975076630427e+01
    6.2611225876284387e+00 2.2036874143054774e+02
    -8.3186182831820318e+01 -1.2071161353161519e+02
    -2.7436077989281380e+01 -1.3109950960916714e+02
    4.9820898399695352e+01 -3.2131521505698691e+02
    -2.9558292240339853e+02 -1.0505987211946227e+02
    -9.3047897298238510e+01 -2.2976365280491183e+02
    -1.9096355994028730e+02 2.8066312795059016e+01
    1.8133977859841221e+02 3.0750906395321607e+02
    -1.9733353735724131e+02 -1.1669023294924412e+02
    2.4984354208849524e+01 -5.7519130622390495e+00
    2.3536786379390513e+01 -2.3104160419271591e+02
    -2.2717526484454378e+01 -1.3302477512101802e+02
    2.2210523413887819e+02 1.3534834725132778e+00
    -1.7191924853595614e+02 1.3747579813243874e+02
    9.7723493152050935e+01 4.8015685187656114e+00
    -7.7245302918848211e+01 8.3869172684377361e+01
    8.4994901602778071e+01 1.0912159613779990e+02 1.6493706273566087e+01
    -1.4411930260520045e+01 3.1545159951087189e+01
    -6.4169052039126370e+01 -4.3818910942478610e+01
    6.9124373955339351e+01 1.0725929662298569e+02 8.4701359291066126e+01
    -9.7558985425355189e+01 9.7135791225963558e+01
    -8.9091860456866357e+01 7.8801238013158724e+01
    -2.9573781696045479e+01 1.0800739730485796e+01
    -3.7237492012913798e+01 3.8099168971026685e+01
    -7.2721566748441866e+00 5.5977287477171664e+01
    3.2352504063270246e+01 -1.2825326000620765e+02
    3.3913525567793585e+01 2.9503294685316096e+01 8.7449704631334257e+01
    5.2222560023343121e+00 -7.8419895262480654e+00
    -8.8720542638469922e+01 1.5021172328015753e+01
    7.3120029015029573e+01 2.8584830931479548e+01
    -6.2390688258718692e+00 4.4785817786340822e+01
    7.7383526664204467e+01 -2.8795427961193099e+01
    5.2318408631626255e+01 -3.5978538571684972e+01
    1.0892160879734057e+02 2.1873522883261376e+01 7.4008709749681273e+01
    2.6807147064499130e+01 1.2375109582212546e+02
    -1.2972048710358163e+01 -1.2178491374684771e+02
    8.8197532503401845e+01 1.0818241385465267e+02 6.5029195578687933e+01
    -4.0441315518922501e+01 4.6442162299918920e+01
    -2.3719795267429582e+01 -6.7920283200120323e+01
    1.7176687762741429e+02 -1.0245063344587106e+02
    1.7935676686273318e+01 6.1263804961239430e+01 9.5165846419080111e+01
    1.0354992006590579e+02 1.7244796384663534e+01
    -8.5276370440594775e+01 -1.2757192846220160e+02
    3.1993780702797011e+01 -7.0105319351275980e+01
    -1.7833062698949703e+01 7.6940858847266487e+00
    -9.7059956053030021e+01 1.1943912712427090e+02
    4.0923680510914728e+01 5.2738315740599205e+01
    -3.7198330977149112e+01 -5.6609739557143639e+00
    3.0636985890416298e+01 -6.1293755276543038e+01
    7.1529102952993966e+01 -3.4660300094987313e+01
    -2.6882539547793702e+00 -1.3521049326126587e+02
    -6.3599688980351182e+01 2.1335276479326126e+01
    2.8673209016231318e+01 3.1249481814963804e+01
    -5.8282684660132006e+01 -3.2320234678962649e+01
    -3.3095141478951490e+01 1.2770985253308353e+01
    5.7539537413007071e+00 6.2969134681629733e+01
    -4.0598278940954259e+01 -7.1047130436627867e+01
    -1.3339661815764239e+02 3.2260587779659311e+01
    9.5192741294524239e+01 -3.7403918610403480e+01
    4.6681495710924011e+01 4.1761148606935357e+01 4.8926299851845529e+00
    -3.8143158708741034e+01 4.1525289490169364e+01
    5.1722855488612595e+01 -7.2580124913864978e+01
    -1.6525018563241258e+02 6.0417011109281376e+01
    1.5256170716513655e+01 -1.4640767944386380e+02
    1.4802630822533172e+02 5.6103337312725216e+01 6.4281358099620192e+01
    4.3881300333126582e+01 -1.2566478711040702e-01
    8.5091897117801523e+01 4.8096564332726004e+01 7.6718416174019950e+01
    -4.8215469733616331e+01 -6.8610081452625337e+01
    5.9758526609068966e+01 5.5781941427882082e+01
    -3.4001953990520541e+01 -7.9457471524566216e+01
    5.3764348869465593e+01 -1.5135753948865059e+02
    -6.7646352540002795e+01 -3.6609152578444584e+00
    -1.4251582447890905e+02 3.4272298648450019e+00</data></s29_5>
</opencv_storage>
