<?xml version="1.0"?>
<opencv_storage>
<s29_3 type_id="opencv-matrix">
  <rows>200</rows>
  <cols>1</cols>
  <dt>d</dt>
  <data>
    1.1938918428816644e+03 1.8347533093537331e+02
    -4.5927237488626912e+02 -7.0022971577859676e+02
    -3.8388330819857174e+02 5.4837341483562477e+02
    6.3160252956919969e+01 -1.3288699619543704e+02
    -2.2411843498908479e+02 2.7058775300785118e+02
    -1.0364860255583650e+02 3.4846189677453827e+02
    -2.4967879784101825e+01 -1.1970460606245886e+02
    2.1509458437279636e+02 -7.3256340615674401e+02
    7.8586907931575513e+02 -2.3570474608307003e+02
    -1.1015028581149507e+02 2.0866853073850831e+02
    5.8433486102942152e+02 -1.2872374195646111e+02
    -2.5078677840049923e+02 3.4156753929370228e+02
    -5.4566013873311384e+01 3.7722791963350278e+02
    -1.5581582598085856e+02 -1.4667767596633466e+01
    3.7355472298828983e+02 1.7249848322125479e+02
    -1.5347139700388948e+02 -2.0129729528793351e+02
    1.3117055895939876e+02 1.1346040008279456e+02
    -6.4290742738578629e+01 -2.9138203896451991e+01
    -5.6843023331290397e+02 1.6496361923424757e+02
    1.5621254642039733e+02 5.9730075133011944e+01 4.4628076269387087e+01
    2.1252961889392256e+02 6.2695735212393359e+01 2.7861335690725184e+01
    -1.5860498004269141e+02 1.4001963141134920e+02
    -9.8055115754342577e+00 -5.1425682877447080e+01
    -1.4393955031159473e+02 -5.2380498536926247e+01
    1.2534709219712695e+02 5.7314874118840663e+01
    -1.7652890700233914e+02 -1.6960782191247409e+02
    -1.1220164828755624e+02 -4.0984373467694965e+01
    -1.6604024725082350e+01 2.3082961429404996e+01
    1.9925159201126135e+02 -9.0132646072915961e+01
    1.0501440475094410e+02 -2.1250495385429645e+01
    6.3615883010943868e+01 5.0179595866121851e+01 1.4493510055068228e+01
    -6.5702906547562790e+01 -9.8905878543466859e+00
    3.3623887879008389e+00 -1.4673866086380013e+02
    2.3209038626866797e+02 -1.2525474895447825e+02
    -1.0788046508259369e+02 -6.0468122345506984e+01
    1.4970666975692799e+02 1.3123303208453513e+02
    -8.3625316435064775e+01 -4.9917726802069442e+00
    1.0206045139159295e+02 -9.2440872078869901e+01
    1.5615816644368812e+02 -1.9267633650388620e+02
    1.8982407942260906e+02 3.6523729893567847e+01
    -1.6415635675775775e+02 -7.0448494321663855e+00
    -1.2054367893484519e+02 3.6975396360981932e+01
    1.2358598377331631e+02 7.0121104773242934e+01
    -1.8597951915920152e+02 1.0283052749176821e+02
    -6.5355728850011047e+01 -1.4021357430351047e+01
    1.9075833294415585e+02 3.3629053034235938e+01 7.0781930906130128e+01
    1.0552059042982021e+01 -6.2511751739983850e+01
    -5.4456506750955587e+00 -4.9547014895242718e+01
    1.0241381175867360e+02 -6.2735624233178591e+01
    -2.1077458617579882e+01 -8.5374014059710106e+00
    -1.5719393742658070e+02 1.5377272687985061e+02
    4.1951434657579185e+01 4.1859449876170265e+00 1.4198612734452752e+02
    3.2197033695381720e+01 6.4123643001108150e+01
    -1.4431126816264396e+02 8.8328794819423457e+00
    -1.1278808654567769e+02 -6.2391450476590876e+01
    -1.7863658643380749e+01 -5.6320972780934810e+01
    2.6840600251249246e+01 9.2351977364209333e+01
    -1.2069270649126732e+02 -3.1840186291561849e+01
    2.8163654158752993e+00 3.4594705409458129e+01 2.5121208801497733e+02
    -7.2746812463885007e+01 2.6595604479845527e+01
    -1.0328865881760560e+01 -1.0632682618210674e+02
    7.2254617472963957e+01 -7.2516668154005885e+01
    -5.8383204620955993e+01 6.0909722730617787e+01
    6.8994464875184747e+01 9.1384875394617808e+01
    -1.3854575047184269e+01 -6.2810659560802591e+01
    -1.2925567966787918e+02 1.9667902405385822e+00
    -1.1333170444372218e+01 3.5891382805863522e+01
    -5.3081857518615983e+01 -4.3193762633514972e+01
    9.4295276713141632e+01 2.6139904777807960e+01 6.3826593633423727e+01
    -4.2750215995189414e+01 -2.1999874510602091e+01
    -1.4543906159097785e+01 -7.9948079493202897e+01
    9.6301901905289256e+01 -9.8007613963223719e+00
    5.1301444855911434e+01 -1.0206763067746655e+02
    -2.4309858318661451e+01 6.1850979870005194e+00
    -2.1692865670157911e+01 7.4495263439703450e+01
    -6.4520846561382740e+01 -3.0743758609107978e+01
    1.7471303873990340e+01 -5.3172526123117876e+01
    2.7019806223610580e+01 5.2071649769013611e+01
    -4.1357020690355668e+01 -4.5439815012784990e+01
    -1.0089654185651672e+02 5.9652569213411958e+01
    6.2161505035670835e+01 -7.5997277232142881e+00
    1.9914278207035139e+01 4.3532162472473104e+01 6.8633098298569564e+01
    -4.1575408227130602e+01 3.1855332287886757e+01
    2.4290107601004141e+01 -4.4535437214741656e+01
    -1.8517803987370274e+02 5.2851250336705959e+01
    4.8586786257276813e+01 -1.4531179559988809e+02
    1.6127614258737796e+02 3.7303855979933353e+01 4.3585511731834607e+01
    6.7892990980440544e+01 5.0350655050800164e+00 6.8063140176025513e+01
    4.6564733719319349e+01 9.1473232818589494e+01
    -3.6125976431212791e+01 -7.0244078996744307e+01
    6.9009211639152809e+01 7.5785463282201121e+01
    -2.4685115380506392e+01 -8.3473178985475954e+01
    4.9761547483523792e+01 -1.5960135541343203e+02
    -6.2221666028597873e+01 -6.6152999412769242e+00
    -1.4875902570430216e+02 -3.2294604437275147e+00</data></s29_3>
</opencv_storage>
