<?xml version="1.0"?>
<opencv_storage>
<s29_2 type_id="opencv-matrix">
  <rows>200</rows>
  <cols>1</cols>
  <dt>d</dt>
  <data>
    1.4288315376260275e+03 -1.6893554566775239e+02
    -3.3613421781021168e+02 -5.6705082981332293e+02
    -2.8862737320120169e+02 4.1323801878156047e+02
    2.6450862980599618e+02 -8.0894659114812498e+01
    -3.0056901728666247e+02 -1.0492509887988734e+02
    -2.4985249531839710e+02 1.9733941357686007e+02
    4.0744189880478825e+02 1.1184392867117661e+02 5.0772805641340318e+02
    -9.7287663943512030e+02 5.0096380048651014e+02
    -1.6740188200937092e+02 -2.0177841862593456e+02
    1.6005254871003419e+02 4.2578266433908448e+02 3.2920217770436857e+01
    -9.7165023349570149e+01 1.5723786661132345e+02
    5.9112640640764717e+01 1.7865927612735575e+02
    -1.6084536821052151e+02 -9.3848474001024513e+01
    -2.8192004906820724e+01 3.4526945363793192e+02
    -1.5319562749689848e+02 6.3840593728592907e+01
    -1.1645478468689764e+02 -1.7630946424344611e+01
    2.9059765540823531e+02 1.2356413666997355e+02 4.8588794097216373e+02
    -8.4241922356865757e+01 1.3575701266407663e+02
    -1.4652980273347492e+02 -3.1100182305224781e+01
    1.2960962278917893e+02 7.2852289556173169e+00 2.3080306322320499e+02
    -4.9646922824150380e+01 7.6292171994341430e+01
    3.9513604144462434e+01 6.6607049558964235e+01
    -2.9693902659238489e+01 4.4193202604571233e+01
    3.9143043432581152e+01 -1.2471409236480321e+02
    -1.7654202922681091e+02 2.0022014884682889e+01
    2.9801718119643675e+02 9.4207760828748079e+01
    -4.1047748444391095e+02 8.8571966763044458e+01
    -1.7959534392663994e+02 -1.7393065954441533e+02
    1.6554745040307873e+02 7.8795791567148171e+01 1.4632312935379057e+01
    1.8598068278664186e+01 2.5361925506175751e+01 2.7164288837458571e+01
    -7.8001679132359087e+01 2.5671114280088654e+00
    5.3140607123154957e+01 1.1130457615644775e+02
    -2.1133983599357316e+02 1.0224766268877568e+01
    6.3160292391485406e+01 -1.0219344061616825e+02
    4.0515306478159197e+01 -7.5370137616597873e+01
    1.2099961576073019e+02 1.3568426971976842e+02
    -1.1969938334796615e+02 -2.0150387002859094e+02
    -1.7636384686888380e+02 3.5262273815952170e+01
    3.8836951560753263e+01 -2.8968548808549038e+01
    1.0941156761172201e+02 2.6732084122261693e+01 2.7481503775714700e+01
    1.3875446832848175e+02 2.0320356827302227e+01 5.3665656941928903e+00
    -3.8804897497525388e+01 -1.1102298120766626e+02
    3.1799271778077607e+01 -6.1979636117568724e+01
    3.4650806691481169e+00 -1.9938303652054319e+01
    -9.5728761429918819e+01 3.8713950329219408e+01
    -8.4633973424542305e+01 -1.0691519480008448e+02
    -7.2576438576411121e+01 -1.0243892701539936e+01
    5.0187207537546321e+01 -2.7736399910198283e+01
    -1.3185197727897108e+02 9.7914391379726723e+01
    4.1887662166800695e+01 -2.0148411644537294e+00
    8.2974658125834765e+01 -6.9048329821334235e+01
    5.0191702130637161e+01 -7.8570279533894364e+01
    4.8961295823345008e+00 -7.3949871581673463e+01
    5.2344741323049398e+01 4.3191817003775604e+01 4.7568706874202036e+01
    1.3348468349869000e+01 1.0791427244576614e+02
    -1.1022731124762563e+01 -4.8913175485636259e+01
    5.5903274759131051e+01 3.3178907221970356e+01 1.5781086225098932e+02
    -9.2338861240916685e+01 2.1795073543753006e+01
    4.3687105470888000e+01 -5.9468581700922876e+01
    4.8395574096622312e+01 -5.5821710139949424e+01
    -2.6842305731733433e+01 9.0619821432097581e+01
    1.0618853990264047e+02 6.6791506836518607e+01
    -2.7225777693601025e+01 -7.1802994263054543e+01
    -9.2063310515902543e+01 9.9483003188901105e+00
    -6.8201080009105951e+01 4.4054884347487338e+01
    -1.0556458919503486e+01 -4.4070180081332971e+01
    9.3793771493807284e+01 -1.0000915173134487e+01
    5.1034632732047001e+01 -4.7173167275221886e+01
    2.6264471007052677e+01 -4.2206107367835982e-01
    -4.0960978323175979e+01 1.1572568481175418e+02
    3.2930206065956931e+01 2.7298142179939394e+01
    -5.7755859290586734e+01 -4.6184348772099511e+01
    1.2310427992707094e+01 -5.7041214718230595e+00
    5.1149319128167200e+01 -8.7739891621813555e+01
    -1.9713364441470439e+01 -7.6756546137748991e+00
    -3.4587337808138152e+01 6.2996463217283560e+00
    1.7461157668064498e+01 -6.1483466365457289e+01
    -3.0608882721587381e+01 -1.3035469410154315e+02
    6.1266502614247472e+01 6.3184170681392494e+01
    -8.9736246304232736e+00 8.7751476650581012e+01
    3.2859505525974853e+01 1.0938432913240799e+01
    -2.8016249543204896e+01 3.0349547830454640e+01
    4.3594504669833100e+01 -5.9922087180479942e+01
    -1.7557570582617220e+02 4.5850873730995822e+01
    2.3663596213378092e+01 -1.6732905596902398e+02
    1.3836997720249676e+02 3.6144046237054575e+01 5.6917413534093335e+01
    6.2208969199581823e+01 -9.9954902963915480e+00
    6.3308315340838220e+01 3.6211850014095582e+01 1.0689166984864883e+02
    -2.6578859964406401e+01 -7.3592323757679139e+01
    7.1113772459798682e+01 6.5847598110850242e+01
    -3.2355675423980877e+01 -7.8669657188539816e+01
    5.2161088139011369e+01 -1.5225596670502514e+02
    -6.9613658991546913e+01 3.2590852868973728e+00
    -1.4201197063119298e+02 -1.1605527946846295e+00</data></s29_2>
</opencv_storage>
