<?xml version="1.0"?>
<opencv_storage>
<s29_1 type_id="opencv-matrix">
  <rows>200</rows>
  <cols>1</cols>
  <dt>d</dt>
  <data>
    1.3473830430079381e+03 5.5931817689321235e+01
    -4.0720170901541064e+02 -6.8570175879267447e+02
    -3.7917089178315217e+02 3.6327674205031798e+02
    2.0079436229081483e+02 -9.2713014314545433e+01
    -1.9855845055479929e+02 6.1781151440181652e+01
    -1.3380128703047757e+02 5.1407012087268220e+02
    3.3693430126987215e+02 -6.8643887415288285e+00
    4.2276356523165532e+02 -9.1465672494632656e+02
    6.3944676257693970e+02 -3.0233280531205247e+02
    -1.7922380322871066e+02 5.9762756251280500e+01
    5.2298150986190706e+02 -5.5962509291106656e+01
    -3.8738367870841962e+01 3.5330178035161481e+02
    7.0986581988672441e+01 3.1497307457983862e+02
    -2.2868566788442814e+02 -6.2320156698594744e+01
    3.0113684533520825e+02 2.2372137323811722e+02
    -1.7483412428942705e+02 -9.5863281546917378e+01
    5.3967543391750610e+01 1.5708165734443796e+02 2.9224866326313961e+01
    2.2616381211163880e+01 -7.8617497604569408e+01
    3.9835124265766559e+01 1.9508029733422421e+02
    -6.5720948234576824e+01 9.9991937825767010e+01
    2.6511243225592045e+02 1.6309483044115677e+02 2.4943147809246992e+02
    -6.9502778613870674e+01 1.3930848476452326e+02
    4.8626388573042789e+01 -3.6039083991989472e+01
    -1.8520745909229603e+02 4.3195420749762548e+01
    5.9547617433270673e+01 -1.1544559855923231e+02
    -9.3527524665884641e+01 -7.9737506360714264e+01
    5.6489358267905452e+01 -6.9461812992322280e+01
    -2.0407446272916175e+02 4.4125007357620433e+01
    1.5176961782730572e+02 -1.0796313182744494e+02
    1.3227170788660507e+02 1.2590415701035386e+02
    -1.5014128790103607e+02 6.3229713925408653e+01
    2.0622474537201033e+01 3.0010993832023519e+01
    -3.3815926914300775e+01 -1.7489926248244609e+02
    -4.3297219817428385e+01 1.3240882356740755e+02
    -1.2321430924970629e+02 -8.6399811971532401e+01
    1.2665910609478622e+01 -4.9478596139741128e+01
    1.1023856654815357e+02 -3.5776247895122587e+01
    -1.0458181894306262e+00 8.2378815784859867e+01
    -8.3629982723727380e+01 8.7821115816245708e+01
    4.8747816104808599e+01 6.7633768517988401e+01 4.2988074587514774e+01
    1.8869195136709511e+01 9.7760391391833092e+00 1.3570147982509861e+01
    1.0136392905453016e+02 -7.8488566979419886e+01
    3.6640446425715844e+01 -1.7686101148191034e+02
    1.5118691271095447e+01 -9.4518226126371765e+00
    6.5627995821356677e+01 -5.8192430416060716e+01
    7.4211669795817940e+01 1.5743161988500902e+00 4.5852991447437489e+01
    1.0646969635305354e+01 -1.6310687424034519e+01
    -1.1434695728230525e+02 7.2191990137741413e+01
    -1.2419689607520981e+01 -2.0404612062246734e+01
    1.5843696221722536e+02 5.3783933372897671e+01 2.4650949659960396e+01
    4.8881158851765001e+01 -2.2531861275094755e+01
    8.8313657581400307e+00 1.2556493949111594e+02 4.3718771939067445e+01
    -1.1179230057885235e+02 -1.7357664856490337e+02
    -5.6604969620318379e+01 -9.2409313355253161e+01
    -4.7427773414628739e+01 1.9171672503751032e+02
    4.8793210329686481e+01 1.7359554542495768e+01 3.1498525535633064e+01
    -1.2481841362803170e-01 1.7731383617266962e+02
    8.1470303729078690e+00 1.1956058109121739e+02
    -3.8119372577954728e+01 3.8616285621599133e+01
    -1.3322311084174908e+02 -8.1453416196939372e+01
    4.6248438540003690e+01 1.2047219922476610e+02 3.2577791427382273e+01
    2.5148398636991832e+01 7.2946481558488287e+01 2.7553235760356035e+01
    -4.9794297432188259e+01 -4.2359248691644680e+01
    -1.0949052081556853e+02 2.7939597905065497e+01
    -1.0113677639562550e+01 -1.1361462496869231e+02
    -1.0822460809351712e+01 -8.4769796663314722e+01
    1.1828850440193916e+02 4.8629813785123275e+01 1.8111989589346301e+01
    -1.1932134708745181e+02 -7.3034521472044517e+01
    -2.2235455038542497e+01 -2.4072762410910407e+01
    1.0425953492644612e+02 -8.8766051604794825e+01
    1.4388613512470304e+01 -1.1863902283750140e+02
    -8.5621205059201102e+01 -1.3560101252349307e+01
    3.9077418504167241e+01 -1.9225237740973622e+01
    -5.5353793050325585e+01 -7.0308776438786353e+01
    1.1286015438787224e+01 8.2713728003060538e+00
    -5.5175182743973732e+00 1.1141306268546394e+01
    -4.0389155817776071e+01 -8.0141724438902244e+01
    -1.8083274679009983e+02 3.2587998842881689e+01
    1.4688652452523681e+02 -3.6524625115397775e+01
    7.4360187628450049e+01 6.7336174751811811e+01 1.1551875852669207e+01
    -3.1671682837577535e+01 3.0219475919406538e+01
    5.7999259591581776e+01 -3.8502956632954408e+01
    -1.6670404159062451e+02 4.2666005583176265e+01
    -2.6715940117370923e-01 -1.7538162094857853e+02
    1.6376566685843406e+02 8.0798706552776693e+01 4.2624911764730179e+01
    5.3771907613535845e+01 4.6752093059188207e+00 8.5792251964062203e+01
    3.4184836979426834e+01 6.1218488849959918e+01
    -4.4112677903548644e+01 -7.6805360787330287e+01
    7.2786067722289815e+01 3.5662039457506893e+01
    -4.1857556164087093e+01 -9.0159559612630048e+01
    5.4213590538414479e+01 -1.6987257764095691e+02
    -6.7261928647081518e+01 -6.0464713799647463e+00
    -1.4305210590221913e+02 9.0702447766903411e+00</data></s29_1>
</opencv_storage>
