<?xml version="1.0"?>
<opencv_storage>
<s2_1 type_id="opencv-matrix">
  <rows>200</rows>
  <cols>1</cols>
  <dt>d</dt>
  <data>
    -4.9358635982512311e+02 -5.3882504777351039e+02
    4.1185889073059889e+02 -1.3053737891630603e+03
    -7.2046288536683022e+01 3.1791213077323732e+02
    1.6861543118209559e+02 -4.9122467227008735e+02
    7.0745600044904847e+02 -4.2640190419998254e+02
    4.9573256613028299e+01 -7.2632155291714525e+01
    -5.5222057397026468e+01 6.8015916783626972e+02
    -1.2818947750173677e+02 -3.5955448469217060e+02
    4.7006586941653973e+02 -2.0651929185863489e+02
    3.2160237971461908e+02 1.8602131236319474e+02 4.8209877809726407e+02
    1.1449108317822740e+02 1.2378012416523947e+02 4.8123928812958081e+02
    1.8230081439623675e+02 -1.0386779242252541e+02
    -1.9512250504743068e+02 -2.4630792810508353e+02
    -6.4758508522852523e+01 1.0321176128128961e+02
    -1.5836418190445940e+02 -2.7928216038593330e+01
    -6.4128929654621658e+01 2.8392375502792051e+00
    2.1430897027901361e+02 -1.4348380472293201e+02
    -1.5086390850924073e+02 -8.2142127375959095e+00
    7.3998552183972251e+01 3.4933583235328328e+01
    -6.7730589005323125e+01 -9.7761794676147744e+01
    1.0884542476285386e+01 2.5818947487221897e+02
    -1.5065381610093314e+02 3.1374309149062458e+02
    6.5979067680299536e+01 1.0825971551937101e+02
    -9.3995780423039420e+01 -4.7646103140238978e+01
    -1.0396710302711608e+02 -1.0681233215521277e+02
    -2.5753137799625733e+02 -1.9668733293878626e+02
    -2.7130749155606864e+01 -6.7427880942876428e+01
    -2.1897355337982881e+02 -9.7170387615081097e+01
    -2.4037691592329846e+01 -5.4704941385054319e+01
    2.4771225933278308e+02 1.3369975878436900e+01 2.2316929572008149e+02
    -9.4288209592173118e+01 1.6048304186472313e+02
    -6.8599941319051823e+01 1.9523034724710149e+02
    1.0036985515409613e+02 -7.7985853130675594e+01
    7.8433984022837549e+01 -1.0364274666107325e+02
    -9.2264934167965350e+01 7.9393473412267515e+00
    -6.1415218331658913e+01 1.9171234133568342e+02
    7.0720893443561764e+01 6.8516660891997844e+01 4.4766052637893651e+01
    -9.3745165423877438e+01 -5.2931980835671899e+00
    1.4966272295034939e+01 1.4152514740022036e+02 1.3848681147430003e+02
    -2.4102450054363960e+01 8.0350296354440083e+00
    2.6348243902441759e+01 1.3060289608539421e+02
    -6.8713642244981472e+01 5.8772327056537755e+01
    4.4163084797645546e+01 1.2902951555504521e+02
    -6.0488985351975316e+01 -4.4330688968407888e+00
    1.0081878202825408e+01 -4.1833929187286259e+01
    -4.1210453586525915e+01 -1.3473266912329617e+01
    -6.9590141050848572e+01 -1.5553855326061804e+02
    -9.5947327222038354e+01 9.3837994022626262e+01
    6.5773490110448009e+01 -5.2823432149932131e+01
    2.3604099124624469e+01 -6.3500311233515703e+01
    1.1683395352311959e+02 -8.5339443545951539e+01
    2.9564433594232163e+01 5.6587009263560688e+00 6.5076130797055370e+01
    8.5069010599294231e+01 -1.7181787426002194e+02
    -1.3131059264773126e+02 -1.0598585234499525e+02
    3.5445004122472362e+01 7.4399796192846424e+01 1.0774723548218210e+00
    5.4487546362605514e+01 2.4856061244639481e+01
    -5.9919854730014976e+01 2.6896509583040505e+01
    1.1771313363308981e+02 4.1288833790801490e+01 1.9458391672156594e+02
    2.1944018027809484e+01 -2.7526811986946459e+01
    -1.3951937997998678e+02 -6.3015248380889616e+01
    7.8534901951955533e+01 -3.9469297171712050e+01
    -4.4663390583097900e+01 1.1258027387002906e+02
    1.0634449046769268e+02 6.6887798111386360e+01 1.3422243108180830e+01
    -8.2471367429820901e+01 -1.0123396676619952e+02
    7.5293766031240310e+01 -1.1073276590187764e+02
    -2.1224215823506743e+01 -7.8908614722651350e+01
    -1.3608560272550562e+02 1.0461449435095268e+02
    5.0406072909698658e+01 -3.1728513568607717e+01
    -3.9268773139164040e+01 -8.1223552728887924e+01
    -2.7094934696915985e+01 -8.0855626740397767e+01
    1.1311891752854653e+02 -8.0229132476352930e+01
    2.8738585724726914e+01 -4.2345736024348696e+01
    -7.7946818676635683e+00 2.0469448987053010e+01
    4.4978403717680004e+00 6.3817581633743231e+01
    -1.1186034529348993e+02 -2.1525942203666052e+01
    -7.1551201247284567e+01 4.0552481657923281e+00
    2.0289965112418336e+01 3.6677852626594138e+01
    -3.5320034101305048e+01 -4.4866236055870012e+01
    -1.2044314795822044e+02 4.5112991980527042e+01
    8.1790870352740129e+01 -1.6015632122297777e+01
    5.2952169943601774e+01 1.2083246104445843e+01 2.1104847922546139e+01
    -6.9073845345498867e+01 1.8542812061236472e+01
    3.6286318442373478e+01 -3.4950898790114977e+01
    -1.9759704437398034e+02 5.8960061679739432e+01
    -5.7467633724873846e-01 -1.7566721496039784e+02
    1.6614145638467795e+02 5.7173989170363981e+01 7.0769256919237250e+01
    6.7846202175701237e+01 6.4006945777344972e+00 7.8680904137723999e+01
    6.7755435443080003e+01 7.7337606008458110e+01
    -5.3141026001880910e+01 -8.0792492220306229e+01
    6.1079810036719820e+01 6.4604184601811951e+01
    -2.2181114664184964e+01 -7.8055030133143276e+01
    5.1614117493014746e+01 -1.5079623663163170e+02
    -6.7099771295227427e+01 -8.7748609482169915e+00
    -1.4825777898894623e+02 -9.0328978544346095e-01</data></s2_1>
</opencv_storage>
