<?xml version="1.0"?>
<opencv_storage>
<s2_2 type_id="opencv-matrix">
  <rows>200</rows>
  <cols>1</cols>
  <dt>d</dt>
  <data>
    -3.1563467334737106e+02 -2.7747815147594690e+02
    2.3712077334187785e+02 -1.5612691526068947e+03
    -1.2116443250731399e+02 4.8644066190681224e+02
    5.0633345845941307e+02 -2.5723956974258914e+02
    4.3532513688633099e+02 -2.6108696847188872e+02
    1.2709615279258527e+02 -9.9305482330306802e+01
    -1.5912425896496131e+02 8.1618595677245469e+02
    -2.2474433644812464e+01 -3.0709210078352186e+02
    4.6764375497469348e+02 -2.4315518918822212e+02
    2.8386479872451798e+02 4.1389788485284612e+02 2.8986826174712201e+02
    2.5304807757073988e+02 -1.7166584148170625e+01
    3.6662932307434448e+02 1.3741511526022387e+02
    -1.3259334128108028e+02 -1.0697038688868435e+02
    -2.9533962928990576e+02 3.0110325709971296e+01
    5.1342017279578094e+01 -3.3987035562100425e+02
    -9.3151410464542309e+01 1.1993360854652543e+01
    -9.8373044155487193e+01 1.8030696833047523e+02
    4.7816674397054484e+01 7.3792010411423206e+01 1.1125269511665883e+02
    2.2070352102661423e+02 -8.0774503204510282e+01
    -9.8362892251852223e+00 2.3829684445042039e+02
    7.1270762161588763e+01 1.0237759248522984e+00
    -4.5148582644587005e+00 3.7670254062124854e+01
    6.0559557900914733e+01 4.9620079222747322e+01 8.0867796111771213e+01
    7.2145774209067483e+01 -4.9854969146527466e+01
    8.5794949293818945e+00 -2.5557361784742639e+01
    -1.2630802328848200e+02 2.6340572132081184e+02
    1.2815436039064389e+02 -2.1940858342468058e+01
    5.8883683231578821e+01 4.9272914493005679e+01
    -1.8423375888379130e+02 1.9680210765571996e+02
    -1.6320698731100634e+02 -1.6018623106621754e+02
    1.3569193971772796e+02 -8.0988073871660760e+01
    -4.7520973271985930e+01 -1.8237730100287243e+02
    -7.6363454204480306e+01 3.4202468577552033e+01
    2.2665769076449724e+01 1.8279180929226303e+01
    -1.7170351331907767e+02 -2.6543733432038920e+01
    1.1207109400074616e+02 1.1768692300887940e+01
    -1.5857847535479800e+02 -6.5921790581103092e+00
    8.0746914655279909e+01 -3.2424989599506311e+01
    -4.7647559872070078e+00 -1.1426188368653624e+02
    1.6119594748134205e+02 2.0381695487159813e+01
    -1.0862461319436879e+02 3.0959298880230659e+01
    1.4587547770884413e+01 7.2058489795834788e+01 4.8900554692957890e+01
    3.4780774895161137e+01 -7.9222459387663733e+01
    -3.2443684569395693e+01 -4.0963980836143250e+01
    -1.0457149531446035e+01 8.3301490349830743e+01
    1.6768471997264466e+01 2.5400793152156751e+01 6.5443166416501001e+01
    -3.2891796310351353e+01 -2.7937296288787500e+01
    -3.2014867533947586e+00 7.3762571736250692e+01
    -8.3555052453535808e+01 -8.4789600329211041e+01
    6.8162443032551479e+01 -4.4477351752551080e+01
    3.2926130613767413e+01 5.8894885884960530e+01
    -4.6488761611090474e+01 6.6176188340051667e+01
    2.3951370430462223e+01 -1.6952396382988482e+01
    -1.0364278211915803e+02 -2.6533894938305401e+01
    -7.1970514234425849e+01 8.2006466411273227e+00
    1.2882186830547588e+00 2.5218883454476644e+00 6.7412986781799930e+01
    7.0236924215158965e+01 8.4202770203877364e+00
    -3.9516174822191722e+01 5.4769795138938321e+01
    5.8205822851536340e+01 9.4182769890880195e+01
    -2.8003150178826040e+01 2.0374160629972337e+01
    -3.5940919304719984e+01 -1.3078403594148435e+02
    8.0723443578082183e+01 4.4851997472554359e+00 1.6213881112770756e+00
    5.0473669675481059e+00 1.1564808612466923e+02 8.6530064216240419e+01
    -4.3752722822993398e+01 -3.3358823364591977e+01
    -1.0707931010478437e+02 4.9060650144230280e+01
    -1.0486969129929433e+01 -9.7960627400141949e+00
    -7.8317871165133113e+01 -5.6081065530906237e+01
    1.0325854811935221e+02 9.6153453971789617e+01 6.0481736618978417e+01
    -1.2354327093989721e+02 -1.8109311281332246e+01
    -1.1566459955216445e+01 -5.4355415653606812e+01
    4.8685042466451847e+01 -1.9035134436651371e+00
    -4.2429609891839888e+01 -1.0116590705120338e+02
    -7.0354141286744056e+00 -2.0536047515549605e+01
    3.9808944330641056e+00 7.9112964952869831e+01
    -8.0269060937286753e+01 -1.4848389848412761e+01
    -2.5383249420959961e+00 -3.5292306342474551e+00
    6.0111546884569201e+01 9.5550666004964057e+01
    -5.9511326180338983e+01 1.1394732824252445e+01
    -2.2629433804196981e+02 2.1093081058223561e+01
    8.4762111394145194e+01 -4.1040523359009377e+01
    5.0329623283749548e+01 5.1950818988010084e+01
    -1.3629143910841085e+01 -6.5322852674337383e+01
    1.1669659126499160e+02 5.8418289382772564e+01
    -5.7224845086553337e+01 -2.6873477746426283e+02
    5.3830970085057714e+01 -2.7006881133038274e+01
    -2.0470337809213899e+02 2.4765630254469087e+02
    4.7506475690536462e+01 4.4503413383009907e+01 1.0632029443480471e+02
    -1.1140722988790230e+01 1.0844893208666214e+02
    6.4719070976198267e+01 8.6051291656363787e+01
    -5.2499048946964479e+01 -1.1126401503889505e+02
    7.3542281733541770e+01 7.1901500498597258e+01
    -2.7803867373954091e+01 -8.7558994039193436e+01
    4.6213089548622840e+01 -1.6393307774586759e+02
    -6.5185836217994634e+01 -1.6945258702843404e+01
    -1.3864879774260092e+02 -1.2359403289051384e+01</data></s2_2>
</opencv_storage>
