<?xml version="1.0"?>
<opencv_storage>
<s2_3 type_id="opencv-matrix">
  <rows>200</rows>
  <cols>1</cols>
  <dt>d</dt>
  <data>
    -5.6316040825404889e+02 -5.2747494582827971e+02
    1.8917064209518824e+02 -1.4077147323220947e+03
    -1.0552625105815873e+02 4.5404610231294737e+02
    3.0701429857917833e+02 -3.8623622129910200e+02
    5.8716226090248017e+02 -3.0291611381468192e+02
    1.1206120788715545e+02 -1.2496531892568890e+02
    -1.5984237468176539e+02 7.3097101423162610e+02
    4.9987976714034943e+01 -2.2983829479492590e+02
    6.3288191214940150e+02 -1.8214145093352676e+02
    4.2781471625252055e+02 1.9441549231480974e+02 4.2313234805088780e+02
    2.4560807482562271e+02 5.1668962102287672e+01 2.7101885834227210e+02
    6.1885699159408730e+01 -7.1323178104314991e+01
    -8.2903439918555137e+01 -1.2179057822192594e+02
    2.2053886181499276e+01 1.1406150152293269e+02
    -1.7562682329145960e+02 -8.7801447688682700e+01
    1.4045542981809293e+01 7.4805512804678841e+01 2.7846022768910723e+02
    -2.1120323012323212e+01 -9.0689647316461929e+01
    2.1912893301611266e+01 -2.8342421447891500e+01
    -7.4961123711318223e+01 -1.2342456587956725e+02
    1.3074609063140431e+02 5.4549725958302901e+01 2.0175999035892835e+02
    -1.5875904518069197e+02 2.5937134757869489e+02
    3.6267242104701040e+01 7.3754599991621694e-01 2.7053017812950468e+01
    -4.9972280393585585e+01 -1.0492005603854000e+02
    -9.6027467192374218e+01 -1.0579585025039056e+02
    -3.5797052948693266e+02 -5.4277687955456223e+01
    -1.4784103784598744e+02 -1.9987075897695695e+02
    5.5014797338465478e+01 6.5114845244329175e+01
    -1.1346358499480948e+02 1.0918271561206355e+02
    -6.6543663378886592e+01 3.1448351572288377e+01
    8.8242320592558258e+01 1.4767876754009754e+02
    -1.5308534882239636e+01 -1.0972709413482814e+02
    2.5445618888967356e+01 -8.1623406690063007e+01
    2.0420796964394068e+01 -1.5316528965657142e+02
    -2.4040218135524435e+02 2.5051675706401685e+01
    -3.9408268335712755e+01 1.0890887767842264e+02
    2.1866033093583919e+01 3.6492301020138228e+01 1.2455592480004637e+02
    -5.8774213666264139e+01 5.2094187820595977e+01
    -1.9413501021577335e+02 -1.0071784503303272e+01
    8.7038626949433535e+01 -3.2677980476288838e+01
    -1.2904555021019974e+02 -1.4486093859350089e+02
    1.3658533902554234e+02 -5.2577689017120733e+01
    1.2939762663348185e+02 4.2740591056430254e+01
    -5.7651150419240537e+01 -5.6324475157758116e+01
    -7.1115885670341115e+00 -2.4234419052140353e+01
    4.6380712093750027e+01 -1.7337802763967281e+02
    5.2747083426293045e+01 5.6354377903045567e+01 6.1164617807652348e+01
    -1.0517602783855929e+02 -3.4218224096866594e+00
    3.0535548329542859e+01 -1.6330044300710885e+01
    7.7139737670413680e+01 -1.3287735501311374e+02
    -8.1774248101680307e+00 8.9924045006476277e+01
    -3.7054586421661931e+01 2.8384488219792072e+01
    6.7108652755204602e+01 -1.6253850909604218e+01
    -3.0658356359479619e+01 -7.5655000411608299e+01
    -1.2884559719485790e+02 -8.8596838560190164e+01
    -6.5049310013527673e+01 4.9940729795392791e+00
    -4.8082011620051333e+01 1.6127806258677506e+01
    -2.2382891735364549e+01 -4.5757187492098133e+01
    -6.0443363427108231e+01 1.8248121032695369e+01
    6.7970358682567962e+01 -6.4862512876937004e+01
    -3.2594080328893500e+00 7.3162409108134824e+01
    -5.9243147022433561e+01 8.8166227539211690e+01
    -2.0791934245084921e+01 5.6381605771588411e+01
    1.1250797854176103e+02 1.8303752406614038e+01 3.5736420363579292e+01
    -8.4115135666644658e+00 -2.6032275174153034e+00
    -8.2561980680281877e+01 9.3478945333539585e+00
    5.6418632036729882e+01 -4.5033351195848901e+01
    -7.2277323460322576e+00 1.3288038070805896e+00
    1.1330469574553354e+02 -3.7884609385706627e+00
    4.7569996958692379e+01 -7.3467327224886660e+01
    -5.0434225361607714e+00 6.6098970420634728e+01
    -6.0320829865020027e+00 6.6031031036966382e+01
    -1.6055586667274031e+01 1.1580136627462227e+01
    -9.3948614243982917e+01 -7.7463819459168036e+01
    -1.4102329561684906e+01 4.8687514349934133e+00
    2.5410271708533237e+01 2.4536217069848167e+01
    -3.7228009650488481e+01 5.5476183061092740e+01
    -8.8994518842541090e+00 4.3236120138430302e+01
    3.4057013664295127e+01 -1.9428616945618867e+01
    -6.0235004693373007e+01 -1.1521480762783909e+02
    3.7504110404490326e+01 8.7181231266728531e+01
    -6.0528134275513509e+01 5.0422115965929876e+01
    6.8190963830454194e+01 3.9546268409432187e+01
    -3.2062540967737284e+01 1.9187749324751881e+01
    5.0205860027466244e+01 -8.2803005930376514e+01
    -1.2545258335872437e+02 4.9902798427562878e+01
    3.3448248717950037e+01 -1.2333637497450006e+02
    1.4031401455035649e+02 7.7226955865627858e+00 4.7296021100590458e+01
    3.0944157411193601e+01 6.8981684610659997e+00 5.1053459112372295e+01
    2.6153808014511188e+01 6.5939595977442977e+01
    -2.8254273531036862e+01 -6.2267146988627267e+01
    6.6865410965842472e+01 5.6680807214943734e+01
    -3.5830405538307197e+01 -8.5816819605937880e+01
    4.4796263835491331e+01 -1.5876692241121677e+02
    -6.8847313703466313e+01 -4.7655842052099668e+00
    -1.3648979582443721e+02 2.6611584519259464e+00</data></s2_3>
</opencv_storage>
