<?xml version="1.0"?>
<opencv_storage>
<s2_4 type_id="opencv-matrix">
  <rows>200</rows>
  <cols>1</cols>
  <dt>d</dt>
  <data>
    -3.6060706898010199e+02 -2.5234782188791399e+02
    2.7146321549082325e+02 -1.5430978061935587e+03
    -1.4146916851046743e+02 5.0799116291011762e+02
    5.6428639795043216e+02 -2.6187981729800151e+02
    4.1916610914924803e+02 -2.8733321150712175e+02
    1.7107028910849891e+02 -1.0349323657456794e+02
    -1.7379206415609266e+02 7.4063823504769925e+02
    -3.2194288754159331e+01 -3.8175873511297669e+02
    4.0756856864584023e+02 -2.2473823464896424e+02
    1.4752336265796990e+02 3.7543428047945781e+02 4.1123019612439157e+02
    1.4176747446439848e+02 1.7538675519883309e+01 4.1592516558452195e+02
    1.2637689928693167e+02 -1.7437959977494569e+02
    -1.7734835364320833e+02 -3.4800265261767612e+02
    3.5726008671885805e+00 5.4213895392522723e+01
    -3.3760665066168389e+02 -6.3669530956345774e+01
    -2.8239572055673005e+01 -1.5452574958885526e+02
    1.1034620167517777e+02 1.2869669988429169e+02 8.2316315006389573e+01
    1.2857677115397928e+02 2.6455899155600463e+02 9.5837370512417319e+00
    7.4639016665333358e+01 1.8294356287906282e+02 3.5316910039268890e+01
    -4.1472025112088104e+01 3.3163844634784795e+01
    8.6520574229787854e+00 1.6460692504483706e+01 1.0562791768642849e+02
    9.7401625214368366e+01 8.8276896804084316e+01
    -7.3880641335631410e+01 6.3317985580582082e+01
    -6.5128128494695332e+01 -4.2737261283384292e+01
    3.2664734675679983e+02 2.1241066939170426e+02
    -3.1517235830043742e+01 1.8011619168721609e+01
    4.7342256696860794e+01 -1.4491459323221491e+02
    1.5083930983069163e+02 -1.3080653779917105e+02
    -1.6431824106227418e+02 1.8293562071843809e+02
    -7.6747440948397340e+01 -7.4246484313522728e+01
    -1.3984660065990732e+02 -4.1524688326075108e+01
    -2.3052178035239269e+01 6.9517127032418884e+01
    3.9689755997132821e+01 -1.1451146931872776e+02
    4.5129698614229049e+01 1.7460487874130564e+02 5.0738865332738676e+01
    -1.6591583938137279e+02 1.2166961418785592e+01
    7.4400824384969027e+01 -8.3395674389222734e+01
    -9.1571842821666980e+00 -5.2829560389681760e+01
    1.9894948891799703e+02 4.5291486332592257e+01
    -5.4463463470621114e+01 9.7509900691617606e+00
    3.8356187187899096e+01 1.1364493486240998e+02 4.8503607165091246e+01
    1.9588225573586758e+01 -1.1726130314296242e+02
    1.5462173220944843e+01 -5.2800077401826549e+01
    -8.2595878682159707e+01 5.6188033739741130e+01
    6.6720277355145129e+01 6.6464394449731117e+01 1.8011382794282522e+01
    -4.2338912157113000e+01 2.6460821628271614e+00
    5.8783189461768668e+00 1.2668727866353218e+02
    -2.1134153970950809e+01 1.3360708758766553e+01
    2.2947332541122570e+01 -3.7190991123747345e+01
    9.7752717716162465e+01 1.0272609216087709e+01 4.0763048076006697e+01
    7.6115962779217995e+01 -2.7245592259296934e+00
    5.9358470630422310e+01 -6.2319932190964792e+01
    -1.3289507953597058e+01 -2.3918841536715970e+01
    -2.6724083632838202e+01 6.5133730271607639e+00
    6.6009544489822559e+01 1.1243133030472988e+01 4.1202129320677514e+01
    -2.4838795621559427e+01 -2.3345926290837646e+01
    1.4713715441217317e+02 7.1212158490880228e+01 2.1245122676343192e+02
    -7.6055924339125296e+00 7.9920899426250898e+01
    -6.3091979860890469e+01 -8.8673779549111742e+01
    5.1928925809477064e+01 -4.3459997312073128e+01
    -8.9738593988254394e+00 6.8844403804883456e+01
    2.5811873417899697e+01 6.9482806932318155e+01
    -5.4763032204769448e+00 -7.4955164818066663e+01
    -8.6656024946526927e+01 3.0366662016971024e+01
    -8.9516835645491341e+01 -1.1566155747467111e+01
    -3.7193339551880669e+01 -9.4818348392155173e+01
    6.4876788698564255e+01 4.1229784656336079e+01
    -1.5493268203853527e+01 6.1314494545842857e+00
    -7.0738059556994713e+01 -1.4398622326881311e+01
    -3.2012050846841547e+01 7.1015501091558292e+01
    -1.0730876925789822e+02 6.5544439672773237e+01
    -5.7058396162064355e+01 -1.0810058355469610e+02
    2.2737382833097975e+01 2.1381886041724989e+01
    -4.6629241723247450e+00 -3.9123140977905514e+01
    -7.3145662343528770e+01 8.2261325694741991e+00
    -6.4123186130692114e+00 2.9657562406817752e+00
    -2.9628493172967815e+01 -5.1169460882990077e+00
    -1.0032771455424950e+02 -7.7739853218837979e+01
    5.0049847202859539e+01 6.5328653403416908e+01
    -3.0901872870867059e+01 4.6133587021654428e+01
    5.1509251225610173e+00 4.2418269027193716e+01
    -1.4457229112247212e+00 -5.0957045776081799e+01
    2.6551902219877288e+01 -6.1367620216541056e+01
    -6.6879001604625003e+01 2.0369669832020321e+01
    5.1151944039313392e+01 -9.4249033294406331e+01
    8.5457828927838136e+01 6.2931680345605827e+01 3.4178044261479002e+01
    3.6859980207288672e+01 1.2483362025887310e+01 4.6649119459597024e+01
    3.7957707336170529e+01 6.9327030411214551e+01
    -1.7753125635247155e+01 -4.4905273776801408e+01
    6.9075414680028317e+01 4.1457677700663147e+01
    -3.7526802916395283e+01 -7.9883110021313840e+01
    5.0706987261084038e+01 -1.4914540850530381e+02
    -6.9871819980898451e+01 6.3042639513811904e+00
    -1.4207036862201355e+02 1.3454420984576485e+01</data></s2_4>
</opencv_storage>
