<?xml version="1.0"?>
<opencv_storage>
<s2_5 type_id="opencv-matrix">
  <rows>200</rows>
  <cols>1</cols>
  <dt>d</dt>
  <data>
    -3.4290145390875546e+02 -2.3974975704636049e+02
    3.2713437622354718e+02 -1.5274171311762570e+03
    -1.5181553296683589e+02 4.0835325480759866e+02
    2.5550361029355423e+02 -1.6800814033674874e+02
    4.8056519150134204e+02 -2.6590034377347297e+02
    -1.4394687224452028e+02 -7.3095530626541558e+00
    -9.4339841044055959e+01 6.7435663130634543e+02
    -1.3011773498058574e+02 -3.7960824415392739e+02
    4.4881938037963806e+02 -3.6150925448785000e+02
    2.1843235476634035e+02 2.1770530448576935e+02 5.8099978520548950e+02
    6.7738723822002825e+01 1.7131892509480573e+02 4.9590102728537477e+02
    1.8797236634592684e+02 -1.1665112709169138e+02
    -2.3493415988315971e+02 -2.7959577654810420e+02
    -7.2783354232267897e+01 1.7942553468224227e+02
    -7.5611661949096725e+00 5.1273451501093781e+01
    3.7495354145222841e+01 -8.7343293325328247e+01
    2.1934887208236628e+01 2.1496950541302393e+01
    -1.0006672115127938e+02 -6.0154104944908660e+01
    2.5245253175839969e+02 8.2578920214195378e+01 1.8053434949670935e+02
    -2.7357801339687097e+02 1.3877625312484972e+02
    2.5261466951245421e+02 5.5757855334823581e+01 2.6519991698263073e+02
    -5.4275295142616670e+01 -3.2258257783982060e+01
    -5.3276256532504853e+01 1.0164327821587332e+02
    -5.3599663615122736e+01 -2.6361911148614542e+01
    -2.7503764473517248e+02 -1.5794204196690680e+02
    2.6094446301124833e+01 -1.0373372199868450e+02
    -1.3294547214953013e+02 -1.2486522515212596e+02
    -3.4800315463696663e+01 -4.7339316949266397e+01
    1.2398448250572393e+02 3.4986717236693892e+02 1.9566179560244045e+01
    -1.9073900883118813e+02 -1.0651911639988457e+02
    -1.0473518220569414e+02 -7.0380080236245988e+00
    -3.7300849026122705e+01 -1.4436851520674168e+02
    4.6498332459553815e+01 6.1272639620551388e+01 1.5001887915050847e+02
    1.8232028643476397e+02 -7.5742189351455764e+01
    2.8816525102034655e+02 -1.7870089479391530e+02
    1.7805585323030783e+02 7.1933409170258969e+01
    -3.0508239488561305e+01 1.1719332632266495e+01
    -6.4411883211691588e+01 1.0032955019397532e+02
    -1.2971014813141830e+01 -1.1357998765168665e+02
    7.4764690040430025e+01 5.7813412411768581e+01
    -6.2586993929031358e+01 5.5612052656091279e+01
    3.9507009651998928e+01 -1.1630005189884518e+02
    -5.0753801882844499e+01 7.7404711786287692e+01
    8.3852028356734877e+01 6.1859680622469824e+01 2.0956248235857689e+02
    1.7929410807866236e+02 5.8463858077560538e+01
    -5.8442495142421322e+01 -5.2067953719325857e+01
    -1.2136254473082613e+02 4.7689870877235933e+01
    -3.5617470880682916e+01 6.7729215176773366e+01
    6.1432170586436797e+01 -6.8556180241775920e+01
    7.9570080547627441e+01 1.8253380308886923e+02 6.3327174847267230e+01
    1.0103949028218831e+02 4.7437465169349444e+01
    -1.8390830037294698e+01 -7.6565154401901893e+01
    -2.3862322264970736e+01 -2.5723107915236376e+01
    -2.5291762183094530e+01 -7.4115888667123295e+00
    1.0446842918628971e+02 -3.5476015002695931e+01
    1.5900640011319115e+02 -2.9163323270189359e+01
    -6.4782355104276192e+01 -7.3957171407479745e+00
    1.1812493195061254e+01 1.1332842746746387e+02
    -3.0874594626639190e+01 5.6366700679420049e+01
    -5.8294783491022342e+00 -2.7721681173937011e+01
    7.2821842700280101e+01 -4.0985194734445592e+01
    -2.3466707459439366e+01 7.9190490787389356e+00
    2.1768277643118563e+00 1.2827238323166955e+02
    -6.1053262111682919e+01 -3.0076838419060255e+01
    -1.3448158945118422e+02 3.0755529251274520e+01
    -1.5520888786462443e+01 5.2937507589910417e+00
    -4.4618893782738340e+01 -3.5501273754819294e+01
    9.7837227883835524e+01 6.6544360133172461e+01 6.2928852799001454e+01
    -6.6515038649195148e+01 -1.3976561237695423e+01
    -8.2623407262346260e-01 -4.1609783371975709e+01
    6.5040430274597398e+01 -2.9428496209977073e+01
    -9.8929236917618741e+00 -1.0143410929740698e+02
    -6.1985719816648562e+01 -3.8501941354723357e+01
    1.1219381087322046e-01 6.5288857173642256e+01
    -5.5968832917768708e+01 -7.1077051010501478e+01
    2.4138611573816718e+01 -2.4480484728278885e+01
    2.8555830840687836e+01 3.4145542235654460e+01
    -4.2270750823956803e+01 -8.8230971476842527e+01
    -1.4438645114087794e+02 1.8817803698890966e+01
    1.1630658978776120e+02 -5.7909347850231157e+01
    2.0722128581081247e+01 5.4070408520685291e+01 1.5851833558326330e+01
    -2.1531589108778071e+01 2.6685251643204058e+01
    4.1413281635761571e+01 -7.3174470028423059e+01
    -1.9159835046871777e+02 5.7069001685110571e+01
    2.4372478700014579e+01 -1.2541930245447854e+02
    1.4803589131638881e+02 4.7614819930609265e+01 5.5012992967565950e+01
    4.9386288125520693e+01 -1.3047573017912619e+01
    8.8897748666820121e+01 4.9039843093720599e+01 7.0717124832653752e+01
    -5.0548900920324307e+01 -6.0778089869478094e+01
    6.9713035133596946e+01 6.7796189076717127e+01
    -3.7575543872191965e+01 -8.6222487090774791e+01
    5.2593720942378475e+01 -1.5507143989540947e+02
    -7.6196026742600424e+01 -5.3151556341025170e+00
    -1.4126173101855784e+02 5.0401856687196589e-01</data></s2_5>
</opencv_storage>
