<?xml version="1.0"?>
<opencv_storage>
<s30_3 type_id="opencv-matrix">
  <rows>200</rows>
  <cols>1</cols>
  <dt>d</dt>
  <data>
    1.4768381631268726e+03 2.9622200650918109e+02
    -1.2433735453258640e+02 -8.6877064296454648e+02
    4.8906789791074351e+02 5.6953283312100052e+02 4.7225312779446926e+02
    -4.1014260869449799e+02 3.9595213157410740e+02
    -3.7842717834504634e+02 -2.2780447482692023e+02
    4.3279976764109051e+01 -2.9211839778271457e+02
    2.2107842790576225e+02 4.3036200901858706e+01
    -2.9021253762946981e+02 2.4991595197656704e+02
    -8.3909488235153447e+01 9.8441018776675421e+01
    6.2009860281421049e+02 5.0587939669577827e+02 2.6512808954731508e+02
    -9.7983191532727396e+00 8.0895343517078999e+01
    4.9624849572287118e+01 8.8066084385951413e+01
    -5.7021951886194145e+01 3.7332186500282290e+01
    -1.2320185087688901e+02 -4.1644405787738343e+01
    1.1228045131292512e+02 -7.7945053624139762e+00
    2.6625266977777775e+00 9.0354478153325658e+01
    -1.4657110417956775e+02 7.1226237616748335e+01
    -4.5957551896953959e+00 3.4331919555793370e+01
    1.5946965850542122e+02 5.5889425295055702e+01
    -5.2543118054504255e+01 -1.2193936235050575e+02
    -3.7281078527635344e+01 -8.6495805492396883e+01
    -9.6148092419142742e+01 2.7126827124173616e+02
    1.9072381241025397e+02 3.3690704105563100e+01
    -1.5406581028107749e+02 -1.4048933097926329e+02
    2.6454344106011909e+01 3.2670790761835192e+01
    -7.5751787241216192e+01 -6.8471171197909712e+01
    1.7136818311753046e+02 -3.3617830388050990e+01
    4.6147591479290808e+00 3.8267564618998676e+01
    -2.5594190398735854e+01 -8.0545568531576691e+01
    -4.4357872785451498e+01 6.5360878673924361e+01
    7.2230526072449337e+01 1.0480421352010563e+02
    -1.2486336307672282e+01 4.2355876566212437e+01
    -1.1756371001581086e+02 -7.5541326253256400e+01
    1.1889939845662018e+02 2.3808578762393981e+02
    -1.1941320189843104e+02 -9.5487103484423955e+01
    1.3709989421666830e+02 7.9917455526062909e+01 1.9226113291392249e+02
    -7.1451662582352583e+01 8.5969445990714505e+01
    1.5838679522112855e+02 -1.6202033568196973e+02
    7.3466431976353817e+01 -1.2280685210876113e+02
    2.2212278412649684e+02 -4.6808655781491602e+01
    6.2945729761720116e+01 9.5219904926118957e+01
    -6.6903240623670555e+01 -8.6445357175266064e+00
    3.0168019021334313e+01 2.7404248314268973e+01
    -6.3701532122986997e+01 5.0428649378204753e+01
    -4.2881363148142867e+01 3.3333245406575188e+01
    -1.1781521108093739e+02 -4.8538211931063429e+01
    9.8644888493906890e+01 1.1137630935860852e+02 2.4600544623729221e+00
    -8.5471094460103160e+01 3.7818609932552154e+00
    -6.0270526691312746e+01 -1.0733194813890647e+02
    7.2162436943715891e+00 4.2668697592346511e+01
    -7.0676755346486587e+01 -3.2774974202273974e+01
    2.0046620291485251e+01 -2.3752116683519247e+00
    2.8114065055045344e+01 8.4743529402638828e+01 1.1608958852410670e+02
    -1.2723938502991017e+02 -6.1427085450909047e+01
    4.4429801985580664e-02 -7.9814625101441464e+01
    -4.9976507816573745e-01 3.1336106101057499e+01
    1.8570610035750949e+01 7.3597162713660936e+01
    -1.5601950489828155e+01 -3.6693662501107681e+01
    1.2648091604564651e+02 -1.2122056347791089e+01
    9.6812137369745273e+01 -9.0345222718483271e+01
    1.3812668234296135e+01 -6.1298579600015607e+01
    -6.1692889891270617e+01 1.4108530722677176e+02
    -3.0156808666715445e+01 -1.0312319137814221e+02
    1.1427760016891624e+02 3.1973423311998300e+01 2.4045423668529271e+01
    -7.8889171506377437e+01 6.2361484099305116e+01
    -8.5706890548275780e+01 4.5874840593679011e+01
    -2.4645007092182318e+01 4.4895520586304649e+01
    -6.7970702453011285e+01 -6.7183676926685454e+00
    1.6094777570935204e+02 3.7342167809355615e+01 2.5019034454451891e+01
    -3.8257146953061074e+01 -7.8231115913097256e+01
    5.0075187226099480e+00 -3.8054669533310239e+01
    1.0234541942342533e+02 -7.1078394850897368e+01
    4.2010459719740183e+01 -6.8246277126421717e+01
    1.5230246243321300e+01 5.0442528589264768e+01
    -2.2394773398260330e+01 7.8413176837358506e+01
    2.3395857289185833e+00 -3.4453060217354765e+00
    -2.4730676620310888e+01 -1.9488336262683326e+01
    -1.6180581394049479e+01 4.1324895420194665e+01
    -2.9374800032584819e+01 -2.4691891740349835e+01
    -1.2387359414823365e+02 -2.3580695206966769e+01
    9.9694592690074799e+01 -4.2957192456315589e+01
    8.1245056830409567e+01 5.5803737875049215e+01
    -1.3483255991676577e+01 -3.9025556975834178e+01
    6.0553494733877699e+01 -1.6978204703112734e+01
    -6.4454934731305116e+01 -1.2414097003220051e+02
    1.1482707063837631e+02 -2.4916608282958755e+01
    -1.2985899371797802e+02 1.6604946895861534e+02
    3.6743401589633827e+01 3.9642029095535747e+01 5.2221416780451875e+01
    3.3711413572079287e+01 8.3064506303045974e+01 3.7852185409420244e+01
    3.1489866230393297e+01 -4.6996992193642974e+01
    -6.1586803064669937e+01 5.6371407052802539e+01
    5.4436009308263586e+01 -3.3183156626761715e+01
    -8.7166803729623723e+01 4.3509639625720943e+01
    -1.5499233770035798e+02 -6.6911368758087050e+01
    1.2827064324308024e+00 -1.4292093353049586e+02
    -5.3681959863665996e-01</data></s30_3>
</opencv_storage>
