<?xml version="1.0"?>
<opencv_storage>
<s30_5 type_id="opencv-matrix">
  <rows>200</rows>
  <cols>1</cols>
  <dt>d</dt>
  <data>
    1.1558719492525377e+03 8.8853279278463378e+02
    -4.3407795851343536e+02 -9.8952976259328511e+02
    2.8262298794122864e+02 2.6429924341955535e+02
    -1.7782712662318787e+02 -6.0317988803655419e+02
    2.8628096444517456e+02 3.4717411600850642e+02
    -5.5369852576817465e+01 1.9722622738399119e+02
    -7.0983394181633571e+02 2.1877788356487943e+02
    1.8319251815654147e+02 -6.1346388999368173e+02
    4.5817121671666968e+02 -1.0747807848461187e+02
    -2.1707584617930831e+02 2.5585158133683314e+02
    1.7157164585631827e+02 4.8179033168508973e+01
    -7.9556018065125656e+01 1.9619632412902629e+01
    5.1751389650285745e+01 1.3787146448812976e+01
    -1.4234008126662761e+02 6.6027826918215837e+01
    -2.0668307919436725e+01 -5.5705976042767297e+01
    -2.2003755553659295e+02 8.8198441155245050e+01
    3.2217357332488473e+02 -1.0159059827888251e+01
    1.7916233451518187e+02 5.0697019097592751e+01
    -4.5449615100977482e+01 6.2976308074323072e+01
    -6.5776376461583112e+01 -1.0922641437828982e+02
    1.1290498433796940e+02 -1.3645083427664736e+02
    -1.7696743056684721e+02 1.1500543203709745e+02
    -1.9252178411384353e+01 2.5346283782731447e+01
    -4.7418558486637616e+00 3.8384079878200161e+01
    6.4595179689049800e+01 3.2077635330432308e+01 1.2056334190738457e+02
    7.7566219323351433e+01 -2.3205685041905707e+02
    -1.6978151387550639e+02 1.2341778839491364e+02
    -9.5172878262070000e+01 -9.4402343541424869e+01
    -2.4374725788111146e+01 -1.4916045208810999e+01
    -2.2659148534102070e+02 1.3509097894835083e+01
    -8.6846267361323314e+01 4.9225999151405361e+01
    -3.3509568726661563e+01 8.0791738835634117e+00
    -6.1433295471519450e+01 1.6906199780263179e+01
    -9.0040590821371580e+01 4.5575450710733186e+01
    1.0470008128470715e+01 -4.7782062815001893e+01
    -1.5117373297784516e+02 1.1159916677909676e+02
    1.5809198155821091e+01 8.6093333686768702e+01
    -2.8135142343822885e+01 6.3541779893139129e+01
    1.3653021304629622e+01 7.7334057123909730e+01 3.3623877735087724e+01
    6.7181531217144908e+01 1.3712772269976941e+02
    -2.8213099910129859e+01 -1.7781320294178340e+02
    -1.6972108734334981e+01 -6.0589760179500011e+01
    1.0164961422352187e+01 4.0001585626034334e+01 1.3904219763196625e+02
    -7.7620119881137242e+01 -3.4376130213079755e+01
    4.2029470887438407e+01 -6.5660634545951325e+01
    -7.7699706085636961e+01 9.2299547367314538e+00
    4.0131381487786065e+01 4.6123153421234875e+01 1.3164940548399720e+01
    -3.9246077896923417e+01 -1.3968399653911025e+01
    5.7389115970745728e+01 1.8344936661937346e+01 1.3343739371847265e+01
    1.4125499824598018e+02 -9.7735940062680640e+01
    1.3085717400639302e+02 4.7945882387000331e+01 6.4249429251202045e+01
    1.1726017949759891e+02 8.3813872748086098e+01 4.2372034237004058e+01
    -1.0676236618270354e+02 -1.0634593288449318e+02
    -6.1099333472514601e+01 5.6804178403044867e+00
    5.4581720709497006e+00 7.0366763956209546e+00
    -7.7155619371179625e+01 1.3764848639485282e+02
    3.7263964398237697e+01 -4.4488580977694028e+01
    1.2021283029102381e+02 5.9415445308542161e+00 1.6317982665693418e+02
    6.0658745866447372e+00 -2.9101741377688789e+01
    -7.2604003015681144e+01 -8.1444640522280906e+01
    8.8619911697982687e+01 -2.7073198064165357e+01
    1.8327333390363531e+01 5.1437388791115417e+01 5.3577188900317076e+01
    3.6821800209678621e+01 -2.8698809758938271e+01
    -3.7400329037544289e+01 -1.3040798512861988e+02
    5.2679036051885909e+01 -3.6609098868378489e+01
    -1.2779709787702879e+02 -9.1769963308586767e+01
    -1.1484970506816040e+01 2.2039456402190581e+01
    1.0677750652905143e+01 1.4418146468697808e+00
    -1.1539818001542353e+02 2.0862352393975097e+01
    1.4316768993317277e+01 -1.4114402425853761e+01
    1.1611169480890985e+02 1.4333650977473704e+01
    -3.7161217317749873e+01 -1.5393286115385297e+02
    -7.4360732924946191e+01 7.2387543746358096e+00
    -3.3003845553880787e+01 3.2687996971087486e+01
    -9.7697711988602748e+01 1.7275278768064563e+01
    -3.8073833215224035e+01 4.5323000964785933e+01
    -3.5266898579360051e-02 4.9830581003528076e+00
    -5.3991321599974311e+00 -5.0181446837121257e+01
    -1.2345318700473065e+02 -1.5435972235942071e+01
    2.9644488995187612e+00 3.4316010172183745e+01 6.6341281081812852e+01
    1.5115533913626303e+01 1.3698388595140367e+01
    -8.7574609613339227e+00 1.8187356238289517e+01
    5.9506941943785030e+01 -1.1991528482435596e+02
    -1.5007689498658985e+02 7.2156311587018649e+01
    3.9646579687975311e+01 -1.3623238620689989e+02
    1.6684013700371298e+02 2.0027830291462518e+01 4.1969723527051435e+01
    6.1231345848092083e+01 -1.2190608631691825e+01
    8.7031853290793208e+01 1.2139689665277342e+02 1.0154086364948468e+02
    -2.1535704546306878e+01 -6.1419491084233961e+01
    4.2766414166437528e+01 5.0472129848711539e+01
    -4.5772070705615803e+01 -8.9021408971738438e+01
    6.3746357278024654e+01 -1.6452316212164027e+02
    -7.0596293602825895e+01 -2.7881162752943061e+00
    -1.4922676502653428e+02 -3.6359664433721339e+00</data></s30_5>
</opencv_storage>
