<?xml version="1.0"?>
<opencv_storage>
<s30_4 type_id="opencv-matrix">
  <rows>200</rows>
  <cols>1</cols>
  <dt>d</dt>
  <data>
    1.1335778121969361e+03 7.5902448245404935e+02
    -1.6518722220522542e+02 -1.1458387476669125e+03
    3.5592347888008226e+02 2.0734790369364822e+02
    -1.0949887556108818e+02 -4.4952392079713036e+02
    5.4115132490274834e+02 2.9649991676185709e+02
    -9.1648973805613068e+01 3.9417396470626534e+02
    -5.1157119610318404e+02 1.9079927628950384e+02
    2.2153192926479701e+02 -5.9943664910209657e+02
    5.4767047608506402e+02 -4.4946175646110142e+01
    -2.0396065204103272e+02 1.3565666882465226e+02
    8.0135529031227605e+01 6.6921495684948994e+01 1.5176822740972090e+01
    2.1512867603500359e+02 7.1469415979380102e+01 3.8680130536804029e+01
    -1.3260551620115473e+02 6.2299486542706056e+01
    4.7341153411156945e+01 -5.0618684402249301e+01
    -1.0220023923229206e+02 4.8587873186269377e+01
    3.3901371800689304e+02 -8.3217657962040164e+01
    1.9212002660466794e+02 4.5694875900653372e+01
    -1.1807359629665622e+02 -9.1023089275422109e+00
    9.9142442678369406e+01 -8.0831042005651568e+01
    8.1652427111808876e+01 -1.8909628813520879e+02
    -1.3467385747307716e+02 2.5562760327324222e+02
    9.2549859635991510e+01 8.2188621568305251e+01
    -8.8101089825037320e+01 3.0824548353758107e+01
    1.6756169072200631e+01 9.8975569900715819e+00 1.0090589683887143e+02
    5.6889904670537874e+01 -2.8479492131502843e+02
    -8.9678031585286519e+01 1.8852757394350147e+02
    -1.2204052164183085e+02 -1.5128402773763716e+02
    1.1603148756792748e+02 3.0639851974993860e+01
    -1.8234082939027360e+02 -2.7491756290209487e+01
    -1.9842291919158865e+02 -2.1527386568586440e+01
    7.5018324142648623e+01 -6.8264810882789860e+01
    -1.4558784653190227e+01 5.3991543922414964e+00
    -3.8497267251403684e+01 -2.4674592281098896e+01
    -3.7465530951275369e+01 -5.6413204479600502e+01
    -5.5802641343856735e+01 1.3402042630398250e+02
    1.6248906249663455e+02 1.0202050438985520e+02
    -6.1489958303550281e+01 -3.8971934625643414e+01
    1.4599673489751808e+02 1.7546110859074791e+01 1.6694811358758162e+01
    3.4364740523060786e+00 3.4744332226731181e+01 4.6960530846733654e+01
    -1.5778142328595874e+02 1.6643813020643798e+01
    2.5890625724824776e+01 1.3472872561067604e+02 4.1162485159733649e+01
    1.1378132574428426e+02 5.0524478615161556e+01
    -3.7043843919557091e+01 -4.8443111422777839e+01
    1.9925707495574240e+01 -5.3687009891879448e+01
    -1.6965269493942923e+01 -2.0780571136148773e-01
    1.0135972354674978e+02 1.1881892004885238e+01
    -8.8190452291557122e+01 -1.0013986325590139e+02
    2.8938746799935224e+01 5.4026128538284404e+01 3.1769372896294826e+01
    1.3193493400609009e+02 -5.5963033300038141e+01
    1.2752439331083166e+02 4.8295923371195144e+01 6.1192634213282609e+01
    1.0218942879387676e+01 4.3813192555251483e+01 8.1678236253013935e+01
    -8.0389451490810245e+01 -3.8433343699558478e+01
    -1.4956181735887597e+02 7.5956132202818296e+01
    1.7872959267438372e+01 6.7831706564701079e+01
    -3.2121679227903805e+01 7.8605875885723151e+01
    3.5071570808671787e+01 -2.1136617721504102e+01
    8.6826391703659567e+01 9.5315637506624739e+01 1.5403155451858481e+02
    -5.1233953075416849e+01 7.2020981302184225e+01
    -8.5063501355164117e+00 -6.1927332598484433e+01
    8.2008618777459205e+01 -3.0970131086767616e+01
    -2.1295499710431315e+01 6.8355510966689195e+01
    1.0884279505993575e+01 1.1297528338257963e+02
    -2.3453652836031583e+01 -2.9656538604300238e+01
    -1.2545387391095488e+02 -2.2170626484855902e+01
    -4.2157532010082200e+01 9.0015353239610064e+01
    -2.5479576665659586e+01 -1.4575779358641793e+02
    1.2821290941107242e+02 1.0430798102660586e+02 6.2447684458444321e+01
    -9.1139636332851680e+01 -8.4317535999284090e+01
    -1.9528762834413005e+01 -5.7243333372428445e+01
    2.5913345770545806e+01 -1.9373417080733425e+01
    7.5160332961492003e+01 -4.9762426881375212e+01
    -4.9599692357767836e+01 -1.8708061033317168e+01
    3.6503649302035591e+01 4.2794363028544488e+01
    -2.8938038133330533e+01 -7.4353196440051505e+01
    -1.1472277788665490e+01 -5.3211426962970670e+01
    4.0054454838515824e+01 1.1221484511150990e+02
    -1.1669944333430367e+01 -4.3295653065940172e+01
    -1.1404727169632632e+02 1.0721763563185959e+02
    2.0610505298013416e+02 -7.7482521759729508e+01
    2.3228516357184862e+01 6.3796405312580426e+01 5.2089839313092234e+01
    -1.2006558237985153e+02 7.1098059900883996e+01
    -1.1923033823153840e+01 -4.7221329291339927e+01
    -1.6101280873151271e+02 4.3458437954359560e+01
    3.2621205979142232e+01 -1.6314133390209102e+02
    1.6363623813449342e+02 8.0148734086050681e+01 6.7880006173553383e+01
    3.6833643918207343e+01 3.0133145495489675e+01 7.4269338724978482e+01
    3.5561480584941707e-01 5.1358673235063527e+01
    -1.7112363646041587e+01 -6.2503547780788352e+01
    6.0997446459068456e+01 6.7426760073192156e+01
    -3.2997059732968452e+01 -8.8655287981749979e+01
    3.6961378107909894e+01 -1.5184422236401875e+02
    -6.6450516218694034e+01 -4.8002356239472261e+00
    -1.4160789696102114e+02 1.7617260831205932e+00</data></s30_4>
</opencv_storage>
