<?xml version="1.0"?>
<opencv_storage>
<s30_2 type_id="opencv-matrix">
  <rows>200</rows>
  <cols>1</cols>
  <dt>d</dt>
  <data>
    1.3243117587193317e+03 4.8182473665995599e+02
    -1.5472692933676301e+01 -1.1100997333071548e+03
    6.0785071191792315e+02 5.2802584320066671e+02 3.2683029124018236e+02
    -1.4901841896273029e+02 5.4238221180658661e+02
    -4.5950344482856985e+02 -1.5871564622124356e+02
    1.5245087889947982e+02 -2.5330399730990845e+02
    6.1298613993913577e+01 1.6423024882010557e+02
    -5.7658431275037674e+02 3.7647125930987016e+02
    1.1573132550177276e+02 -1.9949856864173080e+02
    4.3184743254955106e+02 2.1958780505450153e+02 2.8601687855042894e+02
    9.9609469995646180e+01 1.2328323227424522e+02 6.4551960491738512e+01
    2.1575081378677939e+02 -1.3698683462307912e+02
    1.7846316248959781e+02 -3.6880063502546655e+01
    1.3710686559350887e+02 -6.2488216396039824e+01
    2.5677102877861351e+01 9.2956851659411186e+01
    -7.0705066990696270e+00 4.2827002418110878e+00
    1.6971153414478243e+02 -8.5527412384184103e+01
    1.8431943513924492e+02 5.2822199952121558e+01 2.0189999426162760e+01
    1.6335464574857670e+02 2.7367103313256269e+01
    -5.6660159607929749e+01 1.0206602574708458e+02
    -1.3834585456097628e+02 -9.2905732351730705e+00
    2.7888668483859842e+01 -1.1678798199403777e+00
    -1.0925618394806206e+02 2.0350977284268165e+01
    7.0880514116736265e+01 7.9262632214681190e+00
    -2.2987931364662538e+02 -1.3094521866195896e+02
    1.2006990611885172e+02 -1.6267381045631314e+01
    -1.0631815138340610e+02 -1.1090479453401146e+01
    -1.7714655971751205e+02 8.7144442878501600e+00
    9.4346708532946906e+01 -1.5980140114170995e+01
    -1.4863181069927879e+01 4.3304647880012617e+01
    1.6897821467822385e+02 -3.6096313339816135e+01
    -1.0711583501666577e+02 1.9251555069932877e+01
    7.7304834071786786e+01 1.3859040299829312e+01 1.0117572559929719e+01
    -3.7923735339312050e+00 -5.3621283594989819e+01
    4.8908596100037656e+01 2.3425878153281411e+02
    -1.0912949001234114e+02 1.0549423172924800e+02
    -2.2206107726089478e+01 -7.6835023885941979e+01
    5.4574658176965002e+01 -5.5798894501864012e+01
    4.2380629021354366e+01 1.2961375258867189e+01
    -1.3736899252579398e+01 -4.5827106308220763e+01
    -1.9538766479421716e+02 5.9491156859035762e+01
    4.3384346368852157e+01 5.1055339142873976e+01 4.0656358497611677e+01
    5.2505243764739291e+01 -5.1044678351936838e+01
    4.3066882970996105e+01 3.8865873831421027e+01 4.3385036006163403e+01
    -3.6289225498342084e+01 -1.1778914338866278e+00
    3.5742743617376846e+00 -7.4680229650173487e+01
    -6.8974528288374202e+01 1.4172906752139943e+02
    -2.8289281028566144e+01 1.2917403474672241e+01
    5.3474567691079791e+01 -9.6614961402666310e+01
    -1.4323479744650987e+01 4.4626088554662275e+01
    -2.0223647459122496e+01 1.2775343738427927e+02
    -6.3889332169277075e+01 3.3035343167207742e+01
    -9.5375440466501232e+01 -3.2192175159193212e+01
    -9.7895439904318977e+01 -6.3413344303309671e-01
    3.3166271108183764e+01 3.9316150848862051e+01 5.3012795047632480e+01
    2.4439554933556071e+01 -3.7586176927266607e+01
    -3.3258299029275813e+00 2.5382251244424570e+00
    2.4316920670696327e+01 1.0937728257226721e+02
    -2.5783294229551490e+01 1.1457349336634736e+02
    -7.8102636586960443e+01 -2.3406317613875533e+01
    1.1855007511403704e+02 3.5919760907601450e+01 1.3126928446329366e+01
    1.0657204993910922e+01 1.0416118016392619e+02 9.9059239028315559e+01
    5.5337634485876288e+00 -1.2904887259068266e+02
    -1.0421596950790594e+02 4.6374545666027647e+00
    -9.8905066913328724e+01 -7.0128782972829725e+01
    -4.7975428000172071e-03 -1.0509210009402953e+02
    1.1173921092303296e+02 2.7540152523937127e+01 1.8561412673362572e+01
    -4.4078217153783385e+01 5.7929323071305369e+01
    -2.5894580587899465e+01 -5.3334831285854371e+01
    9.6161838752982476e+00 -1.1718365269492713e+02
    1.0565707675570579e+02 -8.3795948543835920e+01
    -1.0929386306972414e+02 -3.1896277466707140e+01
    4.8752870472822195e+01 6.1051975208804073e+01 7.7472951132192094e+00
    -1.1204473905545268e+02 9.2719900777291109e-01
    -3.8957980017471577e+01 1.9241082498884186e+01
    5.4454454176139883e+01 -2.1174473854069241e+01
    2.3590705836582277e+01 -1.5145358267485170e+02
    3.3940657808850730e+01 6.6564650607067762e+01
    -6.1672056328221828e+01 3.2667024057699031e+01
    9.8330469019147184e+00 2.2708863080871556e+01 2.6758285263184810e+01
    6.0281649492432692e+01 2.9216912542219418e+01
    -3.4997119440086756e+01 -1.6842061860834531e+02
    6.1414357237126602e+01 4.8738604152007738e+00
    -1.1581604661081207e+02 1.6760998432109051e+02
    4.0905436695997267e+01 8.3905338964255250e+01 5.1761169034016739e+01
    -8.8566847943817621e+01 1.1062308965033907e+02
    1.0704822990694632e+02 9.4551424213501818e+00
    -6.6246990841772615e+01 -7.6799852456299973e+01
    6.8540851451837810e+01 6.0160854164976897e+01
    -3.9004246762226416e+01 -8.7853852068254724e+01
    7.1341906059473118e+01 -1.6956855558078888e+02
    -7.4049821355559359e+01 -5.0298886468888551e+00
    -1.3905192067559915e+02 -5.5658760622682708e+00</data></s30_2>
</opencv_storage>
