<?xml version="1.0"?>
<opencv_storage>
<s30_1 type_id="opencv-matrix">
  <rows>200</rows>
  <cols>1</cols>
  <dt>d</dt>
  <data>
    1.2534852874714559e+03 1.0741900280172193e+02 1.0104621369397053e+02
    -9.8018948123057680e+02 6.8292522284163363e+02
    7.1387178971765923e+02 2.7566514696832547e+02
    -4.0484591810371239e+02 3.9685489215169093e+02
    -5.4083838809392182e+02 -1.7433327976921152e+02
    1.1565511073335909e+02 -3.3291772327450161e+02
    1.1546462229109879e+02 1.7581288470818259e+02
    -4.4175819758387206e+02 3.9237939596016861e+02
    -5.8518888950671091e+00 -2.4769191495793770e+01
    5.1794881780051662e+02 4.0543783190580467e+02 2.6573638877325180e+02
    1.8382812989024669e+02 1.2610893892235109e+02 1.2322741701106330e+02
    1.7801428488692824e+02 -1.1692033582953904e+02
    2.2644667649980670e+02 -1.3398662779149342e+02
    -1.1872341879477480e+01 2.8145899512217241e+01
    1.5771453039051828e+01 7.5659929321542265e+01 1.6888412108086186e+01
    3.7664693730280121e+01 1.0763956278286484e+02
    -3.4419091853253425e+00 2.3510814873496949e+02
    2.1385560333450094e+01 -5.5812600221120668e+01
    4.2566946898474704e+01 -1.2220147604348301e+02
    -2.7878377519349186e+01 5.7707634631673876e+00
    -1.6553295302697634e+02 1.1044068978531054e+02
    9.8417368879057975e+01 1.0493996068502564e+02
    -2.7470985876087150e+02 -7.9316306884673921e+01
    2.3416792156048096e+00 -1.4435560559693108e+00
    -9.8778465271719398e+01 -1.6644709057244043e+02
    1.9027814434176346e+02 -1.0684845287943435e+02
    -4.7604906615944181e+01 8.7043975270273748e+00
    -9.6513064092477251e+01 1.2433888340450068e+01
    6.1723123859100426e+01 1.2928350475045862e+01
    -2.3517306479881828e+01 4.9786124543277708e+01
    6.0808172048858182e+01 -5.8442939531560050e+01
    -1.2687667187407851e+02 -8.8887191998110993e+01
    7.6281111537152000e+01 7.7406391536464497e+01 2.9470851875094564e+01
    -2.9632881784712318e+01 8.3904597539393833e+01
    1.1820040645405506e+02 2.8959433333760109e+02
    -5.0403061170276622e+01 3.1342656969099384e+01
    4.3028111667314043e+01 -1.1908226092437216e+02
    -9.2748269780624888e+00 -1.2619158524362285e+02
    1.0844979186816737e+02 -1.4019509575326925e+01
    4.3988209268364130e+01 1.0182556536866159e+00
    -9.5549319361968884e+01 -7.7175997703938011e+00
    -1.0436683054138754e+02 5.3304601264986530e+01
    -4.4455386367501264e+00 9.7454287885363051e+00
    -1.5091012147541096e+02 6.5015451071026092e+01
    5.1926484642800268e+01 1.1811697440166498e+02
    -2.1337672050346601e+01 3.6881827642917429e+01
    -2.1819073317563760e+01 -8.9086471289766791e+01
    -1.6143225771950284e+01 3.5974428532791883e+01
    -1.5437648509252110e+01 3.6504943884786918e+01
    4.9198709623738125e+01 -7.9097816024588468e+01
    1.4983457161747532e+02 8.6736502713254055e+01 4.7910585544908777e+01
    5.5483403839602630e+01 4.9211530415210319e+01 4.5926138443155018e+01
    -1.0723635637586474e+02 -1.2674908694605215e+01
    -8.2236661521162162e+01 -2.7034186877859167e+01
    -1.1076228293165293e+02 2.1697062860970178e+00
    -2.1563743172625085e+01 2.5212701149038729e+01
    -5.2739743205614388e+01 -4.3084204492766084e+01
    1.3407597463802819e+02 4.7565247134711235e+01 1.8458482961950449e+02
    -7.1281186070579414e+00 -1.7481159093790311e+00
    -5.5518290949202225e+01 -1.2305097099850829e+02
    9.3984078221284719e+01 3.1296153367177808e+01
    -9.3322213547419501e+00 -1.7068933003226274e+01
    6.9615714044755933e+01 1.5442165602156476e+02
    -6.0888651673775698e+00 -4.5197461336517378e+01
    -7.6131293150184973e+01 5.4396395090153653e+01
    -5.4129381463245508e+01 -5.6698709766339320e+01
    -4.8078103792539942e+01 -1.4872672661048647e+01
    5.7693460360812317e+01 5.5701449228141811e+01
    -5.3642542185678657e+01 -7.6695205109591370e+01
    4.9721336771662521e+01 5.5499068861182430e+01
    -6.5639688252057425e+01 1.0149409081510186e+02
    -3.3514295436485483e+01 2.7414181007058520e+01
    -7.8218436956157888e+01 -1.0285899255622007e+02
    -6.3223592846623031e+00 5.8233269122546830e+01
    5.8940084382062686e+01 -1.0669596999683570e+02
    1.5128149181534162e+01 1.7792032913756717e+01 3.6221293743361109e+01
    7.9877962098179793e+01 2.0418760179604821e+01
    -9.8761837054357883e+01 -1.0305233324580365e+02
    -1.6883092643769365e+02 1.2168869191579417e+02
    1.2414138299429425e+02 -2.9777319439999122e+01
    1.6145470359952698e+00 5.8827158711391107e+01 1.2645989874084760e+01
    -8.9064551381063538e+01 -1.0967875684921072e+01
    9.0578343772647571e+01 -5.4386542815035867e+01
    -1.9902581192862729e+02 -3.3336409527616695e+01
    7.2400891320771086e+00 -1.6114834902399392e+02
    1.4894677026915122e+02 3.0681971492566891e+01 3.2592734497594527e+01
    7.7840559766028363e+01 4.5017220300790939e+01 4.6599176982231846e+01
    -1.5554573568982402e+01 1.4388394900596359e+02
    -8.6428412955943337e+00 -8.0661636052512591e+01
    9.2899329113260563e+01 6.0326989594180340e+01
    -1.4333069963199129e+01 -8.0457295248809913e+01
    4.5417296007992597e+01 -1.4707328838657267e+02
    -6.1503570801590499e+01 -9.1198814828150780e+00
    -1.4189091328472776e+02 2.5281778378519828e+00</data></s30_1>
</opencv_storage>
