<?xml version="1.0"?>
<opencv_storage>
<s31_4 type_id="opencv-matrix">
  <rows>200</rows>
  <cols>1</cols>
  <dt>d</dt>
  <data>
    -8.9347474409156302e+02 9.1845744272515276e+02
    6.2729832752572099e+02 -8.0518797154140407e+02
    7.2670952265684753e+02 -3.0982024059446252e+02
    -6.7291275225165919e+02 -3.9814086804299183e+02
    -2.1834812239676717e+02 -3.3625115302940861e+02
    -1.6209602304973433e+01 4.9125747177303488e+01
    3.5936906182300731e+02 3.3482513812380665e+02 2.3702387937352313e+02
    -1.5352140747621652e+02 3.9202398055109558e+02
    -9.6453588863337117e+01 -7.1963297100087615e+01
    5.5402882278130403e+02 2.6656899458371322e+02 3.5486382899915856e+02
    2.7057525401458923e+02 7.3630891739200166e-01 5.4429770352343688e+01
    2.0936035638011654e+02 -5.3158522007100885e+02
    -1.3586259431536155e+02 2.7647783778133686e+02
    -7.4725383204577625e+01 1.0638698745468284e+02
    -7.5600660721231691e+01 1.6350920783141657e+02
    4.9182164095908256e+01 -5.1724862242358114e+01
    -1.3585958236229715e+02 -1.9521093521772113e+02
    -3.8338235317691954e+01 2.3872198158455382e+02
    -9.6827423741532584e+01 -1.5667827368824098e+02
    -1.0479578025493892e+02 -1.3979308993976437e+02
    2.9054685212941106e+01 -2.7129933097996012e+01
    9.6992254771324554e+01 4.2595074502775141e+01 4.0088502897842304e+01
    -1.9460574384124379e+02 1.1662299098327223e+02
    -4.0965067265163491e+01 5.0309109298935560e+01
    -2.0225439265793037e+02 -9.1559109626386316e+01
    1.7736925224787765e+02 -1.3480530879222025e+01
    -1.1738938099198684e+02 2.3764054877407457e+01
    -6.2294843963301304e+01 -7.3761760338848418e+01
    1.2414154564092361e+02 1.0205359656617014e+02
    -3.8475395828996078e+01 1.8173924521317055e+01
    1.0161514410296989e+02 -4.2570194817858571e+00
    -7.2755394726671838e+01 -3.2146674998320009e+01
    -1.5273923611138966e+02 6.9297199367720665e+01
    3.0705545910470530e+01 -1.8217788134365453e+01
    1.5690834718467075e+01 -4.0139528664322270e+00
    1.4472596998801416e+02 -1.2535943438456465e+02
    4.5886601487197360e+00 2.1606965776139177e+02 2.4229945930082089e+01
    1.7970426827122235e+01 -1.0585546988790463e+02
    4.8894956600659221e+01 -5.3629786183562587e+01
    -1.2604558802460819e+02 -2.1850075123084348e+01
    3.6159871807129818e+01 1.3598201006524775e+02 3.3028786950465658e+00
    5.9388187985456327e+01 -1.3273732778194881e+02
    -1.2333881793807190e+02 -1.3279864615582761e+02
    -8.4273604692340918e+00 1.7694053517023267e+00
    -2.3869063978713894e+00 1.0627157994285551e+02
    1.5418050193404989e+01 3.3501193857942809e+01
    -9.5395525381207946e-01 -9.0973416761717530e+01
    1.1382162517298643e+02 -8.2310277873985015e+01
    -4.0812904706720538e+01 6.0483434093563766e+01
    -7.8589987289253216e+01 -1.1244976630911207e+01
    2.0673974493233096e+01 1.6278021642793895e+01 5.1524481634868565e+01
    6.2507491202869076e+01 1.5498310799019482e+01
    -1.3726615166740652e+02 -9.7343009196932300e+01
    -6.9837490475464719e+01 2.0092032092852435e+01
    -3.0083156388867796e+00 1.7369479395687023e+01
    7.2038640404650380e+01 6.9557588561817596e+01
    -2.5650392045966001e+01 -6.0672706253685035e+01
    5.7040178207265896e+01 3.4376942316953290e+01 1.3348898509483618e+02
    2.1940478511854046e+01 -2.1786617606096268e+01
    6.5260523659377441e+00 -4.9407874324032370e+01
    3.2463231660693573e+01 -2.5918111880765107e+01
    -8.1042555475676270e-01 6.7756440269536952e+01
    4.5724835772464829e+01 5.4824481806369086e+01 1.5351059690867723e+00
    -6.2966492959119435e+01 -7.6676315974663368e+01
    1.1205192189286469e+01 -1.7142814258000783e+01
    -3.4395302572527022e+01 -5.0178385344522560e+00
    -9.7267716350934393e+01 6.5735906029836514e+01
    4.2868679263151137e+01 2.7878737805372637e+01
    -2.0479536202528337e+01 -3.5812498512149360e-01
    -1.2055519330313315e+01 -6.6056291618155583e+01
    4.9220401372949269e+01 1.7329048773202270e+01 5.3340822847686830e+01
    -5.3648115470719645e+01 -1.1530937845708088e+02
    -2.8687076084042488e+01 1.7825972389476103e+01
    5.7219044738233215e+01 -9.1619505477023623e+01
    2.4476393442928220e+01 3.0159594597468367e+00 5.1610540943376613e+01
    8.3493655842335045e+01 5.6664657033143648e+01
    -2.9511501574528722e+00 -3.0116910723272055e+00
    -1.3972921254896988e+02 4.1162504652108396e+01
    5.4347030992138066e+01 -4.4361787658812538e+01
    1.0180544768706280e+02 2.8432270812443608e+01 1.0541445681515189e+01
    -1.7502262149420197e+01 5.0451471239895973e-01
    5.2495466043529895e+01 3.5229486455833253e+01
    -9.2099649234168751e+01 9.4285933923325501e+01
    -3.6252939295752453e+00 -1.6260195317012185e+02
    2.3088463119707396e+02 8.3872171593434516e+01 4.8417113095349123e+01
    -7.3680152080063257e+00 3.3157605989189385e+01
    4.2204019296830822e+01 4.1497404327893044e+01 9.8182290373461598e+01
    -4.5732793605955806e+01 -6.7717390899954594e+01
    7.0317630098651534e+01 8.7551088520666468e+01
    -1.5648617152561680e+01 -6.2492028793815329e+01
    5.1646892508659050e+01 -1.7197738026577954e+02
    -7.1626525669796138e+01 -2.4197429238065951e+00
    -1.4210888345358092e+02 4.2753853195143403e+00</data></s31_4>
</opencv_storage>
