<?xml version="1.0"?>
<opencv_storage>
<s31_2 type_id="opencv-matrix">
  <rows>200</rows>
  <cols>1</cols>
  <dt>d</dt>
  <data>
    -1.9835387703635871e+02 8.1991465804827590e+02
    6.3067654678299289e+02 -1.0937588944729305e+03
    1.0119590854350162e+03 -2.0851521781521382e+02
    -5.5731620092889625e+02 -4.3331115056740214e+02
    -1.2888756991982421e+01 -3.8138705824522839e+02
    -9.8659313671544723e+01 2.3472228110468839e+02
    1.1978869626065239e+02 4.1418473013549698e+02 1.3327064530488701e+02
    2.5957400779056229e+01 2.7989551066070601e+02
    -6.5661074376478823e+01 -2.8783376591497006e+02
    4.2183644757031772e+02 2.9350034584344195e+02 2.6869052248202723e+02
    3.5863836584777033e+02 -1.4724455653079174e+01
    -1.1645408792681344e+02 1.5399676675196017e+02
    -3.3425033990847800e+02 1.3766480941686189e+02
    1.7789917122954662e+02 1.1827353553293442e+02
    -2.4993326201053750e+02 -1.1843825277669021e+02
    6.6935271239912140e+01 5.0041556623148850e+01 1.4700820329307550e+02
    1.1053403883986100e+01 3.3337405686754664e+02
    -4.6216184050178597e+01 -1.0761600591420012e+02
    -7.7942952826135867e+00 -2.1902031785305289e+00
    9.8939136129416298e+01 6.0820616837998408e+01
    -6.1359176313973833e+01 1.1253758419136943e+02
    2.5343642201406530e+02 -4.3563386066500897e+01
    -1.6650866960222700e+02 -8.3322253728544382e-01
    1.2476490796651063e+02 3.1369256175661999e+01
    -1.8585703383414219e+02 -3.0914516528028763e+01
    -6.1165079956392688e+01 1.8930568110914498e+02
    -7.3273309077693170e+01 -2.3400630632876291e+00
    -3.7669666729779379e+01 2.9449795762490544e+02
    -7.9548485037840052e+01 1.3080100465719440e+02
    -1.2093144281834100e+02 -5.2313089217547429e+01
    -2.6810789247845997e+02 -1.7918883612855802e+02
    -3.5418055842879895e+01 1.7984258565235329e+01
    -2.5079789722551388e+02 -4.2315092532285931e+01
    2.9636299471238505e+02 -1.9431123710733101e+02
    9.8743768016924491e+01 -2.3326140034605402e+01
    5.5895737289822392e+01 1.9803836220999835e+02
    -1.0685023062717043e+02 -2.2369419039786344e+01
    1.3736933872005897e+01 -1.2006055386800489e+02
    8.8831168291103978e+01 7.8133626353286473e+01 1.7286127286667644e+02
    1.0617817725889870e+02 -3.5478194090296348e+01
    -1.0212509201230372e+02 -7.8450847181198469e+01
    7.7325131391003566e+01 3.9140457402398745e+01 7.1210051665358108e+01
    -8.9166231586382921e+01 7.0963521408716375e+01
    -1.2037547454715947e+01 -3.2452359533219592e+00
    -1.1303524430302278e+02 3.7863423716857504e+01
    -1.4404859769387144e+02 -5.0663379707337874e+01
    -1.1057887278489321e+02 -2.7603382048221984e+01
    2.6752025935640063e+01 1.6734103133238818e+01 1.9563484867230734e+01
    -6.4563258015608795e+01 7.3302505812172836e-01
    -6.7255103321176250e+01 2.6805653418503407e+01
    1.0856749415692630e+02 1.5755929235358185e+01 7.9225844750786166e+01
    3.8319223699467713e+01 5.1806123396604349e+00
    -1.0801137484066768e+02 -2.7658833184798691e+01
    -1.2347002229031744e+02 -1.8732112188062619e+01
    3.3326073383346255e+01 3.3157642741718611e+01 3.6454839079367119e+01
    6.0377734833644396e+01 2.2891196664076222e+01 5.5061607582959240e+01
    3.1693422791820876e+00 4.4010222980256941e+00 1.3338359185758074e+02
    -3.2947525548044272e+00 1.6720989725470368e+01
    -2.1700687566298971e+00 -1.0153229498331572e+02
    3.7801378771273924e+01 -1.1555799714366211e+02
    -2.1714820381266254e+01 5.0736279741807522e+01
    8.3441763311349710e+00 1.1126617101154550e+02
    -4.5626364114081852e+01 -7.6961615590383801e+01
    -1.2731867984558036e+02 8.8575258324788297e+00
    -6.4629368351615369e+01 -7.8044549309472968e+00
    -3.5119289587507438e+01 -5.6958601324832365e+01
    1.4107877211260364e+02 9.0490531806996486e+01 5.3977699409395665e+00
    -2.8303792963377909e+01 -9.6748594635981515e+00
    8.1923882139287922e+00 -6.7428091924682363e+01
    1.1816401392096613e+02 -4.8378699325890508e+01
    -6.8508415134440819e+00 -6.8345163671543233e+01
    -6.6363786184538824e+01 -1.9347839260802417e+01
    1.1944775993337913e+01 6.2974393404123653e+01
    -5.4840614927197329e+01 -4.4424652031239361e+01
    4.5315951661380929e+00 -8.9749307279302162e+00
    3.3517814181582590e+00 3.9551891845571561e+01
    -4.2549139264365820e+01 -4.6619277165440010e+01
    -1.4289392171133483e+02 4.4124264617122478e+01
    9.4819607837700715e+01 -5.0902992092097882e+01
    2.9019971955023180e+01 3.4843587293377581e+01 2.2774674229590552e+01
    -4.3572907729386515e+01 1.7076554655590765e+01
    4.9370330580363472e+01 -6.4016548841753433e+01
    -1.8421663755321944e+02 6.2981367148115012e+01
    1.6839022903481268e+01 -1.3680752891881878e+02
    1.3411738503944787e+02 3.3148203281669609e+01 6.1240640878552021e+01
    6.3466609750759339e+01 -7.7623177555513792e+00
    7.9896162685539707e+01 3.6980971497577869e+01 7.6392793173347997e+01
    -3.3109097830517882e+01 -7.1686544648593355e+01
    6.9177634973692690e+01 6.5061890837913737e+01
    -3.6493293632692733e+01 -8.9194564758369324e+01
    4.5059949235853281e+01 -1.5617602658254722e+02
    -7.4816241978116793e+01 -6.1656883629899202e+00
    -1.4148690665599250e+02 -4.3015980239258127e+00</data></s31_2>
</opencv_storage>
