<?xml version="1.0"?>
<opencv_storage>
<s31_1 type_id="opencv-matrix">
  <rows>200</rows>
  <cols>1</cols>
  <dt>d</dt>
  <data>
    1.0310874970724306e+03 -2.2035509264577763e+02
    -6.9581743292999960e+01 -4.0495987045182522e+02
    7.6143073523834084e+02 5.2929120706999504e+02
    -1.6360895260183679e+02 -1.0484337213696751e+03
    6.4419336318713783e+02 -1.1320712660431502e+02
    1.9830241089570538e+02 5.2142629963282184e+02
    -1.9549741931876889e+02 2.5396651573465417e+02
    -3.1198789195197200e+01 -5.0462467083773288e+02
    1.4460227546989267e+02 -2.0440155700051699e+02
    -4.0799293819601679e+01 1.6380648655555055e+02
    4.2835986764619456e+00 1.6919575763931942e+02 2.7717424697578917e+02
    6.9354757300768782e+01 1.4597210479267022e+02
    -3.2087966913761846e+02 -2.0295895702106174e+02
    4.1246358436033447e+01 1.4373687198511007e+02
    -3.3961155591077886e+02 -3.0223659814706583e+01
    -1.3802893017858545e+02 -8.8793199224099681e+01
    1.2040825319442889e+02 2.8126225666978451e+02
    -7.6646855449945988e+01 -5.6908517041905881e+01
    1.0375298858490430e+02 1.9540541269184007e+02 3.0810224282708486e+02
    6.1594950801998714e+01 -5.7702962701472117e+01
    -8.3976998683798058e+01 2.1478664858296739e+02
    3.8212138039636336e+01 2.9886805817258596e+02 4.5675398371677467e+01
    5.5443543534388390e+01 2.2343380221640917e+01
    -1.9135275737103973e+02 -5.8190977639637529e+00
    1.2488973758760100e+02 -2.0905899588705020e+02
    -2.7933452772979621e+02 2.6333919906747758e+02
    1.2454570625524453e+02 -2.6216965343517052e+02
    -3.9313650154613853e+01 1.6937242853006495e+02
    -1.2305961357549201e+02 1.5336449035494326e+02
    1.3844470756541727e+02 -1.8146944266462449e+02
    1.1943625416660643e+02 1.2358216191713699e+02 1.0666148707110268e+02
    -2.6727931485480849e+02 8.3563759961309060e+01
    -6.3875969500434806e+01 3.0772565960973640e+02
    -1.2975491234974464e+02 -2.5577028394134814e+01
    1.0291182418438214e+02 1.5495326532176284e+02 1.4446847338078083e+01
    9.4688517120371642e+01 9.4864958542087024e+01 9.4711930857005513e+01
    -1.5065776776051570e+02 -2.5686079413668434e+01
    -8.4711391421670427e+01 -6.7473496882843591e+01
    5.1597182672923203e+01 -2.1857979016349226e+01
    -2.6518265437925663e+01 -1.1109023559875428e+02
    -5.0501305737356816e+01 7.5496102906698539e+01
    -2.0731336064122701e+00 -1.5686806775441960e+02
    1.5559456831257643e+02 -4.1119291375312962e+01
    -4.5509915707068728e+01 6.7830940913458363e+01
    1.0292359413310412e+02 7.0162211489438562e+01 9.5739856036962827e+00
    1.3258578926206877e+00 4.1967138475668420e+01
    -6.3424538801717190e+01 1.6992246062477591e+01
    3.9674045164249826e+01 5.3910729726561250e+01 8.6628299686666324e+01
    -7.5938876535291172e+01 6.0430455307077352e+01
    8.0734751870293749e+01 7.4575759611664125e+01 7.9683148427416171e+01
    6.5415486113233868e+01 -6.1199084934667304e+01
    -1.2250485972639376e+02 -9.6259088340292749e+01
    -8.2584338177381980e+01 3.3643624164732230e+01
    3.5484814987294557e+00 4.6555194949297771e+00 9.3097226200629279e+01
    1.5112682549442758e+02 -1.4618030630968278e+01
    1.9497607135300715e+01 3.7350731233822763e+01
    -6.3673919098031160e+00 1.1676806876266193e+02
    5.5774696869946609e+01 4.2363879721792102e+01
    -8.0865407303016312e+01 -6.6352103737806289e+01
    9.1232881766660245e+00 1.4151167015835206e+01
    -8.4920984500340452e+01 9.9394472360398822e+01
    3.4160365220457365e+01 2.7542733248437344e+01 1.1059189383238003e+01
    -9.4154489249874771e+01 -6.7976520634859909e+01
    -2.8825656284274491e+01 -5.2529616770304365e+01
    -5.2332940383732385e+01 -2.7839250180240001e+01
    -5.2162735613268225e+01 8.6660447416019878e+01
    3.9871289024571581e+01 3.0022890436984071e+01
    -3.8572337578672489e+01 -3.9757660772813999e+01
    3.3778967815035874e+00 -6.0291845376294226e+01
    8.6897949695094354e+01 5.1668911657192611e+00 1.8564436121953872e+01
    -7.6487363292301694e+01 -4.4679149812636759e+01
    -9.5988030783047336e+00 2.8833141385380365e+01
    7.6754778032165717e+01 -7.8973229064413061e+01
    -4.4138180753481265e+01 3.3236219714787918e-01
    2.4171669596615736e+01 4.4144884306087890e+00 4.7451451600238094e+01
    -1.8096942062856172e+01 -2.7912606097165870e+01
    -1.6444867686897791e+02 4.7746017719997170e+01
    1.1628502247404431e+02 -5.1760530398413472e+01
    7.2030684028465870e+01 4.9657421837758150e+01 3.3788664816604111e+01
    -4.9790181997478108e+01 3.3850942499402990e+01
    3.3107014629828143e+01 -8.8303908507456100e+01
    -1.8320648568561282e+02 1.8808917949264572e+01
    4.4247965526889431e+01 -1.5216890091319158e+02
    1.6089815607359927e+02 5.9916319017047357e+01 3.9002664917068593e+01
    6.2031273784118859e+01 -2.9824276511757798e+01
    6.7866216563643022e+01 4.1103181914366104e+01 6.9993986972653531e+01
    -3.8274472018027289e+01 -7.3436066002984347e+01
    7.0044231027208056e+01 5.8404963555988815e+01
    -3.2682656773487338e+01 -9.0550203069290447e+01
    4.5285514232061985e+01 -1.5533398243264369e+02
    -6.9012134360467840e+01 -2.0350753505758341e+00
    -1.4377644339994239e+02 2.7662698002716435e+00</data></s31_1>
</opencv_storage>
