<?xml version="1.0"?>
<opencv_storage>
<s31_3 type_id="opencv-matrix">
  <rows>200</rows>
  <cols>1</cols>
  <dt>d</dt>
  <data>
    -8.4626415085765871e+02 8.9182902354116572e+02
    6.9405188401441535e+02 -8.2877385632395544e+02
    6.5274848838628679e+02 -3.0806929980675670e+02
    -5.8385521923133126e+02 -4.4810658538251357e+02
    -1.1207804405202529e+02 -3.5276533396349396e+02
    -4.9531875826783057e+01 9.2935691468466473e+01
    4.2611327484338722e+02 3.2880023597612580e+02 2.5302098676769435e+02
    -1.8474642014576006e+02 4.7774244369443119e+02
    -2.0446137242356340e+02 -6.9553322890633339e+01
    5.1989285332277984e+02 2.9875433203247741e+02 2.9728554817544506e+02
    2.9433302405361115e+02 1.8812692880322821e+01
    -1.1146167307466033e+01 2.0636480435018652e+02
    -4.5072881948542147e+02 -8.9799863385288134e+01
    3.5352201862627629e+02 -4.6509519971980566e+01
    3.9919294622171293e+01 -1.0914257282380090e+02
    1.9469173032341254e+02 1.0264781893796295e+02
    -8.3971645133316386e+01 -1.4803935333928254e+02
    -1.0703839933993677e+02 -8.6189758863072370e+01
    2.0768171930667069e+02 -5.7874351747623301e+01
    -4.2717802145711701e+01 -2.7415681939591284e+01
    -1.5777430678821563e+02 1.0578288040004733e+02
    -5.6279224453632018e+01 1.4054312151290785e+02
    -1.2265630828803957e+01 5.3896548497492304e+01
    -2.0730728242268268e+02 6.3959780707418759e+01
    -3.0609676753680731e+01 3.9761289817451534e+01
    -2.1193668774725845e+02 -1.6808208191626309e+02
    2.2828806080194346e+02 2.3074769321508670e+00
    -1.2553028276387960e+02 1.6320423731847434e+01
    -1.0276929269944199e+02 4.8728411563153582e+00
    1.0831178539788276e+02 3.6436079078433139e+01
    -8.0565344411303698e+01 1.1435865810270802e+02
    1.9097830384210678e+02 6.4458651248902740e+01
    -7.6765906709498722e+01 9.1502475586445755e+01
    -1.2421898995963994e+02 4.3695460553732531e+01
    3.4071214887103629e-01 -1.3622022459988901e+02
    4.7619059424413720e+01 1.6584364976583004e+01 1.2677440847905252e+02
    -1.8391727001183514e+02 -1.3392548681026003e+01
    1.1527922293548420e+02 1.1885137462409045e+01
    -8.6301112216663228e+01 -9.4617263564425073e+01
    9.9483486591570895e+01 4.4136215641843336e+01
    -1.1566046658546793e+02 9.7831554250830823e+00
    7.8109856573370440e+00 9.4016756709611627e+01 2.9345200335216433e+01
    -1.6487411453861597e+01 -7.0361208944382369e+01
    -8.1666214114264847e+01 -6.7927205179815147e+01
    -4.6237623414731779e+01 6.0701961187164684e+01
    6.4329049097068332e+00 2.7909878422373140e+01 3.4550978965996730e+00
    4.2462150874359921e+01 -1.7906192797432290e+01
    -4.7448142706914879e+01 7.2644302154292816e+01
    -6.4871872467382474e+01 9.0812723034565206e+00
    5.0077257143436086e+01 -8.6774319612222541e+01
    -2.9373408358811645e+01 -1.9008316811973314e+00
    -9.3814030199641554e+00 4.0737269326040000e+00
    9.3071510270197336e+01 4.7582759536821555e+01
    -1.6642678773815697e+02 -1.0089275959828967e+02
    -1.2329386039955767e+02 6.2255789240962152e+01
    -2.9426297783988939e+00 -2.9693447424983120e+01
    -3.6787520730469986e+01 1.8785446056205593e+01
    6.4169712872680247e+00 -5.9480507489628721e+01
    6.3233107004252631e+01 3.2585305023217444e+01 1.6032830317128634e+02
    7.9050848481034341e+00 6.9137149161349811e+01
    -3.4299501531618731e+01 -6.7038088866622871e+01
    1.0826711002227353e+02 1.0453865364457865e+01 8.8747351368030785e+00
    5.5805920670885023e+01 5.7850848643433082e+01 6.7123049734427084e+01
    -1.1128018808759248e+02 -1.8213204606612653e+01
    -1.1126599934104090e+02 8.5662199219642346e+01
    -8.4283444203141130e+01 1.7754295312453038e+01
    -7.6318786038793291e+01 -5.3179510932008903e+01
    1.3071980554689617e+02 1.7557234233939319e+01 2.6816333846264406e+01
    -7.5593757895430514e+01 -6.1817061592203856e+01
    1.6946624738596396e+00 -5.9645163072244316e+01
    1.0179982753535462e+02 -4.8548872749176276e+01
    3.2501319128155991e+01 -1.2991255620073215e+02
    -1.7857884486301611e+01 2.9980322348930212e+01
    -2.1292708675430532e+01 1.6898576456964442e+01
    -3.5679943125765902e+01 -8.4471837701879991e+01
    3.5503042086204871e+01 -2.0585572678740299e+01
    -3.7996938954043031e+01 1.2294506864630000e+01
    -8.2354191540618999e+01 -9.7810243013319976e+01
    -1.4040047738210595e+02 3.0946437194721263e+01
    9.7509542236982625e+01 -2.8233033396362316e+01
    1.8981599713428672e+00 5.3129764352643122e+01 3.7558342416135140e+01
    -5.5135119028524251e+01 5.4393321306729135e+01
    1.3350733800149722e+01 -1.5875395186187785e+02
    -2.5061742710095697e+02 1.8708194457702279e+00
    4.5091600840802570e+01 -1.5827920261683215e+02
    4.8799222507107586e+01 9.2497180488458675e+00 6.2367544039477011e+01
    1.1987979785933953e+02 -2.3003088116132254e+01
    9.8836488578680829e+01 6.3186183727121900e+01 6.1706260941557325e+01
    -2.2431017386939097e+01 -6.4447264638304873e+01
    6.2637129944578092e+01 2.4999218693061191e+01
    -3.4282855240744567e+01 -9.1615627245105543e+01
    5.9344712357517743e+01 -1.4722821277211469e+02
    -6.5941517787414014e+01 -7.0337699408941043e+00
    -1.3682971526979651e+02 4.9806795317001384e-02</data></s31_3>
</opencv_storage>
