<?xml version="1.0"?>
<opencv_storage>
<s31_5 type_id="opencv-matrix">
  <rows>200</rows>
  <cols>1</cols>
  <dt>d</dt>
  <data>
    -1.0619761402995139e+03 8.7060106060519763e+02
    6.3824370695440712e+02 -6.5873028483419023e+02
    5.1505981575925284e+02 -3.0393772046073110e+02
    -4.6982768620979903e+02 -3.1282178388438319e+02
    -2.3074796887891887e+02 -3.7631625871500466e+02
    4.0306631904409436e+01 5.8632426280435226e+01 5.6673806576977654e+02
    3.8717709981923673e+02 1.6721504519380434e+02
    -4.2110028572989350e+01 3.3701489452403109e+02
    -1.3988454056389506e+02 -1.3538334080925361e+02
    4.3919654122973657e+02 3.9466924363726611e+02 3.2888687036321164e+02
    3.6296565787483382e+02 2.0153728966020712e+01 8.2194956532317846e+01
    7.7950398380932413e+01 -5.0990596614106437e+02
    2.3666647013343042e+01 3.8359150607891036e+02 3.4491436884805722e+01
    -1.3291990952814585e+01 -7.0478346388209687e+01
    1.7321512334597128e+02 5.1073037234572382e+01
    -7.4869258877064453e+01 -1.1401806654479934e+02
    -1.0545769067594061e+02 -3.7426618285431870e+00
    2.5456524845949113e+02 7.7927997082477376e+01
    -7.8253242154422978e+01 -1.3201976976200498e+02
    -9.0596994138590532e+01 1.3378531433514360e+02
    -5.9005222358489895e+01 1.6958839966470350e+02
    -1.1720258154498445e+02 -4.3504361653825228e+01
    -1.0600892333565162e+02 1.1462616755804022e+02
    8.3277605520029880e+01 -4.9968830098802101e+01
    -8.4528799210360631e+01 -1.9753453193149070e+02
    1.3262298461770800e+02 -5.8584622840736102e+01
    -2.5000734430143100e+02 4.8442407398454115e+01
    2.2441500319262917e+00 -1.7877229253372212e+02
    1.5163672291720778e+02 -3.4056098194810879e+01
    7.6171374191765096e+01 1.4243039403446505e+02 5.1335041309487170e+00
    -3.9088573482036310e+01 -2.5294002475171359e+02
    -1.5921451592480083e+00 -1.0212037065048799e+01
    3.4511096891894077e+01 -2.3749682498577009e+01
    -1.8672719385781710e+02 -3.0095705802522219e+00
    1.6356786415610370e+02 3.5015604860413497e+01
    -4.3646020024959661e+01 1.0656269457080025e+02
    7.8044409266761349e+01 -7.0484492185751606e+01
    -9.2507751549598169e+01 -1.3457453097386880e+02
    1.8199304895409662e+02 1.8633013568494044e+02 1.3187698867660029e+00
    1.0335956687208702e+02 9.7670419552077057e+00 4.0525773882473047e+01
    8.5796549336472822e+01 6.0056458956040380e+01 8.7915745762795950e+01
    1.6373636532403651e+02 1.2812611391220659e+02 8.0549398594507068e+01
    7.0707695797945348e+01 1.3145049888478238e+02
    -8.1537654199258995e+01 1.1382743500165617e+02
    -9.9060302440829346e+01 -1.0315207802835036e+02
    -9.4552878630596012e+01 8.2687798072178751e+00
    4.9863165911529371e+01 1.1273748498678310e+02 8.2377739093107579e+01
    -9.6914145168759006e+01 2.6886827869686397e+02
    2.7958364142688886e+01 1.0916546240333567e+01 7.1313584231260876e+01
    -3.2082265376776462e+01 6.5838363965192002e+01
    -9.7244524019643208e-01 -1.6318345398808489e+00
    -4.5928302160078388e+01 -1.4082369276264311e+02
    -3.0753854822818063e+00 5.4578593560447715e+01
    4.6529269248644027e+00 1.2550890768954365e+02
    -4.2268189902936975e+01 -8.3763728810452633e+00
    1.1025973031273296e+02 1.9010785425336628e+01 1.1331921478230012e+02
    -1.0907981293116686e+02 3.4718890300673074e+01
    -1.1821611336661992e+02 -1.0558333038058434e+02
    5.5609378957401852e+01 -5.6841111440417308e+01
    -8.5659756242939444e+00 6.0533067448525550e+01
    1.0824388557562956e+02 4.6426293864279138e+01 1.4607630662950207e+01
    -5.6136669623728800e+01 -1.3364597028892507e+02
    2.8611524325142579e-01 -1.2903751256914564e+01
    -4.3124133253001162e+01 -6.1595360112437305e+01
    -1.4038776765222091e+01 8.7239060836077101e+01
    2.6680916634288273e+01 3.0085961268943329e+01
    -1.6435726905479763e+02 -9.3139499358077806e+00
    -1.9079546046246818e+01 1.4902578698495105e+01
    5.1824569230857527e+01 -9.9088374980376543e+01
    -2.0354467027267900e+00 -9.8587396625698617e+01
    -5.5031724940812559e+01 2.1891938035381671e+01
    2.1934368567088292e+01 4.9155888958494572e+01
    -5.5316101656696219e+01 -7.9179984170531554e+01
    -3.0994737614419577e+01 -2.7503147773708804e+01
    5.9650159370034963e+01 3.0933015263683863e+01
    -3.0841265475816520e+01 -4.5638688148552902e+01
    -1.1948381898371706e+02 2.9576568993317711e+01
    1.1596728657442301e+02 -1.6583239643584299e+01
    4.5814208894770331e+01 4.0135309152142028e+01
    -8.9522495749057569e+00 -3.1800327358441091e+01
    2.1084697648035323e+01 4.2295984459914663e+01
    -6.7890059979569529e+01 -1.5151489146991037e+02
    5.3476112152177521e+01 1.1597348099304323e+01
    -1.3320835604815574e+02 1.9806089256963435e+02
    4.6571619818402461e+01 4.8653987980216023e+01 4.8308998251049481e+01
    1.0543405594592482e+01 7.4530215350322180e+01 5.0870295883600932e+01
    7.4616543380897667e+01 -4.1327893879673574e+01
    -7.5625846661982493e+01 6.4780113963893655e+01
    6.3794642573973967e+01 -4.2760272055472711e+01
    -9.1699584950401047e+01 5.0532664387433741e+01
    -1.5622579830422572e+02 -6.9961157485223467e+01
    -4.1318751931131761e+00 -1.4608972954963340e+02
    -1.9414375756335636e+00</data></s31_5>
</opencv_storage>
