<?xml version="1.0"?>
<opencv_storage>
<s32_2 type_id="opencv-matrix">
  <rows>200</rows>
  <cols>1</cols>
  <dt>d</dt>
  <data>
    -1.2416541671977898e+03 2.5814664934391038e+02
    2.3605095401520970e+02 -1.4719584526186522e+03
    -1.0341920864252677e+02 -3.9420987624296252e+01
    4.7392456370688853e+02 -6.5834511123371465e+02
    -3.2913412790292620e+02 -2.6729985725525762e+02
    8.4584732389149565e+01 2.0279556807841414e+02
    -6.3411174915479300e+01 -3.6154979465609455e+02
    5.9886380369265225e+01 -2.6466301387813951e+02
    1.1245675400952248e+01 -1.0596241239718310e+02
    1.5078066983225125e+02 1.6890910022869795e+02
    -1.4916737915692099e+02 8.7052112107984865e+00
    -1.6260049693340511e+02 -1.6373252384482779e+01
    -2.2815886412296908e+02 2.9402402192963155e+01
    -8.7878973901715113e+01 5.4293414327485095e+01
    -1.1133156337120538e+02 -1.4833432575018793e+02
    6.2078909722449566e+01 -8.6823953932588310e+01
    -2.4335905875388441e+01 -1.5212730016803238e+02
    1.7969225264035495e+02 -4.8906137843012928e+01
    4.6438391565311903e+01 1.2881047122000802e+00 2.5989718879956166e+02
    1.7417461358754778e+02 -1.1418327645162978e+02
    9.7088358660760790e+01 3.3306867782066256e+01 1.7102799047073208e+02
    -1.4516293325206863e+02 2.9399917603577936e+01
    9.1718617736948545e+01 -2.1401137053322255e+01
    -3.2649660200379927e+01 -1.4946995245493540e+02
    -2.5494336801506330e+02 6.2170233616525771e+01
    -1.3334147601212797e+02 -2.0542641328501819e+02
    3.3501496576623623e+01 -6.5765236477195955e+01
    -1.7768552924569931e+02 6.0359925787977190e+01
    -1.5803150630271534e+02 -2.7858557608020271e+02
    2.0500093097301192e+02 -8.9482938716925176e+01
    3.7772876622855840e+01 -1.1529791084482176e+02
    -9.2617055316737449e+01 8.5723763408517542e+00
    -2.6860519202548477e+02 -1.0712217932200936e+02
    -7.2204642759280731e+00 5.6088823200195073e+01
    -1.9238419379375802e+02 -1.2511965065742841e+02
    -7.6629953755881516e+01 -5.1803677908036434e+01
    2.1634715507076655e+02 -1.5163365969849789e+02
    3.5904136678860958e+01 1.3808362486050422e+02
    -4.8240544024614849e+01 9.6952867146879498e+01
    -8.3575799660706565e+01 1.6390135490024440e+02
    5.7746418276036501e+01 5.3105769601611286e+01 1.1796589948682876e+02
    6.6259525865073513e+01 6.7635309030181602e+01
    -1.4227706837341362e+01 4.3716625633130761e+01
    3.4072332905724707e+01 2.9027870363444799e+00
    -6.9032287329785319e+01 1.8605240153060119e+01
    9.9555565985842875e+01 1.1764282513523092e+02
    -4.8627672405104732e+01 6.4950730071228735e+00
    -8.9174592788740910e+01 -1.1292823053612775e+00
    -5.2988513006050262e+01 5.6000453081358422e+01
    -3.6140852314221816e-01 -1.3738436901001915e+01
    1.2605368123111585e+02 -6.0075050198028983e+01
    1.0776219049170608e+02 7.2699387767823112e+01
    -1.2676168719589251e+01 8.7527902400642517e+01
    1.1348636385716841e+02 5.1137193046275669e+01
    -1.3240394579608264e+02 -3.4739881373015955e+01
    -1.6508207841551103e+02 -1.1573445100209899e+01
    -6.8555445656394332e+00 -8.3291650131164774e-01
    3.8523227428254401e+01 1.5027927954685160e+02
    -6.4048043817907887e+00 -7.5824421563264934e+01
    1.2119344541774427e+02 -7.6108701816652413e+01
    1.4395040095764566e+02 3.1720446067393414e+01 7.7546298397975136e+01
    -1.2071166183271194e+02 -4.6650825905848862e+01
    1.2943758900484212e+02 -5.6300781558678858e+00
    6.4577402285678360e+01 1.3773601720079027e+01
    -4.6120706186871860e+00 1.0521661163068865e+02
    -2.4915304942000777e+01 -3.4611588322088749e+00
    -9.9158611197158365e+01 2.9793712459631571e+01
    -6.2412311708536933e+01 -5.4592378551532725e+01
    1.0202752804640493e+01 -6.6765965827725225e+01
    1.2501759504709894e+02 7.3940152951098767e+01 5.6380136480152913e+01
    2.2624004736046601e+01 -5.7370284693368575e+01
    -6.7127998806671513e+01 -7.9203366436198891e+01
    2.3519011516904637e+01 3.2684549666399775e+01 5.0405235732048723e+01
    -1.0142538025632457e+02 -3.7389667999342215e+01
    -2.0644105113969744e+01 -4.5654488564513663e+01
    3.9509314369913916e+01 -5.9707991778261601e+01
    -3.2334699136317830e+01 -2.7409604568171164e+00
    -1.0483550092392214e+01 5.5553415042740717e+00
    4.4944381204576416e+01 -8.0171386211269692e+01
    -3.8610835581265185e+01 -1.1295123084014131e+02
    3.4338437098283727e+01 1.2730695252809315e+02 3.1172001025800395e+01
    1.6555504628346338e+01 6.1493275862544643e+01 5.5162917467654609e+01
    7.6905591345633546e+00 1.3343659456601420e+01 3.3695501083630091e+01
    -6.0860468636458108e+01 -1.6802303218220447e+02
    6.6170620594941980e+01 3.1666780940193100e+01
    -1.5246886714005385e+02 1.4385469349425102e+02
    5.4449751666919994e+01 5.9712785282435988e+01 3.8586313999593429e+01
    1.0664180182919772e+01 8.2621917884015701e+01 5.2077644981185585e+01
    7.9769852833889033e+01 -1.9363765314087445e+01
    -7.1403642891306333e+01 8.4963626426022103e+01
    6.6763563384341239e+01 -3.2282529830029603e+01
    -9.1611784261690360e+01 5.7834372143439154e+01
    -1.7200610696259594e+02 -7.1122389904497055e+01
    -1.2944674542577168e+01 -1.3842389825996014e+02
    -1.4624189650574981e+00</data></s32_2>
</opencv_storage>
