<?xml version="1.0"?>
<opencv_storage>
<s32_5 type_id="opencv-matrix">
  <rows>200</rows>
  <cols>1</cols>
  <dt>d</dt>
  <data>
    -5.9819836181215283e+02 6.9687439768040335e+01
    4.7927185723982740e+02 -1.6745824369738143e+03
    2.3139850984185702e+02 9.2003150431628654e+01 5.9962034292940825e+02
    -5.1707168349430310e+02 -2.4312324721432387e+02
    -6.1833241174374734e+02 1.4075434486909455e+02
    3.0016131232569035e+02 -2.6813450528236643e+02
    8.1892165446051180e+01 -1.0253945634014963e+02
    -3.1159364659842896e+02 -9.5383562273202600e+01
    -1.9008068159980076e+02 -2.5487332834177815e+02
    7.3459572586248825e+01 9.3354203622111669e+01
    -1.1155351388119060e+02 -6.6000735829556973e+01
    1.1978379625506082e+02 1.6476713491623241e+02 1.4903560677114837e+02
    2.1268964308645923e+01 2.5140540836336817e+02 1.9513199245395924e+02
    1.6362275744472851e+02 -2.2571573570879437e+02
    1.0235027578664243e+02 -3.8218345192143445e+01
    -6.2621718400875984e+01 7.0600891134028274e+01
    1.9243943135473785e+02 2.6965421510651932e+01 2.5272143456922956e+02
    1.8241971660249973e+02 2.0709108697922485e+02 1.4125473316637107e+02
    -5.1956400872721638e+01 -6.8069539866157731e+00
    1.9305470435532911e+02 1.9857802022278935e+02 1.5869948766774954e+02
    -1.5484176076705245e+02 8.2674447731952171e+01
    -2.9354552506613834e+02 2.2072684687452275e+02
    2.1071346035125237e+02 8.6565059543521031e+01
    -4.8700697234233843e+01 -4.4337895486524836e+01
    1.1719142862917306e+02 4.5610504297652049e+01
    -9.0773159241472939e+01 -1.3597273463691837e+02
    1.2708002443871203e+02 -1.3365934780250802e+02
    7.9953811019514873e+00 -5.1607205983265807e+01
    5.6712526935901494e+01 1.3413280162999288e+02 2.8758278669073309e+01
    -5.4117846887222534e+00 -1.3228169340406623e+02
    8.1963030234460035e+01 -1.8452486979979687e+02
    1.5070081349421105e+02 8.3511739819575297e+01
    -6.9001019314684243e+01 1.3084050139742470e+02
    -1.1843121624270053e+02 1.3585838313382729e+02
    8.9493294115830182e+01 1.0636011123177214e+02
    -1.0615124512667311e+01 -9.3646222464585964e+00
    -1.3606018264171686e+02 -1.5678506417442867e+02
    7.0108417279627744e+01 7.6866560087433427e+01
    -1.3447758170085612e+02 1.1169598381313854e+01
    -1.2575867204585903e+01 3.7377479307282492e+01
    -4.0513807551633207e+01 -7.8203946792126359e+01
    -1.1676952419761562e+02 4.7728451622629294e+01
    -1.1826464907267531e+02 -8.5073182054917424e+00
    4.3793716873354370e+01 -2.5309240108004509e+01
    -6.7357811572591430e+01 3.2331623323807790e+01
    -1.2805375196204943e+02 -3.6285974054532360e+01
    -1.0521015064566922e+02 1.1511982789701092e+02
    -8.5073779669768417e+00 -7.7311301053970936e+01
    1.0363066340450770e+02 -9.3073689998232169e+01
    9.0645289148538879e+01 2.0814811821083367e+01
    -6.9134038441043089e+01 -8.7750186711392189e+01
    2.0271389840790981e+01 8.7200085210197457e+01
    -1.1508641315227504e+02 1.2872853678467019e+01
    6.8983240015986058e-01 -7.6897436231731831e+01
    -5.8865571505306313e+01 -1.2223628247912256e+01
    -8.2913308628769016e+01 1.7868323680712386e+01
    3.6953129891349272e+00 4.2352050420736006e+01 8.1887388590422887e+01
    3.6467500139189561e+01 6.7890084530320493e+01
    -4.6574841780922618e+01 9.9372809528129281e+01
    -2.4293330908794861e+01 -2.3542865632663698e+01
    7.3841482347276454e+01 -3.3062835132157034e+01
    -4.0793606857428443e+01 1.0304951737503605e+02
    3.5878896739488951e+01 1.0418217526882174e+02
    -9.0922265506295403e+01 -3.3922419637362324e+01
    -1.5087800746701203e+02 8.5980939414785908e+01
    -6.9279478480635873e+01 -4.0824542641019832e+01
    -7.0931674763113350e+01 -7.7851279168124250e+01
    1.5998657894664728e+02 2.1558442101380706e+01 6.1721098832056896e+01
    -3.3281576974527262e+01 -3.7094639520390807e+01
    6.8088066754201193e+01 -2.4364951313800596e+00
    6.6772517128967635e+01 1.4244725626906845e+01 2.9702760004845286e+00
    -9.3915165110848733e+01 -7.2401515538499979e+01
    -2.2492870002258069e+01 1.0617042674197499e+01
    2.1664946962209658e+01 -6.1341113829961401e+01
    6.8939388066625336e+00 1.2292923100175873e+01 1.0516531505199924e+00
    3.1432688568701366e+01 4.2489892139617375e+01
    -2.0357706264841386e+01 -1.3598260351208650e+01
    -1.3415179491071655e+02 2.9873326203386831e+01
    1.0338652396754121e+02 -8.7446825695432988e+00
    4.7912603192740910e+01 6.0839567199941833e+01 4.8633762065341948e+01
    -1.1460482408675787e+01 5.1957758693664733e+00
    4.2334181562827808e+01 -2.8478917295326028e+01
    -1.9349269679149654e+02 7.2159547467214253e+01
    1.8767982466907419e+01 -1.6328068549410017e+02
    1.5813270197441918e+02 5.2686050062367201e+01 6.4946698094923349e+01
    4.6758740003473328e+01 7.0218179672192205e-01 6.6096332771951296e+01
    5.1040887484609357e+01 7.3105183126291948e+01
    -2.5907980441312425e+01 -7.8314854920548925e+01
    5.8359263466223638e+01 6.2832703905205719e+01
    -2.8762414589496970e+01 -7.7418297779984087e+01
    5.1186962788874069e+01 -1.5646535703902410e+02
    -7.0986606266164188e+01 -6.4524710586472462e+00
    -1.3574152743749468e+02 7.0896510058774653e-01</data></s32_5>
</opencv_storage>
