<?xml version="1.0"?>
<opencv_storage>
<s32_4 type_id="opencv-matrix">
  <rows>200</rows>
  <cols>1</cols>
  <dt>d</dt>
  <data>
    -9.3557750454677853e+02 4.3968602298622739e+02
    3.2626357078189199e+02 -1.4805319648088155e+03
    -1.2990427216172790e+02 -1.9610828659264848e+02
    5.4227867953789132e+02 -5.9573463039957505e+02
    -1.1362199963503963e+02 -7.3543620655464792e+01
    -1.1242685099799675e+02 2.1297586072339192e+02
    -2.8644245328058639e+02 1.8559760888295878e+02
    -5.4830471075449019e+01 -3.8427810074720077e+02
    1.7332351355828342e+02 -5.5866935428885363e+01
    2.4285552456379412e+02 4.9157768813934530e+02
    -1.9668559319456719e+01 -3.0117578955968792e+01
    1.5287419747010568e+02 -2.8014948528385794e+01
    -3.9892514113103425e+02 -1.1520687342154093e+02
    -7.8829638252236563e+01 -6.9432702062729788e+01
    -2.4598175080318796e+02 1.8043904165690026e+00
    -2.0382514996449146e+02 -1.1545647097764078e+02
    1.6467977995141121e+02 -1.4273697116754897e+02
    -1.0303872864932156e+02 3.1798008562400558e+01
    5.1071033672646472e+01 -2.4513180684603370e+01
    1.6824025608707967e+02 3.4197186032258367e+02 1.7280551426246745e+01
    1.6889677850711843e+02 -1.1072236588255385e+02
    5.2669973292649161e+01 -1.7854225001279246e+02
    1.6428205362490436e+02 9.2678131950016521e+01
    -1.6678456595380356e+02 -2.0185026696859151e+02
    1.4248420369669812e+01 1.0711408200693540e+02
    -1.5399627609027962e+02 -1.4054778839073074e+02
    -1.7415382651532974e+02 -1.3395618620628403e+02
    -4.5346025748537436e+01 -3.3020319830015387e+02
    8.7494068904230105e+01 -7.0298815305126965e+01
    -8.0243649776481945e+01 2.8415686839454551e+01
    2.2316912836342593e+02 -4.0765206024331394e+02
    4.2558440268223521e+01 9.6848497797126925e+01 2.1644628948859339e+01
    -4.7446896301381329e+01 1.3411477094980395e+02
    -6.0161014847625353e+01 1.3132519293579428e+01
    -1.7627506974957493e+02 1.6316309024353785e+02
    1.3121501382342936e+02 4.9913682191862790e+01 3.7209543202061295e+00
    -1.2542962808503583e+02 6.4783822388159834e+01
    -3.2591063412505420e+01 1.4668164280325959e+02
    5.9758008063166628e+01 1.6433676642987489e+01 1.7913190954916467e+02
    -9.6588681752687222e+01 -6.1449061934969386e+01
    3.5323968595685507e+01 4.2815319467017822e+01 4.7552205942491625e+01
    1.4270684682597951e+02 4.5431283860102631e+01
    -2.0252876594822009e+01 6.9316194678737077e+01
    -1.2101365984120443e+02 -6.3332995889222033e+01
    2.2132991616083853e+01 -9.9136296483683795e-01
    -4.0262572721488631e+01 9.5714940757823484e+01
    -7.0653980000748305e+01 -3.5720249096836106e+01
    -3.2629094435013890e+01 4.8138712874409997e+01
    6.6396914528057181e+01 -1.5626083490107440e+01
    8.0984705088391749e+01 -1.2163925079228315e+02
    7.5243729690187550e+01 1.9097886430593270e+01 2.8601401340191039e+01
    8.2550050092004611e+01 7.1042081897992674e+01 1.4592093058890791e+02
    -9.4591283192831384e+01 -6.2775775680951284e+01
    -1.1698297569265561e+02 -5.9757581458062937e+01
    -3.4832789264188150e+01 2.0182949881288931e+01
    2.8615622411564484e+01 1.9053751238616229e+01
    -1.0874954963603207e+01 -2.2163761229375016e+01
    4.0956217455596828e+01 4.3400965264494189e+01 1.4438323614928245e+02
    -1.0967085712996658e+02 -2.9362977440870335e+01
    2.0108211819632023e+00 -1.5935552622624647e+02
    5.2418606423299124e+01 -1.9575368608154147e+01
    -2.2881148372576458e+01 2.6492470042967273e+01
    9.9581061947753710e+01 8.5470010882437943e+00
    -4.3981145886108193e+00 -9.0182434485582377e+01
    -1.4774795562489024e+02 2.8751781369655212e+01
    -3.0652828139302034e+01 -8.3759889416114195e+00
    -1.2286887093673016e+02 -8.2409011334765879e+01
    9.0179754922261324e+01 4.6001505526049996e+01 2.6514488260600956e+01
    -6.8960686774181283e+01 -2.1499451614137257e+01
    6.1454792750598024e+01 -4.0061675241943604e+01
    9.5202897309040523e+01 -7.0603745459563697e+01
    3.7250593023496670e+01 -5.8818260870211937e+01
    -4.8657808006078987e+01 1.1686679699174009e+01
    1.1427236594869841e+01 3.1069429021833304e+01
    -7.8622341478894043e+01 -4.7466267716739004e+01
    2.6631838787424350e+01 -4.3369762709170496e+00
    1.7789501448696267e+01 3.4975263371080175e+01
    -4.2478485509822256e+01 -5.2271302118757177e+01
    -1.4949825457254383e+02 5.8010908326023909e+01
    9.6364583884277707e+01 -7.0394526807231202e+01
    3.0875701965432778e+01 3.5882328232921942e+01 1.0701746422057735e+01
    -3.6038240421898152e+01 4.7883085382808758e+01
    5.6393973337757153e+01 -4.1111632360489907e+01
    -1.5420847204906826e+02 4.7255056914699587e+01
    -4.8635469173803131e-01 -1.3927276546260831e+02
    1.5382169517188328e+02 4.7366212890175369e+01 3.0412785639057034e+01
    5.8441735279831796e+01 7.4234924577682824e+00 7.7610258651004969e+01
    4.8274245618432730e+01 8.5223265462037460e+01
    -3.5364409247577832e+01 -7.1873955409918665e+01
    5.5871607488480691e+01 5.7812515371821227e+01
    -2.5219790071803164e+01 -7.9920648209739937e+01
    4.0790971361372648e+01 -1.6175829257678905e+02
    -7.4471163448366909e+01 -9.1712648802266344e-02
    -1.4183647293710621e+02 8.9979660104942183e-01</data></s32_4>
</opencv_storage>
