<?xml version="1.0"?>
<opencv_storage>
<s32_1 type_id="opencv-matrix">
  <rows>200</rows>
  <cols>1</cols>
  <dt>d</dt>
  <data>
    -6.8537139846942114e+02 -1.9123901928203381e+02
    5.3881664684194573e+02 -1.4959099715872378e+03
    -5.8345137188819001e+00 1.5766420570538554e+02
    5.4810294454303244e+02 -5.0571084164059681e+02
    -2.2861050963324084e+02 -4.6816254445429996e+02
    2.0048994864783944e+02 1.7766832579561685e+02
    -4.7475161422653073e+01 1.3292827620497914e+02
    -3.0581829330470282e+02 -2.3391674606716833e+02
    -2.0667880643262899e+02 -1.3984907149059103e+02
    -4.6476227838765607e+02 1.4455662016314028e+02
    1.4289745236210430e+02 1.2613737612243450e+02
    -1.3455074103036027e+01 1.9905363369301909e+02
    1.7534736443630027e+02 2.5610008943669726e+02 2.8692124524074558e+01
    4.6409106672737579e+02 1.3664361862483938e+02 1.1353372022344921e+02
    -5.0110984459619016e+02 -1.4313268632450337e+02
    -1.4673667369301077e+02 4.0050612153050743e+01
    1.5492743759728552e+02 5.0217838818083301e+01
    -1.4296651849180287e+02 3.7818360599048344e+02
    1.4548256383960069e+02 1.3662216946837481e+02 2.5870461175363392e+01
    -2.2737184407840871e+02 3.1980178777890370e+02
    1.6266127641460236e+02 1.5105007088756960e+02 2.3815785217657751e+02
    -6.5008991425138959e+01 -4.4387936498814696e+01
    8.8099548547565533e+01 1.6221169028663030e+02 1.7819042386877882e+01
    -1.7921686976779165e+02 5.0458359149297047e+00
    -4.8605629878660510e+00 1.7260740749562834e+02
    5.0849047138136356e+01 2.6197540419522184e+01
    -5.9159587064149157e+01 -1.6541238982644538e+02
    -1.5228550855484775e+02 5.3135798551265253e+01
    2.2022744336043047e+02 -4.2465607990019094e-01
    7.2724571445837327e+01 1.8198715428579408e+02 7.9008887904303819e+01
    -8.9811635324774201e+01 -2.1316860823450021e+01
    -5.2415829173177890e+01 4.4073811610705128e+01
    -1.6428200768624916e+02 -1.1059319789504984e+02
    -7.5821223832042151e+01 9.7193129071574461e+01
    5.6990799688802738e+01 -7.6516194760613647e+00
    -1.5579238804266373e+02 1.2971045299482321e+02
    -1.0790040530994581e+02 1.0274206150449203e+01
    7.8428702379042321e+01 1.3325137412055972e+02 8.8888966621062551e+01
    -9.0335724752741569e+01 -3.9314992082758501e+01
    3.2961116689218628e+01 1.7355057706249897e+02
    -1.1521987589380894e+01 1.1020242098604234e+02
    -1.9883393346019304e+01 -1.9258444990707183e+01
    -8.3172230285425428e+01 -1.8491841636972004e+00
    -3.0212983578396827e+01 7.7312084694969116e+01
    7.6298390831923498e+01 1.0688405276615146e+02 1.1084182434793344e+02
    -2.3963785493372583e+01 -1.7962825919849104e+02
    7.9738894041880908e+00 -4.4741956286498500e+01
    5.6439523738434801e+01 -2.0541652718992914e+01
    -1.5092754609391565e+02 7.7722933551132076e+00
    8.5340584076265458e+01 2.5995825342684171e+01 1.1403583290730838e+02
    8.5865738121848807e+01 7.4473156232282719e+01
    -1.1352594548237475e+02 -1.2899333562137414e+02
    -1.1300667169795210e+02 3.5168644767837939e+01
    -1.6710557608313497e+01 1.9360778669872801e+01
    -2.4020124846366127e+01 1.4108480932984253e+02
    -4.3315907226210399e+01 -1.5244416388401979e+02
    8.6027805542600888e+01 2.1795890875368304e+01 1.5879505831740940e+02
    -1.6001853923938540e+01 -1.1173617476281471e+01
    -4.5363661133189645e+01 -1.2557565351603600e+02
    6.6500262402132179e+01 -6.2122849263396184e+01
    -4.6846776757042981e+01 3.8416904013223927e+01
    6.2087909653982692e+01 6.1600163212996584e+01 2.4433807768551290e+01
    -5.8603356647406123e+01 -1.2097867932253416e+02
    7.6604383913750986e+00 -3.3326737250879553e+01
    1.8952248389424813e+01 9.2545703415739278e-01
    -5.4281466346816593e+01 8.5878965821789762e+01
    4.0135700679579493e+01 1.0789876749450920e+01
    -8.6357846231308713e+01 -1.1474225989622241e+01
    -3.0967014521076419e+00 -5.1194869390623602e+01
    6.6617459556707587e+01 -9.0878668054379418e+01
    5.3774060036783702e+01 -1.0387987809477659e+02
    -1.6069507633316654e+01 1.3804809985773240e+01
    -9.1695165866870862e+00 3.9456293686323654e+01
    -7.1452185227792455e+01 -6.5516972383162468e+01
    -5.2454466926560583e-03 -2.5469048504896023e+01
    6.0187667742326894e+01 1.2467870980761623e+01
    -4.0959375545405862e+01 -6.9694603780179776e+01
    -1.4269282540245982e+02 2.8287780966093763e+01
    7.1856818213721823e+01 -3.8070399265177372e+01
    2.0870359787618924e+01 4.8960103601033325e+01
    -5.3546871154263629e+00 -5.6925240355449994e+01
    4.0539371778376768e+01 5.6962765978998078e+01
    -6.7470962475204686e+01 -1.6807220470885918e+02
    4.2924903111929417e+01 3.0519698758023157e+01
    -1.4646583562606224e+02 1.7282482069440962e+02
    2.6416386212355203e+01 4.0482361176818081e+01 5.8166529062951348e+01
    8.1113116304679469e+00 8.4809622464603862e+01 5.1897587824983866e+01
    6.9805609179410865e+01 -5.1972273121089486e+01
    -6.7337039767972854e+01 7.8703106206238516e+01
    6.9191045552885200e+01 -3.1084897268978295e+01
    -8.2683724916835629e+01 4.8738455747580709e+01
    -1.5701917828846754e+02 -7.1975284129028353e+01
    2.4678692158584239e-01 -1.5043539330052590e+02
    2.3037418006922028e+00</data></s32_1>
</opencv_storage>
