<?xml version="1.0"?>
<opencv_storage>
<s32_3 type_id="opencv-matrix">
  <rows>200</rows>
  <cols>1</cols>
  <dt>d</dt>
  <data>
    -1.1984443787495918e+03 2.3534816495573338e+02
    1.8626001670440920e+02 -1.5214765073221295e+03
    8.2949256465837863e+01 -1.4488303023421782e+01
    4.0688615659232914e+02 -5.6325305861794232e+02
    -4.1232813374042513e+02 -4.8151257338011266e+02
    7.4162957087009289e+01 2.6018677113258872e+02
    -8.9737212593333027e+01 -4.6406871922170200e+02
    2.8295678931601490e+01 -3.0544132104762497e+02
    1.3408264886564295e+01 -1.5051869065788475e+02
    6.5107263217595957e+01 1.5701583955155240e+01
    -1.5357711336170627e+02 -6.0843554017083555e+01
    -2.9623929623597064e+02 2.5075042512783470e+00
    -1.2970112151871396e+01 1.1284707848169887e+02
    -8.5989679183076461e+01 9.9063616304765456e-01
    9.3579951340644186e+01 -1.0499116865382337e+02
    1.5750371273497279e+02 6.1650783923816185e+01
    -4.6772747052013429e+01 -1.1623717276017382e+02
    1.3765726333926330e+02 5.6304587204231076e+01
    -3.4734392935005252e+00 -9.4470406042660557e+01
    2.8785342729126774e+02 1.1602670236824095e+02
    -1.3763683608023931e+02 1.4457017468650962e+01
    -6.2750298490092959e+01 1.5181170549674218e+02
    -1.0088623911766280e+02 7.0005061910062480e+01
    1.5642503737206800e+02 6.4948689937283660e+01
    -6.0188872828884158e+01 -5.5803610081295645e+01
    -2.0921825268258550e+02 1.3348801525332567e+02
    -2.1190911879444914e+02 -1.2870362426849400e+02
    1.3274139300258946e+02 -3.3120870127192710e+01
    -1.2739566199834154e+02 3.3609691205877795e+01
    2.1641391826127102e+02 -1.9871364936578399e+02
    1.4315798452653564e+02 -1.9396780025749086e+02
    1.1557528308543023e+02 -4.8096187259931909e+01
    -8.5180214266404178e+01 8.1548553479329868e+00
    -6.4052767690054068e+01 -2.4758930548871266e+01
    -1.2585858311860743e+02 1.5271615885140125e+01
    -7.3608474930634046e+01 -1.0739156267941793e+02
    9.1722824618857572e+00 -9.6097878044016682e+01
    3.0505689288169378e+02 -6.7591908265421040e+01
    4.6660422629335280e+01 7.6369362699025544e+01
    -6.2809864543115808e+01 9.2629386344603034e+01
    -9.2175969205403973e+01 3.2045642717238287e+01
    -1.0213790291235175e+02 -4.1400519861010508e+01
    1.3809993166368372e+01 2.5342224870851833e+01 4.9153976228586203e+01
    3.0081139660628960e+01 3.6865050505959495e+01
    -1.4476276476437448e+02 4.7775778915502634e+01
    8.2305896647508288e+00 2.4586007209058472e+01
    -2.0330795096366884e+01 5.9980993718671265e+01
    7.6324077252379212e+01 5.2677280153203554e+01 7.7365591802995823e+01
    2.9497888593551508e+01 -1.1315393047788620e+00
    2.8058996677338079e+01 -8.7454278492141370e+01
    -1.7347756836618931e+01 -1.9417781242908621e+01
    -1.1072210767255596e+02 1.2803946821522575e+02
    1.7307042159534291e+01 3.9560174185269616e+01 1.5213994406871393e+01
    1.9621332122391888e+01 -2.3318161463889478e+01
    -8.8256934672966239e+01 -9.2712089834351588e+01
    -1.7351466953477139e+01 1.9028501933932070e+01
    3.1481453478321026e+01 8.5140205759011451e+01 5.7049810027391977e+01
    5.0658035453001187e+00 -2.5316135324926638e+01
    -6.9081176864949001e+01 1.7465444341799369e+01
    8.9725702419421481e+01 1.4257246940232426e+02
    -5.2190163988816941e+01 5.9175199152498976e+01
    -2.0258045701736165e+01 -6.7117077884755290e+01
    2.7253074122272395e+01 -4.6994805310025676e+01
    -2.3181037927186722e+01 1.1785876289496207e+02
    1.4461879661048329e+02 1.0806316910232529e+02
    -7.0322902920718002e+00 -8.1829873287261506e+01
    -8.0952801724833151e+01 3.0748596344496373e+00
    -4.7028995511808240e+01 1.9063797199640671e+01
    -1.1022490005141495e+02 -4.6639924678815845e+01
    7.8205123450459851e+01 8.1627673535387526e+00
    -4.1949993139740641e+01 -1.9531729846562322e+02
    3.4446248211368284e+00 3.8935596763259568e+01
    -5.3448800159231354e+01 1.4847528511759052e+02
    -1.2188580140135645e+02 2.0424957757392654e+01
    -7.2259070316584399e+01 -1.0670288731957200e+02
    1.3749457387693578e+00 5.1762332283349288e+01 4.2141355618904100e+01
    -4.9144335369346955e+01 -6.3784956907847082e+01
    2.1081273033650319e+01 -4.6880684252047537e+01
    7.9249913819206682e+01 1.7777177961345512e+01 6.5941976706133483e+00
    -8.1978690839767708e+01 -1.2417827175863221e+02
    3.6172743913441927e+01 8.5355736732327685e+01
    -9.9609908516724062e+01 7.0274957242790933e+01
    2.7571190251170734e+01 -2.1331620894433396e+01
    -8.8076903158658254e+01 3.1965883777941990e+01
    5.9751875332908341e+01 -9.3234125730850948e+01
    -1.6759266870517203e+02 3.7670315108579054e+01
    1.1253552132581374e+01 -1.3800746671034199e+02
    1.6723497605189903e+02 3.6496456782541443e+01 6.7350545280332909e+01
    8.8257799813732362e+01 -8.4584063109702328e+00
    7.1680202120217658e+01 5.9321451758649751e+01 5.9260252934451920e+01
    -5.2443352503034376e+01 -7.4212154784408995e+01
    6.9502175230540729e+01 5.1149820055890586e+01
    -3.4853930873141984e+01 -8.1527249355958389e+01
    5.0502871078966415e+01 -1.4828238141171406e+02
    -7.1476522050423796e+01 -2.7527961748283571e+00
    -1.4327854753516311e+02 -5.4316890500700525e+00</data></s32_3>
</opencv_storage>
