<?xml version="1.0"?>
<opencv_storage>
<s33_3 type_id="opencv-matrix">
  <rows>200</rows>
  <cols>1</cols>
  <dt>d</dt>
  <data>
    1.2741017508388613e+03 6.7447546194157394e+02 1.8535297538486654e+02
    -6.1738498357699577e+01 -2.6371487687330597e+02
    7.5016015565298756e+02 5.5001103430522107e+02 4.2677834293843188e+02
    2.9898590062832545e+02 -7.1267313620603261e+02
    -9.4436948461671807e+02 1.4867820073055319e+02
    -2.8402684029747081e+02 1.9489444955371377e+02
    -4.4930800356128122e+00 -3.9537846744685112e+02
    2.5226968096930625e+02 2.2642684404374393e+01
    -1.3568182953476548e+02 3.9621148899747402e+02
    4.5255296337763887e+01 -1.2860377178080077e+02
    -3.9887372629420504e+01 -2.5911038055166489e+02
    1.6114948378488415e+02 -7.0780925140080043e+01
    -3.3491147196780742e+02 -6.0288624617375461e+01
    1.9220481225227644e+01 -1.5758392369622625e+01
    -1.1117166323667185e+02 -2.1661934925404995e+02
    3.1424505532955486e+01 -1.1850765865630301e+02
    8.9795968876665555e+01 5.3688656087745159e+01 2.7728560649069387e+01
    -9.3013044108252842e+01 4.5462895607965137e+01
    -1.7745228621996880e+01 -6.1465067359953977e+01
    -8.7911318861035653e+01 -9.2301658781059842e+01
    2.8916422691149199e+02 -2.5096847318584032e+01
    -2.3059434870610968e+01 7.2991174361296402e+01
    -1.6711868316949679e+02 -2.4398506659912664e+00
    7.7102827380371409e+01 -5.7815712278243005e+01
    -7.1015057657766278e+01 -1.2539277919264995e+02
    -1.9348010025907737e+02 1.3031616634126301e+01
    4.9257774664875811e+01 -1.9871094016429916e+02
    -3.8121604265850934e+01 1.5536205381850031e+01
    -1.3307743378597047e+01 5.6783392511228541e+01
    9.2454182806641768e+01 5.2978456651434037e+01
    -3.3665628133487552e+01 5.2517039857153209e+00
    -7.2734097626505658e+01 -2.0945150737478832e+02
    3.4135256421470146e+01 -1.0623932361305923e+02
    8.6501800311346472e+01 -5.2627544115205410e+01
    -1.3686767762394214e+02 -1.4154245849349141e+02
    1.1132953432680426e+02 1.7160449315062584e+02
    -7.5773151191757620e+01 -2.5395335387682479e+01
    2.2235779356970813e+01 2.5712328029365111e+01
    -1.1795804989895079e+02 3.4735718684654117e+01
    1.4860781885868562e+02 5.8810894756999907e+01
    -1.1427778528417404e+02 -9.0378544315403360e+01
    3.7842852674655077e+01 9.1471942279010378e+01 3.1329003404207921e+01
    1.4932165877553610e+01 -1.1604705239787626e+02
    9.9664668943102157e+00 -1.0019239268365725e+02
    2.2921679972128533e+01 3.7901514134607815e+01 5.5702261390261071e+01
    -1.6843412294350597e+00 1.0438862198638471e+02
    -4.3246020224103802e+01 -8.3393638795228657e+00
    -7.2540696465816794e+01 1.5676863220530609e+02
    -8.8149390579695122e+01 8.8424975257347640e+00
    -2.2342217911158983e+01 1.6369439536517536e+01
    1.4541297462277532e+02 1.6051886062126363e+02 3.2553267179521946e+01
    -4.0476990535844067e+01 1.6770038983956759e+01
    6.6650312788563667e+01 -4.7418955975140399e+01
    -5.4623603714609700e+01 -1.1238286899412515e+02
    -1.5369268027756377e+01 6.7370096707457222e+01
    -1.1657906446481254e+01 -1.6852792331684142e+01
    2.2213508326868263e+00 -9.2940176123912323e+01
    -4.1711275825549698e+01 9.5576644429882847e+01
    5.2302247942976450e+01 8.2106568791283109e+01
    -2.8540228543661208e+01 4.3331859434698949e+01
    1.3820011362344580e+01 -4.2533266471726023e+01
    9.2450297195817470e+01 -8.0015075820068109e+00
    -8.5513636607008905e+01 4.6685654633364607e+01
    7.6616103495330748e+01 -4.0778644744354878e+01
    -5.0041272507522514e+01 -6.3153844143224816e+01
    -2.5107792838500977e+01 3.7801773247463935e+01
    2.7174558767626369e+01 -9.1842535394394872e+01
    2.4655845235139857e+01 1.4851930151542874e+01 9.7393567583205012e+01
    9.4107756253009796e+01 -2.8318195036470698e+01
    -1.4843505580950715e+01 -3.1216813317253862e+01
    -4.4074872989985870e+01 -9.1743997783516235e+01
    8.2989785704645385e+01 -2.9894728876430648e+01
    -4.9635625896283933e+01 -2.3666675411929209e+01
    -4.5878283490140390e+01 5.9133926924667989e+01
    2.6808244160592977e+01 5.5960827441571197e+01
    -2.3916587614943108e+01 -5.6244282584514423e+01
    -1.1265083465142403e+01 -5.0136413658373300e+01
    -1.4168210399996326e+01 6.3481209446436374e+01
    2.3625839724958514e+01 -7.0659048891141225e+01
    -1.1242182878758518e+02 5.8023894008605822e+01
    9.8644639860835269e+01 -3.5811077349177019e+01
    6.2135012715784825e+01 5.9177057556018909e+01 1.0527430498732617e+01
    -5.9605142269000019e+01 2.9041438529629211e+01
    4.0544217887748246e+01 -6.3668888645295546e+01
    -2.1087080878745829e+02 5.1313010185779142e+01
    3.3981172032091806e+01 -1.5464031113374014e+02
    1.5413769279803276e+02 5.7010819451952486e+01 2.4863364440385748e+01
    4.1752277454056156e+01 3.1675122152469598e+01 8.9135596028070211e+01
    6.2245254349772758e+01 8.8257657709946130e+01
    -3.4817933525942877e+01 -6.7311621305465920e+01
    4.7992809952895797e+01 5.9234772190409949e+01
    -4.0815886158597110e+01 -7.3454244644696274e+01
    6.2696426032368066e+01 -1.5673920149399547e+02
    -7.2717112529487096e+01 -8.4374509648451479e+00
    -1.3902396094311194e+02 6.3190329875323936e-01</data></s33_3>
</opencv_storage>
