<?xml version="1.0"?>
<opencv_storage>
<s33_2 type_id="opencv-matrix">
  <rows>200</rows>
  <cols>1</cols>
  <dt>d</dt>
  <data>
    1.1201514459770010e+03 9.0264974590720419e+02 2.9648307588072921e+01
    -1.7392992968907109e+02 -2.4056047624209782e+02
    6.5445187381964274e+02 5.7860415816807517e+02 4.4284334957043683e+02
    3.3516314401497573e+02 -5.4667416823633198e+02
    -1.0184319784795612e+03 3.9541934690653989e+02
    -1.9129545002304783e+02 3.5803045363085118e+02
    -1.3453723744329542e+02 -2.9701533448969764e+02
    1.5846744615940341e+02 -1.9471389132691095e+02
    -1.0713892942826553e+02 4.7480495348609730e+02
    2.7216172616552109e+02 5.5502680475235238e+01
    -1.0925829361815887e+02 -9.4251939168512706e+01
    1.1131235230991878e+02 8.3151579184755434e+01
    -3.3782235495944508e+02 -1.2060368658646500e+02
    6.7550104140895726e+01 5.2353131993479451e+01 9.5115265578272854e+01
    -9.6613305359544654e+01 -6.1361023413638925e+01
    1.3181367838939056e+02 1.5781841529114411e+02
    -7.7250447371069569e+01 -7.2679387290140141e+01
    -9.9579419045551461e+01 3.5167532473582718e+01
    -2.2928493631483784e+00 3.9889242340500914e+01
    -3.3764710176252564e+01 -8.4996155923454619e+00
    2.6239992101705798e+02 -2.6433393455170997e+01
    5.1105602016977812e+01 7.3008586115837915e-01
    -1.7470558164480721e+01 1.0128571935149064e+02
    7.2867814803168272e+01 1.4896757700951966e+02
    -1.8045747269714987e+01 -1.2445352075308118e+02
    -2.2339333690230430e+02 1.5735936642629315e+02
    3.2711456521621812e+01 3.0149585204541793e+01
    -1.7314587003728977e+02 7.4253958193590783e+00
    -1.2220038448559720e+02 1.3612980311815554e+02
    -4.3961284279237958e+01 -1.7982493655686440e+02
    -1.2474274967198307e+00 1.1965778824159634e+02
    -5.4321427673847786e+01 -1.3510390890994779e+02
    7.3482448021122508e+01 -6.3151095107919460e+01
    -7.4834941455691499e+00 -2.2579421466317079e+01
    -9.7543768499414682e+01 5.1337223173683761e+01
    -1.0388094744017518e+01 1.1812601601146623e+02
    -9.4026431968337192e+01 2.2874083493546809e+01
    1.6278455593278503e+02 -5.9011742268366234e+01
    -1.7844306434861277e+01 -4.5404326121108355e+01
    4.1101271975165716e+01 7.4657745524240880e+01
    -9.8137893156315315e+01 8.6584233567743524e+01
    -6.4435795599164308e+01 4.1045818126291152e+01
    2.9347130241180839e+01 4.0601428520832179e+01
    -4.7006112217934664e+01 1.1129622751329589e+02
    1.6677427806542845e+01 -2.2717711628692808e+01
    1.7935464493048272e+01 6.7474751500022109e+01
    -4.1252806722259876e+01 -2.0113420746443225e+01
    -1.6336499155359718e+01 5.8179219861182958e+01
    -1.1762382574191657e+01 -1.9713449487993810e+00
    -3.5440297196896813e+00 -2.5597701989837155e+01
    8.9229413569072705e+01 -3.7926393251196409e+01
    5.4830952727296442e+01 1.2994161191760744e+01 4.3265293118839576e-01
    2.0176719594296209e+01 7.8768769262795544e+01 6.2106173948103255e+01
    -1.3949023197564165e+02 -6.2131158671318765e+01
    -1.3894554064387904e+02 -4.8858640549417885e+01
    -4.3073833664720516e+00 2.2847311519287242e+01
    2.7673001585218316e+01 1.0056202113306045e+02 3.2064030320360104e+01
    -5.0609920814641001e+01 4.9357655079069758e+01
    2.3213296129948482e+00 1.8562194714714096e+02 1.1303465594613805e+01
    7.1858404032395484e+01 -3.8426551216063551e+01
    -1.2795321400726540e+02 1.0882793609535054e+02
    -5.1363851225875273e+01 1.1817545410860097e+01
    1.2739798896003549e+00 8.2651784060889298e+01 1.1218139538408087e+02
    -8.6728696733411201e+00 -8.4177215391125401e+01
    -6.9938272109455298e+01 6.5900681772560059e+00
    -1.2684829418496595e+02 2.6999001500002723e+01
    -1.2401116456589966e+02 -9.4092610499655990e+01
    2.3833007094771204e+01 1.6960874038428255e+01 8.2382610830350245e+01
    -3.4437394097176551e+01 -6.9857711085015637e+01
    3.7967608283307186e+01 -1.1965272405194227e+01
    1.5222414037911437e+02 -4.9171492522545762e+01
    2.9047930496876919e+01 -1.5713446358318546e+02
    4.7641427196335533e+00 -4.3887788074926036e+01
    -2.5468899595720229e+00 6.7890055353104898e+01
    -5.6250478131231276e+01 -1.7955162968700684e+01
    1.3220433353249451e+01 -3.2732994717680000e+01
    8.4828039232706104e+01 2.9362527630680660e+01
    -8.0043095852996942e+01 -7.0205242946028136e+01
    -1.0577808512823106e+02 3.9166050364359137e+01
    9.8014097419391447e+01 -4.1918031998125386e+01
    3.0263164934354648e+01 1.2348927118577555e+02
    -2.6972336175157618e+01 -3.2167866361606627e+01
    8.1902433783721662e+00 1.2748879587881369e+02
    -3.6037411649365225e+01 -1.0287488132401721e+02
    8.0584592991487781e+01 9.7395039116438387e+00
    -1.7158821233794927e+02 1.5364564146886318e+02
    3.6405327952042853e+01 1.4252687388634635e+02 3.9754736225615027e+01
    1.7078452364898862e+01 8.5087536914504767e+01 2.1979147129018553e+01
    5.1583551864232483e+01 -8.0864756869842395e+01
    -9.2757507899871626e+01 4.2255077065338895e+01
    4.9106827271973529e+01 -3.9814606368186020e+01
    -9.1264935572659240e+01 3.4358092972131054e+01
    -1.4385086253701823e+02 -6.0526881169663618e+01
    -8.5855882597669968e+00 -1.4249485101427169e+02
    7.1705728464038092e+00</data></s33_2>
</opencv_storage>
