<?xml version="1.0"?>
<opencv_storage>
<s33_4 type_id="opencv-matrix">
  <rows>200</rows>
  <cols>1</cols>
  <dt>d</dt>
  <data>
    1.1042502054347419e+03 9.2544572012021615e+02
    -9.2678266827578298e+01 -1.3179281914692237e+02
    -2.9762082056452402e+02 6.3142662687214579e+02
    6.7812369017419394e+02 3.8047528370247898e+02 2.5961629664561076e+02
    -5.2837097553401338e+02 -9.8623807530272973e+02
    2.7029402935616810e+02 -1.7280015344090458e+02
    2.7887445365992448e+02 -1.2406105451437789e+02
    -3.3965920179589870e+02 -2.1799395898797641e+01
    -2.1105870334770347e+02 -1.3323757278231011e+02
    5.1220675113991149e+02 1.9620364235801316e+02 2.1479095390866561e+01
    -4.8608093983799137e+01 -1.1924720700340605e+02
    1.0249723206771019e+02 6.0831153948929533e+01
    -4.9308865281791486e+02 -2.2487030401932202e+02
    6.8962088899291203e+01 1.3892775183310519e+01 9.4288388525730866e+01
    -1.6377369014076970e+02 -1.2981247800608887e+02
    4.5971252458048724e+01 1.3113980264098032e+02
    -2.2010777399536202e+01 -1.6876644512736323e+02
    -1.7408421471491971e+02 5.0735746203600854e+01
    6.7190204038879372e+01 3.9854088882378356e+01
    -3.0067287552964821e+00 1.2061004429342686e+01
    2.4737580350825419e+02 6.2293641389915848e+01 8.0618948594746115e+01
    1.1611894459015335e+01 -5.4389671458145443e+01
    6.9380716132960032e+01 -2.5148238133189572e+01
    1.9362559884718766e+02 -6.0917672832861719e+01
    -1.2176327893584978e+02 -2.4179907116529884e+02
    8.2220588716594776e+01 9.0387213486668081e+00
    -5.5106806198057853e+01 -8.7322214779563353e+01
    -4.8192782369558742e+01 -1.1177358007440580e+02
    1.7440030054261962e+02 -5.1277680013750334e+01
    -1.2976663350144602e+02 -9.2858415058349166e+00
    -1.0575228750564637e+01 -9.1635331473899384e+01
    -9.8189923233929463e+01 -4.0305475454849493e+01
    -7.8348811547183189e+01 -9.5205021122003970e+00
    -4.0439284868926435e+01 -2.6511889566774489e+01
    4.2080563876712290e+01 4.2785289799180134e+01 1.0066700898744037e+02
    6.4773013139987651e-02 -2.0183963553465219e+01
    1.7826624807363612e+02 -1.1642897812679593e+02
    -1.1711078345258336e+01 -3.7364952214654757e+01
    6.8458026608486648e+01 -2.7869872635441194e+01
    -1.0499969357164220e+02 6.1732293792487795e+01
    -4.2702874246287486e+01 6.6661090515147535e+01
    -3.4753119995383649e+01 8.5764731137929445e+01
    -6.5957717075271916e+01 2.6440450604467685e+01
    7.7766275892910208e-01 3.4499043319118201e+01 3.6385087508350502e+01
    7.3125927680476480e+01 -2.7104049497933651e+01
    6.0393499006364543e+01 -3.4508175078896173e+01
    1.1153618792932139e+01 -9.5457769989888561e+01
    -2.9245566080445169e+01 3.5701480199257745e+01
    -5.7400884716353097e+01 1.9791838881023942e+01
    -1.7914120631874758e+02 1.2096078281448259e+01
    -2.6530261626318097e+01 -2.2925966813130881e+01
    9.4979335860890160e+01 1.0447865028754109e+02 5.2445576518354684e+01
    -1.3482171004584600e+02 -4.9869636912566904e+00
    1.7221287838446781e+01 2.5042317806075616e+01
    -9.5119174634144841e+00 6.5411295815550332e+01
    3.2216873347656957e+01 5.1819732541243162e+01
    -4.8520587084814750e+01 -8.1476149699996654e+00
    6.2317725229536258e+01 1.7174923309185264e+01 1.1771797413974518e+02
    -5.4103044984080029e+01 -4.3900697261045970e+01
    -1.1145031054906927e+02 -9.6615547791159088e+01
    6.2793848246157687e+01 -6.1850779502108004e+01
    7.1615831501074908e+01 1.7471711178089078e+02 5.3856375608581033e+01
    1.5170582394253131e+02 1.8242822342988532e+01 2.0664963451801206e+01
    -1.9793885649557706e+02 3.7298818086352846e+01
    -2.3269368040628592e+01 -3.7569062378401572e+00
    -3.6998365331748616e+01 -9.7215450909740895e+01
    1.9933897306168873e+02 5.7230384599941736e+01
    -7.4051685956340689e+00 -9.0072690819275678e+01
    1.9041666379887863e+00 1.4361978047412478e+01
    -2.0974814261290462e+01 1.1882798620735905e+01
    -6.0695690928083842e+01 5.8208367871268138e+01
    -4.2370827887623150e+01 -1.0998552032083573e+02
    -1.2040402902331786e+01 -1.2584073364110189e+01
    -1.2964890597948916e+01 -9.9790935386451565e+01
    -4.4381266373053485e+01 2.1403112110358919e+01
    3.6213840247941299e+01 3.4541452169151960e+01 1.4365255304842346e+01
    -5.6077333890812326e+01 -1.1566118171670109e+01
    -1.5842295922012659e+02 -4.2442331340160742e+00
    9.9347224011789137e+01 -3.2985220793020900e+01
    5.6553773658379278e+01 -1.8988539223388681e+01
    6.1410681697851089e+01 -4.7351608328727764e+01
    3.7780166552212897e+01 -2.4091880450046244e+01
    -8.8081569587825470e+01 -2.0150345721026417e+02
    1.7221833107708164e+01 3.0499449436078031e+01
    -1.2133459638985944e+02 1.6047889990293530e+02
    6.2947053852914458e+01 -1.4748960673487849e+01
    9.5762519426037073e+01 -7.6682699842018600e+00
    3.5888760311211804e+01 5.9391666089680214e+01 9.8221961175337412e+01
    -1.6851767610927613e+01 -5.4877205731204356e+01
    1.0053327252202025e+02 6.8519742697509443e+01
    -2.3336859131236192e+01 -6.9009974768830816e+01
    5.3029168971967415e+01 -1.6998066823316850e+02
    -7.4551094889768621e+01 -4.6843620967806459e+00
    -1.3919275043168724e+02 -1.6855060611518455e+00</data></s33_4>
</opencv_storage>
