<?xml version="1.0"?>
<opencv_storage>
<s33_1 type_id="opencv-matrix">
  <rows>200</rows>
  <cols>1</cols>
  <dt>d</dt>
  <data>
    1.1898904961778842e+03 3.3481290644448461e+02 3.5219399047370831e+02
    -4.6246056847074115e+01 -2.2705444793893241e+02
    7.7931428885773141e+02 -6.9959904530572032e+00
    5.1083834013832305e+00 1.6586005334857015e+02
    -7.6072175674444520e+02 -5.3515917780490224e+02
    3.7095788155545119e+02 -3.7926580344214068e+02
    -4.5361759186877876e+01 1.6193879842012976e+02
    -2.8580865933450553e+02 6.6253526554143070e+02
    -1.2026238363344039e+02 2.8634897215923792e+02
    1.8849300780865912e+02 -1.3977134517927050e+02
    -3.3695005204215698e+02 -8.6171080182362346e+01
    -2.0324339514820619e+02 1.9274148207719958e+02
    -2.5617837425162196e+02 -1.1078687071965598e+02
    -8.8842504491357275e+01 3.0252059887000183e+02
    2.4035652401588038e+01 -6.0505213232784786e+02
    -2.8235804340537226e+02 4.2202708091370272e+02
    1.5761599507574758e+02 4.9610462967537423e+01 8.2299529131118874e+01
    1.2270334941992067e+02 8.9425989571082027e+01 1.3827135650110995e+02
    -1.5423353568085318e+02 -4.4941633870063377e+01
    -2.8390499543320141e+02 2.0575276040081611e+01
    4.2930964513464367e+01 -1.1466691364265117e+02
    3.5376058669229923e+02 -1.0645787865207411e+02
    1.7325599820737489e+02 -9.9174852890188873e+01
    3.0153707404607837e+02 -2.9545513024383149e+02
    -2.3197445210027567e+01 -5.7796331682822306e+01
    -1.4817849651513569e+02 -8.2576800309996692e+00
    -1.4641381925426341e+01 -1.3639971319932303e+02
    4.0830266712692364e+01 5.7642511082739993e+00
    -1.1758969390313500e+02 2.5460164697310861e+02
    -1.0472399226328110e+02 -1.3345417838613437e+02
    6.0842843916022149e+00 1.3167997326693066e+02 3.4316515979079249e+01
    -7.9245864828032481e+01 -1.8385037174167780e+02
    -5.5198368938193681e+01 2.3835105920146844e+02
    -4.4348737610289319e+01 -1.8777244825147353e+01
    6.7486594218942741e+00 8.8925013330429238e+01 2.1150987151551544e+02
    -2.8913383734601581e+01 1.4474947130900179e+02
    5.9242941565195409e+01 -1.2333167514933277e+02
    -4.7371484930863446e+00 -6.2590753187226248e+01
    1.3311930403194040e+02 3.7340634204656354e+01 1.1227123492777423e+01
    8.6803489842423858e+01 1.3515005022907326e+02 1.2211709439987749e+02
    9.5363710118306457e+00 3.6206800273714130e+01
    -6.4715420853268625e+01 -1.4748140476110407e+02
    1.8655379205494125e+01 6.4881194618226488e+00 1.0675736102858809e+02
    -3.4093289821195157e+01 7.0750135883589863e+01
    4.9820746831736415e+01 6.9748059754178175e+00
    -9.7252389313056455e+01 -4.4592556981176799e+01
    1.6199111781878546e+01 4.7525250418366888e+01 3.3979157404504119e+00
    1.1362219803163288e+02 -1.5669125022250293e+02
    8.6490335932560285e+01 3.1902891609461737e+01
    -2.9501983438666866e+00 4.5729351795037537e+01
    -2.8125018806885073e+01 7.3350950408782239e+01
    -1.1895851025942943e+02 -9.1730560327730501e+01
    -8.1503459656333973e+01 -4.6169020540360130e+01
    -3.2409958258060456e+01 -4.9765788347024348e+01
    3.1346689754926050e+01 8.2719051159606593e+01 2.1647482932036959e+00
    7.3526397564707704e+00 -3.8639825199101722e+01
    1.2810438478057895e-01 1.1302107832582865e+02
    -1.1443049165351592e+01 5.3236280736557681e+01
    -1.0892451472793850e+02 -8.9713345497015638e+01
    1.6106008407659459e+01 -1.0053243810307428e+01
    -7.4199081638388805e+01 2.7327687060678308e+01
    5.2693296868437677e+01 3.2670768137930807e+01
    -2.3495235512026373e+01 -9.6695922287530696e+00
    -1.2386082228126074e+02 7.2539512708358430e+01
    -3.6370689311594703e+01 2.1624634928095993e+01
    -5.5594526360491720e+01 -9.1680520304007956e+01
    9.0640288608523832e+01 -9.6833706819319119e+00
    1.7628802973144808e+01 -9.0237887834158599e+01
    2.0869506884224091e+01 3.9425693412138756e+01
    -5.7020617981661431e+01 6.6786092124977330e+01
    -5.5581451342267236e+01 7.5444669978766683e+01
    -1.1184508022366539e+02 -3.7029018612867581e+01
    -3.3662863306021983e+01 -8.8208199660603803e+00
    3.9585385764629706e+01 -4.1277096000939594e+01
    -2.4733518048902685e+01 -1.1775992874508590e+01
    1.8719545177847792e+00 4.3096111352240982e+01 2.0546826229698731e+01
    -4.1971613028254708e+01 -5.3308315008228277e+01
    -1.4849988840230131e+02 5.8092692916134069e+01
    1.1473028766552338e+02 -5.9150879588207765e+01
    3.5086460377264444e+01 1.6495083700114101e+01 2.6370322425413899e+01
    -1.0214672328174027e+01 3.1026956589756775e+01
    4.9900585991743348e+01 -7.0578657572819907e+01
    -1.4721427347449011e+02 5.5906333921902544e+01
    1.6373165427109374e+01 -1.4458007235876991e+02
    1.5481357743851518e+02 5.5066837476097312e+01 4.4775533870393772e+01
    6.4443399910828262e+01 -6.5003475143070357e+00
    6.9559463659301244e+01 4.6421357957082812e+01 5.8937574881971301e+01
    -3.8483449794878290e+01 -6.1772183339882602e+01
    8.6849670963166801e+01 6.0064309524553003e+01
    -2.4071271010943917e+01 -9.4615038244237610e+01
    4.9251485679593848e+01 -1.5893024625746347e+02
    -6.8491449673088283e+01 -3.6894411906182238e+00
    -1.4016125940687391e+02 5.0599211630043648e+00</data></s33_1>
</opencv_storage>
