<?xml version="1.0"?>
<opencv_storage>
<s33_5 type_id="opencv-matrix">
  <rows>200</rows>
  <cols>1</cols>
  <dt>d</dt>
  <data>
    1.2878706676638628e+03 -7.3916902428624510e+01
    9.2995030117752549e+02 -7.3570329854995478e+01
    3.7784034760295228e+01 6.8093772638933569e+02 2.0879704673214010e+02
    -2.1643803252546905e+02 8.9902150849218188e+01
    -5.5533266208094983e+02 -3.5665760440776097e+02
    3.0062450889734674e+02 -4.8174243383353024e+02
    3.1500377067896773e+02 1.1334752145757385e+02
    -3.3659262876857258e+02 5.2429465272320010e+02
    9.9497954186193141e+01 9.7905270976903296e+01 3.2696803161895315e+02
    1.1526950728819357e+02 4.6663615883753174e+01
    -8.8543191482818422e+00 7.7473577996639023e+01
    3.3555630076349757e+02 1.2242512049382515e+02 1.1713611181985755e+01
    2.8676679821690908e+02 5.3584617466326012e+00
    -2.8005322123974156e+02 -3.6452108647279033e+02
    -3.3074072054202361e+01 4.5178992679462618e+02
    -1.0284402291588863e+01 1.5629741928391900e+02
    -9.6969671307564411e+01 -6.4968948087763280e+01
    2.5337097092827233e+02 2.0141129861228939e+02
    -1.5722101912923893e+02 -1.2530173380995163e+02
    -2.1797470648977065e+02 1.6337528695780119e+02
    -8.0007774854539448e+00 -1.2743471817059817e+02
    1.0017996534446134e+02 1.1224393714461768e+02 1.5349274499533144e+02
    -1.7968749453095728e+02 4.8856974517242037e+01
    1.9917162222938501e+01 5.3850707380083172e+01
    -2.4586041540021276e+02 4.6567820140756645e+01
    2.7242819871141654e+02 7.8004743131104775e+01
    -2.5115412599626515e+02 1.4726886214170997e+02
    -2.8765870245635313e+01 -2.8188989019714505e+01
    2.1974773688411250e+02 3.6455299998396654e+01 1.5887006844397373e+01
    2.1188613175309978e+01 5.1400422625422209e+01 7.0493176957721460e+01
    3.1681523973511080e+01 1.3699126917699078e+02
    -2.3492772110166970e+02 1.1985963836329090e+02
    -1.3183292143861541e+02 -5.9250172133382094e+01
    9.6304202713525001e+01 -1.2357195140776926e+02
    1.0308647933466162e+02 -1.2230065725359265e+02
    2.5654891329393905e+01 7.0407826119826652e+01 3.0834298487095793e+01
    -8.9865061554771984e+01 -4.0929278448958421e+01
    9.8805481411371858e+01 1.9146394722328761e+01
    -3.8329365486154813e+01 -6.7340160335366704e+01
    2.6876656311196545e+01 8.7471335545034421e+01
    -1.3173355821045140e+01 1.8013929819417498e+02
    -9.5417652647889582e+01 1.2983169720954518e+02
    -1.1585959920913092e+02 2.9533750090277763e+01
    1.4309662620197909e+00 1.7197994014709033e+02
    -1.3060729899241471e+02 8.8753141142383967e+01
    -4.3883550995647255e+01 2.9762051477402522e+01
    -4.2093122019836962e+00 1.1621165875358793e+02
    -7.5029198613683235e+01 -9.1448663614622525e+00
    5.8297463756958393e+01 -1.5905603071413856e+02
    9.5021427700625935e+01 2.5555891695515083e+01 3.5268247952305806e+01
    1.4235702936420259e+02 7.5926325457893725e+01
    -3.8177834949744941e+01 -5.2157685446596105e+01
    2.9185367388829135e+01 -8.2637774022701706e+01
    -1.0748472395771471e+02 -5.2364141002269999e+00
    6.1288054459010510e+01 1.6955419712791070e+02 7.3196046327980071e+01
    -3.1031372682296583e+00 -5.0971309092611698e+01
    7.3088398623861522e+01 1.3390720621289212e+01 1.7516392772002709e+02
    -2.9607063893031079e+01 -1.0363023853156665e+01
    -6.7767194847605097e+01 -6.8874460863777543e+01
    1.0220602216668783e+02 -7.4593723593860261e+01
    5.3384182223896396e+01 3.3276682547962892e+01 5.9074987835525206e+01
    1.4110576189326724e+02 -9.4605144278438715e+01
    -8.6054172938009614e+01 -8.6339407880878554e+01
    -1.2214676064708117e+01 -3.3486692088731104e+01
    9.5359185439686058e+00 -7.8580027181286752e+01
    -5.2410125861615448e+01 1.5494445758103458e+02
    6.2071141899962363e+01 7.0395130311101411e+01
    -5.9009599544372541e+01 -1.1335758832420886e+02
    -5.2501883516462357e+01 2.9990671437092914e+01
    8.5735438430359650e+01 -4.6928086299087958e+01
    -2.7629957534395512e+01 -8.8274502530591462e+01
    -7.2561516950702270e+01 1.3061159236656888e+01
    8.2017431004363832e+00 2.5889253916697918e+01
    -7.7228913932484346e+01 -7.0179614557456517e+01
    2.8009832100042523e+01 -2.2032430298263108e+01
    1.5597090323203529e+01 3.1956512351523052e+01
    -5.2605491615536380e+01 -5.0465307153423439e+01
    -1.6272654585990881e+02 -2.7205185847718568e+01
    9.2215975060091068e+01 -5.9187094113349282e+01
    6.0181792044328631e+01 3.2240757394675569e+01 2.1742857513449724e+01
    -3.0518982139913401e+01 2.9840832370927743e+01
    9.8122006656936378e+00 -7.1252586715554159e+01
    -1.6078746539833847e+02 4.0220021123951760e+01
    -1.4670996766439039e+01 -1.4933800802232446e+02
    1.5342616654771365e+02 2.7033549088076608e+01 5.2786444919414237e+01
    4.0025864525973383e+01 1.3832131506506279e+01 7.6874164234559970e+01
    4.9239990335481259e+01 8.4957007676323315e+01
    -2.6395085442793654e+01 -6.2947835037783562e+01
    6.4900576037005408e+01 6.7286828703099900e+01
    -3.3107416675920533e+01 -8.3104745150469526e+01
    4.1581467486956441e+01 -1.5657479700982034e+02
    -7.1197037216381815e+01 -2.3129971230101241e+00
    -1.4573091225000536e+02 -2.8128866691629950e+00</data></s33_5>
</opencv_storage>
