<?xml version="1.0"?>
<opencv_storage>
<s34_4 type_id="opencv-matrix">
  <rows>200</rows>
  <cols>1</cols>
  <dt>d</dt>
  <data>
    -1.3446779756555836e+03 7.3813279642175803e+02
    4.6853371911591898e+02 1.8214124710845590e+02 6.3746728776000737e+02
    4.1871365823857292e+02 -1.1254908439113835e+02
    -1.7896226029480232e+02 3.7644941315453360e+02
    -6.7002122373697972e+01 5.1177242845003065e+02
    4.1194165463990112e+02 -2.5019264304514078e+02
    -7.2971150974244061e+00 1.1346945685421049e+02
    -2.9332950257067375e+02 -1.6774645387900117e+02
    -1.8673043386378077e+02 1.6423358628287610e+02
    4.9270012734353446e+02 3.2452498985659929e+02
    -1.2552986249698327e+02 4.2418104842879075e+02
    2.6995109194987222e+01 -1.9718412917645369e+02
    7.5281784035235390e+01 2.3668720573889100e+01 4.1165247563257871e+01
    -3.3256358154659063e+02 1.5813843375503484e+02
    -3.6307339054231522e+02 -3.1545463927003738e+02
    2.1684118259134900e+02 2.3569641668188046e+02 2.3646489140505838e+02
    2.5162714915504577e+02 -1.1559861421367711e+02
    -1.5855998958560917e+02 1.8182142946758049e+01
    -2.7268548908451100e+02 1.6097244534709165e+02
    3.3856596971139929e+01 2.4237237195278112e+01 2.0919213370462589e+02
    -3.9151561772605760e+01 1.6206041202739311e+02
    1.4258938009296506e+02 -2.3915033144770678e+02
    -4.6586843977893217e+01 6.8463089522494499e+01
    -2.1621781078400236e+01 -1.2918965543496256e+02
    -1.6726414551836055e+02 -1.7875757244339280e+02
    2.1213381003546598e+02 6.0927749964673424e+01
    -2.4102398583408953e+02 -1.4786224561744737e+02
    1.4407613948453641e+02 -5.0024250496704518e+01
    2.3803105487968671e+02 -4.0501903840525433e+00
    8.1629226049381401e+01 1.6575365543079673e+02 6.6771053131769364e+01
    -1.4717214903036432e+02 -6.6075352230889578e+01
    6.2752042922358001e+01 1.5991693358156571e+01 7.0828549544046581e+01
    -3.0255699203084198e+01 -1.3102219549364978e+02
    1.4102891300444895e+02 2.8125851866975232e+01 1.1984240618711408e+02
    -1.8974818652833335e+02 6.6253206828474902e+01
    4.3045118725721892e+01 -1.4349198111900532e+02
    -3.6710368488715112e+01 -8.3916233901708537e+01
    1.9724514114453683e+02 2.9282367135356957e+01
    -1.1613317129672754e+02 2.6374797341423285e+01
    -1.3706694030704757e+01 1.4077096884074817e+02
    1.0806606876403220e+02 9.8753153109639726e+01
    -1.6440543391541144e+01 5.5788538533639993e+01
    -7.0790542984564112e+01 1.0214514765729562e+02
    9.1868065273494636e+01 2.6198974331400109e+01
    -5.1941726511942088e+00 2.9279039435469980e+00
    4.7563421467262486e+01 9.1979489290925386e+01
    -7.8974822843755675e+01 9.0109084312644114e+01
    -5.5926724761083747e+01 -5.4892543908555936e+01
    4.1772035343236297e+01 -9.0241781685974772e+01
    8.9499438718535345e+01 5.2967099310463027e+01
    -7.6321233510866868e+00 6.2839704471392395e+01
    4.6563340530040804e+01 1.0652225971444952e+02
    -1.0931227172440215e+02 -8.5326460303078875e+01
    -5.2126429460399024e+01 -3.9288852504530496e+00
    -1.4492538876581432e+02 1.3921663611786335e+02
    7.7738065911500854e+01 -4.9138372714938852e+00
    4.9826055282624075e+00 -1.3979917208571896e+02
    1.1660036113070908e+02 -7.9651030942042894e+01
    1.7171424786930612e+02 -3.1007468102522981e+01
    6.5031743941361086e+01 -9.2809004502112273e+01
    4.5645084294197467e+01 7.6504884726555531e+01
    -5.8794836290715068e+01 -1.0388810498998183e+02
    9.2532894253563740e+01 3.7184698358570991e+01 1.0844530305620162e+02
    -2.3108077587519201e+01 -1.0716412081975694e+01
    -1.5946429955002520e+02 3.1789708997483217e+01
    -7.0810206355176293e+00 -3.6457718395054918e+01
    -9.0491777243264707e+01 -8.8534111247560617e+01
    4.6939180039966629e+01 2.0478177621567852e+01 5.6005878630324887e+01
    -8.5684885544907416e+01 1.0784186508348876e+01
    3.6529593258325743e+00 -1.0685473408507377e+02
    9.8441327106479633e+01 -4.7392951894475379e+00
    6.4932998044254786e+00 -4.2094003618181155e+01
    -5.1620290984804662e+01 -3.5162424543180052e+01
    2.8586406312276083e+01 5.1868234891747576e+01
    -6.4610517404164710e+01 -5.1119012643730699e+01
    -4.7172233073937733e+00 -1.2298774308257821e+01
    4.3851169652558383e+01 6.9112759443925142e+01
    -2.9099562685482695e+01 -6.1647994058105084e+01
    -1.3955868382501447e+02 1.4827470505460139e+01
    1.0355796759069953e+02 -2.9521424944063995e+01
    3.1947697532950418e+01 2.7461504489654494e+01 1.5995797299613105e+01
    -2.7643926667793650e+01 3.9151069584226015e+01
    3.6105922621879337e+01 -6.8985862983620990e+01
    -1.6637735721972027e+02 5.4943812323752915e+01
    2.6665124362653522e+01 -1.5761419251389867e+02
    1.5190193218870704e+02 5.1713129176964983e+01 5.9868188949228788e+01
    5.9961401728901315e+01 4.3469324028621914e-01 7.2625503824841857e+01
    2.6338088646692700e+01 7.1402892219626565e+01
    -3.8121690564337328e+01 -5.7148121234654752e+01
    7.2511993048653338e+01 6.2898433269095761e+01
    -4.4497235899431999e+01 -7.7866619897459628e+01
    4.9184277617779912e+01 -1.6138753394848095e+02
    -7.1152781806892946e+01 -5.4249027952421542e+00
    -1.4359670982963891e+02 3.9212810857544667e+00</data></s34_4>
</opencv_storage>
