<?xml version="1.0"?>
<opencv_storage>
<s34_5 type_id="opencv-matrix">
  <rows>200</rows>
  <cols>1</cols>
  <dt>d</dt>
  <data>
    -1.5511141312013476e+03 7.0485911899170310e+02
    2.9939209054270839e+02 5.2960117514225249e+02 5.6729420798439878e+02
    2.7840443292051464e+02 -9.1620024707110588e+01
    1.5694232349989642e+01 3.1752902259094964e+02
    -5.2135388379541581e+01 4.7353273575926806e+02
    4.1000688244832804e+02 -2.6932536913740120e+02
    -1.5741391165974711e+01 7.0157956247093182e+01
    -3.6449640878788563e+02 -2.5784468446114374e+02
    -1.7836975298837757e+02 2.1340866406109015e+02
    3.9844928465644847e+02 2.8628501972633501e+02
    -1.1473683147180645e+02 4.2297252804068381e+02
    9.2118952221466756e+01 -1.5536127385235989e+02
    6.2591006146494202e+01 1.0571488744548141e+02 9.0900967967067814e+01
    -1.5945757017984866e+02 1.0462702872957267e+02
    -2.8097926331453709e+02 -2.7576661125095654e+02
    9.5148722663803781e+01 2.8979993794168809e+02 2.0474156159037386e+02
    1.8680647290416644e+02 -2.1239556215263801e+02
    -1.7983154099001024e+02 2.0862865355321679e+02
    -2.6846303595295285e+02 2.4352809279075584e+02
    1.0797161136222684e+02 1.1108889104795801e+02 1.7510239106168365e+02
    -6.3281155823378562e+01 2.0253957034549418e+02
    1.3459020828681787e+02 -7.8921918993364628e+01
    -9.6105666962856276e+01 1.3730396810678457e+01
    4.3427974811552232e+01 -2.6668802307243560e+01
    -2.2239817873425193e+02 -1.0716582676692518e+02
    1.2667529580842213e+02 5.8895680581204367e+01
    -6.0897065595001045e+01 1.6369934784774557e+01
    -3.3157953567312530e+00 -1.6768469724611194e+02
    9.8099021829903435e+01 -5.4065496315760910e+01
    5.4776415193146867e+01 7.8637501993353794e+01
    -2.3702924257028553e+01 -9.6962392730708785e+01
    7.0843186605610633e+00 -5.5626107952029159e+01
    -1.2867921148386372e+02 -7.1592235902238723e+00
    -1.6771502122815313e+01 -6.8094536628190752e+01
    7.0141391165634587e+01 -2.4645103245883082e+01
    1.2374467091338524e+02 -1.0200938173297118e+02
    1.1416742391489885e+02 1.0044725128937108e+02
    -1.3513161921717841e+02 -1.3334425077062216e+01
    -1.4215621340863106e+02 8.5097556429834555e+01
    -5.8553423011782165e+01 -1.0123553175382068e+02
    7.9897627754104434e+01 6.7889039159706446e+00 7.6565974563307122e+01
    -8.6733337225730210e+01 3.9511855041709403e+00
    -9.7491296030075205e+01 1.2810924482515387e+02
    -9.4691582156989853e+01 1.5152724766224058e+01
    -1.2513073493836758e+01 6.3410801589493488e+01
    1.0891012514421318e+02 2.9171385989793627e+01
    -4.4399898428730708e+01 -1.1965105690890439e+02
    -1.0545305240026546e+02 5.0718562455917180e+00
    -6.2038357148551011e+00 2.1965699956866690e+01
    1.2805440932032533e+02 -7.4783566820395833e+01
    1.0962774050927379e+02 5.9864159654641355e+01
    -2.1368836106833236e+01 3.4255856621487666e+01
    -2.7358510151687984e+01 -1.2809539379857721e+01
    -1.4944381096383711e+02 -5.6933956534066454e+01
    -1.4256601147634586e+02 3.6604036562929281e+00
    1.3174865412353785e+02 -9.0783304227549223e+01
    -9.0350335847912326e+00 1.3034415519800248e+02
    -3.8255791383868299e+01 5.2014515742998071e+01
    3.1728283145214412e+01 1.3809229126470586e+02 2.6484414275514251e+01
    -4.1480335017878645e+01 -1.9998353626656829e+01
    2.7047940867068752e+00 -2.1362125056001821e+02
    4.4655500459716123e+01 9.2667076799359460e+00 9.2227623422525042e+01
    9.9445445874600757e+00 7.3618869357441383e+01 4.0198764939501977e+01
    -3.2402794051925476e+01 -7.6053682671978393e+01
    -4.3037972420449080e+01 -5.5664583082984826e+00
    -4.2485254905839120e+01 4.2189404963920341e+00
    3.0822441913824252e+00 -2.9535697162795849e+01
    1.4610282261322462e+02 6.8782437072638572e+01
    -9.2767585594756579e+00 -1.4989623988761279e+01
    -5.3651755211811043e+01 -2.8326751853430839e+01
    2.4866454859909439e+01 6.5050101189872947e+01
    -8.9603551155479039e+01 2.7209401061005497e+01
    -1.3085080178110204e+02 -5.7370100452226559e+01
    4.0613063580511479e+01 -1.6218693215375943e+01
    3.0494279799475933e+01 -3.6592647951120284e+01
    -1.8134002641513366e+01 2.2114815614172642e+01
    1.5714660062364469e+00 2.0100568691056807e+01
    -7.6182428747952500e+00 -4.4970260928549905e+01
    -5.3430435327672392e+01 -1.3895765448865558e+02
    3.8116911569414569e+01 9.1299270566061665e+01
    -3.6592044681632103e+01 3.3561039589080778e+01
    6.2467594099449869e+01 2.0375872313285967e+01
    -4.9126828290934817e+01 3.8422972947609168e+01
    5.7607851707861776e+01 -5.0286591751506172e+01
    -1.5530921583671537e+02 3.6022327192078897e+01
    7.7092339517993000e+00 -1.3720225822836704e+02
    1.5226874380235566e+02 5.4115433500984203e+01 3.9693989147659330e+01
    5.8132916589461473e+01 8.6468541833218548e+00 7.1827850105019948e+01
    6.3533522769183818e+01 6.7915041245312310e+01
    -3.1583084206261120e+01 -6.5876099537416053e+01
    7.2640785376949353e+01 6.1473979773232116e+01
    -2.8871295311305484e+01 -7.9777208979442747e+01
    5.6491488205157552e+01 -1.5483339156234484e+02
    -7.0355855142906734e+01 -3.4188604023777351e+00
    -1.4197859742828828e+02 -6.5461975351855362e-01</data></s34_5>
</opencv_storage>
