<?xml version="1.0"?>
<opencv_storage>
<s34_1 type_id="opencv-matrix">
  <rows>200</rows>
  <cols>1</cols>
  <dt>d</dt>
  <data>
    -1.1559316977496539e+03 1.1233745033392515e+03
    3.6941813566243314e+02 3.1464656107445386e+00 3.9346455233005452e+02
    3.5768479172709868e+02 1.2604129944920413e+02
    -1.5346875999869087e+02 3.8402542779153811e+02
    -6.0517912180265810e+01 3.3727236580533872e+02
    3.9746636126743982e+02 -1.3750087958852023e+02
    4.5795836001342913e+01 -3.9538725239982433e+01
    -6.0747094137543229e+02 9.8516708586187306e+01
    -2.9400180633079299e+02 4.3440258520799722e+02
    4.5957258583959560e+02 1.9597834576889528e+02
    -1.7690288003283555e+02 -4.5823133962821188e+01
    3.6760704563433274e+02 2.2701809882990804e+02 1.2577193709664661e+02
    -2.8577616973043496e+02 1.3954740795841661e+02
    9.3932102943314291e+01 1.7314500487858126e+02
    -2.8496280418899083e+01 -1.3091694528401811e+02
    2.0528669166968868e+02 1.4803579575460921e+02 1.9391496936723098e+02
    -8.1917309224002324e+01 -1.0490850804468816e+02
    -2.0438110691660206e+01 1.7390976283800669e+02
    -1.8302195603145245e+02 1.6114657294717128e+02
    1.7037840723827776e+02 3.0145615959987276e+02 1.7945257283623096e+02
    -5.8365077949791278e+01 2.6503201489812625e+02
    2.0856647946142027e+02 7.5663058947121442e+01
    -7.4069833277431840e+01 1.0332916146281592e+02
    -3.9471712110843249e+01 2.8105770523979118e+01
    -3.6285324670767949e+02 -1.0739919184120119e+02
    2.3414865659593312e+02 1.3134207715506072e+01 5.7550857588065639e+01
    2.1304235965652714e+02 -3.0109605936124717e+02
    -1.6599041855917048e+02 -1.3750320958634458e+02
    1.1336617613996863e+02 -1.8898304110675156e+02
    -4.0145863991448897e+02 -1.6345958949825496e+02
    2.2845196303624114e+01 -2.4345886832347469e+02
    6.8824739943685756e+01 -1.0923132065701060e+02
    2.2799769850010850e+02 -4.6107361085586440e+01
    -8.0183797283139683e+01 -1.0239587865598551e+01
    1.6625100720003368e+02 5.1167717329054113e+01 1.2133680566306579e+02
    7.4084964669331157e+01 9.6142994143030705e+01 6.6702352288522974e+01
    -6.8749431683533828e+00 -1.5444672110093086e+02
    9.7739325847521826e+01 1.9463490690349582e+02
    -2.7956372458999013e+01 3.6874409650364363e+01
    -3.9388157877037372e+01 4.9914075442288400e+01
    3.2941697489357843e+01 9.3150384533614442e+01
    -4.0731373216218628e+01 -4.2508339406609821e+01
    4.4822410654371794e+01 -8.1548750200584848e+01
    3.4937585197836150e+01 5.6856252575390130e+01
    -1.0951768588565359e+02 1.3968449635924313e+02
    4.2435525699249482e+01 -1.1503274623795321e+02
    -3.8991796315136440e+01 6.5366837634626805e+01
    -6.7717950865124919e+01 -3.5418916957438405e+01
    1.2295109960807265e+01 -3.1624470631295246e+01
    6.2111270155317996e+01 1.7812341387973941e+01 2.9183460298795495e+01
    -6.8379398793313220e+00 8.3781866120585164e+01
    5.9080891436145315e+01 -5.9453382089341126e+01
    -5.7739107058341233e+01 -3.0585042392892696e+01
    1.1167034547290456e+01 -8.5120949738775082e+01
    2.6896030420123296e+01 2.6814564943367794e+00
    -4.6192233981917790e+00 -4.6341969228273435e+01
    1.0446413544917084e+00 7.5993330846258971e+01 1.9161480377801787e+01
    1.2342982943568515e+02 -1.8044748991491851e+01
    4.9628191294360079e+01 -5.7308240218571193e+01
    -6.5213494091360175e+01 8.3752514954319309e+01
    -7.4365122549805648e+01 -2.5320100069933716e+01
    6.9067690039725477e+01 1.0412417824793327e+02 9.5240479783815204e+01
    -1.4144047721455891e+01 -5.3419971673677672e+01
    -1.0409670719360523e+02 3.6199791642702266e+01
    -8.0395728090224651e+01 -2.2081382093502015e+01
    -8.5027232776741300e+01 -6.5164642577069586e+01
    9.1381096000172022e+01 2.9522486417832646e+01 3.6938637636089410e+01
    -7.1559743616780395e+01 -2.0453295515955197e+01
    2.5492586937664555e+01 -7.8574149204351613e+01
    9.0382693178479386e+01 -4.1685138942446500e+01
    2.3669966668494371e+01 -7.0634937168905324e+01
    -7.2703153993318949e+01 -2.4132417507756809e+00
    1.9535482639652528e+01 4.4241596971327596e+01
    -5.1627535570900704e+01 -6.1923219961193411e+01
    2.0450903061929317e+01 -9.3216560120151293e+00
    3.4812295824390588e+01 3.5919188618911591e+01
    -2.1873558321231449e+01 -3.5254597187913255e+01
    -1.2429373068948385e+02 5.4572686792806650e+01
    7.7564313993996365e+01 -4.1615144861505350e+01
    7.1465164580142442e+01 3.4020281172428504e+01 3.3230647417785072e+01
    -4.2493586635215216e+01 1.4082900453329144e+01
    4.5916232836228353e+01 -6.9509538128871043e+01
    -1.6509618274936943e+02 6.2815186150687353e+01
    1.3936337453931181e+01 -1.5349671472702155e+02
    1.5955260183680645e+02 3.6956515933624502e+01 5.1999091054385957e+01
    6.3668391451150541e+01 -1.2392233041334970e+00
    7.8541305351269941e+01 5.3745794777032074e+01 8.2054740920050477e+01
    -4.6973557826832270e+01 -6.6610806968159707e+01
    6.6388158108431412e+01 6.7587571259932304e+01
    -3.1547654472768858e+01 -9.5943015346052420e+01
    6.0105974022274530e+01 -1.6166327755874121e+02
    -7.1533010263290876e+01 -2.1527782170616749e+00
    -1.4152003351161568e+02 5.4066365229112829e+00</data></s34_1>
</opencv_storage>
