<?xml version="1.0"?>
<opencv_storage>
<s34_3 type_id="opencv-matrix">
  <rows>200</rows>
  <cols>1</cols>
  <dt>d</dt>
  <data>
    -1.1620968788171560e+03 1.0399782963998462e+03
    3.9873119747158751e+02 -8.0555245868144240e+01
    2.7149127606957092e+02 2.6628681146246498e+02 4.2741985714360914e+02
    -1.1081004966890397e+02 3.6576020473198633e+02
    -1.2324683806515692e+02 4.0900838509951490e+02
    3.3207237416649008e+02 5.3581924297752920e+01 1.0733630008178355e+02
    -6.4111329342080040e+01 -6.5211443854817094e+02
    2.3976891487293699e+02 -3.2996147277957596e+02
    3.2351557340808051e+02 5.6356065414556929e+02 4.9699125927443610e+01
    -1.1681853015586267e+02 -4.2805696720002481e+02
    4.0835657052254572e+02 6.1924432728322904e+02
    -1.5871546989646856e+02 -4.9908238431037296e+02
    4.3495745913099768e+02 1.4678039646907044e+02 7.1224655607697272e+01
    1.0636372507054466e+02 8.6407812633081456e+00 1.4293920700742663e+02
    -3.1644669637085951e+01 1.5699340273147737e+02
    -1.7101907094089242e+02 3.1817756401888960e+02
    6.3480193658974812e+01 5.0702922510421132e+01 8.8278644967216238e+01
    -3.9318233769634979e+01 -2.9938993449565263e+01
    2.0962271116752497e+01 -1.1998142736154352e+02
    -1.6434024085017415e+02 4.8974916059562347e+01
    -2.1082234202993101e+02 -5.0628085731755561e+01
    -2.0663188720313943e+01 -5.6677662285833463e+01
    -1.3326272532109449e+01 -1.5275069412276141e+01
    -1.1029651463946203e+02 -2.7396313521052309e+02
    8.7954520542972801e+01 -9.3435991324569031e+01
    -1.7148532226592366e+02 -1.0737139572319224e+02
    7.0844565656294208e+01 -2.1792215900892771e+01
    1.3311366138265836e+02 4.7197731327272393e+01
    -7.9464510909016361e-01 1.3531821232047474e+02
    5.5276398714362813e+01 -9.5785458512351553e+01
    -3.3697329288845012e+01 -1.1735185900831786e+02
    -6.1150724659004645e+01 6.6010445832549678e+01
    1.3111183510492349e+01 -6.9764759259156349e+01
    7.3348622736374196e+01 2.5839834595117153e+00 1.3527904123443864e+02
    -1.5283218835684491e+02 -3.3679057568300799e+00
    6.0142444773537747e+01 -9.8680002509136557e+01
    -4.3404593671263365e+00 -6.8135065780374021e+01
    1.0381682727477408e+02 2.7748620526650174e+00
    -1.1910908095223735e+02 3.7065570431567085e-01
    -1.7707860816465391e+01 1.0075075977454016e+02
    5.8836980563255189e+01 5.2439831083670988e+01
    -6.6148900860960708e+01 7.9697932170068952e+01
    -6.6390780649676543e+01 5.4348517504997240e+01
    4.1189545308355449e+00 3.1694526793374049e+01 1.4163209708202668e+01
    5.7640261434351608e+01 -2.7004249314057553e+01
    -6.6621175663758443e+00 -9.1447529620213160e+01
    4.6379338961720300e+01 -8.3058095358742907e+00
    -5.6511066856487737e+00 6.4192059668622790e+01
    -6.1465117842913578e+01 4.0638696951196962e+01
    3.4743598428033103e+01 -1.4248997162938151e+01
    6.5545270449411987e+01 2.4208080879939434e+01 7.8770260420098822e+01
    -1.0724571525822995e+02 -5.1481595923382073e+01
    -1.0696576537143373e+02 -1.0509251424814238e+01
    4.2315251105016580e+00 3.4007580342271552e+01 1.4598717756250075e+01
    6.5630068301855459e+01 2.3484762128737264e+00
    -5.3225645321479263e+01 6.3572586739591316e+01
    5.5244348878508717e+01 1.3534333840778106e+02
    -5.8698943603852733e+01 7.3240483182755014e+00
    -2.3298420162858893e+01 -9.4796422873550711e+01
    6.4848388648001531e+01 -4.6434686105347851e+01
    -7.3695247072820260e+00 3.8985972591324675e+01
    7.3004683841382132e+01 6.7132968261450699e+01
    -3.1392981693091208e+01 -5.4765818108917081e+01
    -9.3875855408262282e+01 4.8710408843608391e+01
    -6.0064629579798478e+01 -8.0132415940461179e+00
    -5.4540031082130191e+01 -6.0814959035669645e+01
    1.2111284437098291e+02 4.8304441587972690e+01 8.8143033241202016e+00
    -4.6440446810442559e+01 -4.3806109483720277e+01
    3.5533090058217127e+01 -4.6063572219252663e+01
    7.6507721925933325e+01 -4.1143119984448589e+01
    1.0915400276832086e+01 -7.8064970923278622e+01
    -2.1141694851221615e+01 3.0283166071549878e+00
    7.2366586276541085e+00 7.1610068117408673e+01
    -6.1177147335700923e+01 -3.9018957487156399e+01
    1.4185548336090479e+01 7.6687831963473538e+00 4.1378664642031595e+01
    2.7912369552564762e+01 -5.2140404493413158e+01
    -3.9508877464399021e+01 -1.3809370672689371e+02
    4.3954146699283740e+01 1.0413382940652906e+02
    -3.1271035439810220e+01 6.3009408721268272e+01
    2.8471215497608885e+01 3.0581665847105775e+01
    -5.7029500282108515e+01 2.8948530079596836e+01
    2.0903101375414462e+01 -5.1616090892026932e+01
    -1.5621143523365373e+02 8.7092844453745499e+00
    2.0938635472551603e+01 -1.6204631884436947e+02
    1.4694905265050730e+02 2.7948171077614674e+01 5.4644306768459799e+01
    5.3280807589950768e+01 8.4703602643322160e+00 8.4342693366349565e+01
    3.7261263149625819e+01 8.1039398219324582e+01
    -5.9819603581989014e+01 -5.3706530923698523e+01
    5.5740638946355986e+01 8.9794961395171995e+01
    -4.7187061674020981e+01 -1.7283243380592006e+02
    1.1441721029860044e+02 -2.4744036048396495e+02
    -1.0035339976064596e+02 4.2799305105923416e+01
    -1.5687323653322116e+02 3.4342961513900171e+01</data></s34_3>
</opencv_storage>
