<?xml version="1.0"?>
<opencv_storage>
<s34_2 type_id="opencv-matrix">
  <rows>200</rows>
  <cols>1</cols>
  <dt>d</dt>
  <data>
    -1.1171755743418744e+03 1.1114376254862257e+03
    4.1513696472934316e+02 -8.8922063482836833e+01
    3.2227130148270862e+02 2.5238121152919058e+02 3.5787043421886335e+02
    -1.2728091319732242e+02 3.8078347911542176e+02
    -9.0498658699146020e+01 3.8286910534869531e+02
    3.7444760741513397e+02 5.2902323141006462e+01 8.6103520077015787e+01
    -1.0103610648773511e+02 -7.0616451581738022e+02
    2.0037565534107952e+02 -3.4214654590286239e+02
    3.5103800232632454e+02 5.3812128393190119e+02 5.4539295905199147e+01
    -1.3914348701161700e+02 -4.2686783075126561e+02
    4.3122139213605061e+02 5.7621839260610852e+02
    -1.1635185258746532e+02 -5.0749916598209592e+02
    3.8811172488381231e+02 1.5345646428344105e+02 9.8859569839662470e+01
    9.9496380616252594e+01 -3.9229621401384054e+00
    1.4892286763431042e+02 -4.4490522169904992e+01
    1.4883957415258502e+02 -1.7305076658097596e+02
    2.7211536959062857e+02 8.7817197756562450e+01 5.9612939677137057e+01
    5.6294941197533468e+01 1.6509849499854049e+01
    -3.4395488533151543e+01 6.9236143771194946e+01
    -1.4438813544671865e+02 -1.5057027570473340e+02
    1.0698112732458378e+02 -1.6070552865664615e+02
    -9.9362113914743304e+01 5.0715234111052983e+00
    -6.1632515807744554e+01 -2.0461846750722366e+01
    2.7770386853969399e+01 -1.2564851161131077e+02
    -2.8344205320955894e+02 1.1493079693004086e+02
    -8.6006045644359872e+01 -1.8077858370534895e+02
    -6.8148026375764289e+01 -7.6678972715528602e+00
    -5.9347870211633960e+01 1.1922697445127581e+02
    9.6599703729617019e+01 -2.3807612403964349e+01
    4.7670817359504099e+01 4.8278807459550052e+01
    -1.1703250413845673e+02 -1.7077195251129677e+01
    -9.5659931060538554e+01 -5.6543742726082080e+01
    1.0430845893289151e+02 -2.7319480861349639e+01
    -7.5041048494309379e+01 6.4139551316494433e+01
    3.0776464298383168e+01 9.8089524101549841e+01
    -1.0814349889568230e+02 -2.8314876048218331e+01
    9.9036839202133322e+01 -6.3724973789449393e+01
    -2.4067471792593899e+01 -1.0256396943510218e+02
    1.3089848236058958e+02 -1.1799653266571831e+01
    -9.5643270425831446e+01 -3.7438173948375820e+01
    -7.9825865036052166e+00 1.1695897495897397e+02
    2.4839767882203603e+01 7.9160488155773066e+01
    -8.8174231915054236e+01 5.7498223442781025e+01
    -8.5998890360349563e+01 5.5268598874377091e+01
    -2.2830622193537904e+00 1.8356658050487731e+01
    2.3393408202705475e+00 5.8047744912272641e+01
    -5.4235538679396733e+01 -1.2354788203488898e+01
    -7.0304017578689837e+01 6.1383805814375130e+01
    -2.8283962028965782e+01 2.9120086017104903e+01
    5.8177136289627327e+01 -8.0358963339616210e+01
    5.2516888815253353e+01 3.1728938797841998e+01
    -3.2132790770462911e+00 9.6972091772935812e+01
    1.7419432132708536e+01 6.1446094746223785e+01
    -1.1102965402522369e+02 -8.3113852232570608e+01
    -1.0278660015049554e+02 -1.6112784115909044e+01
    9.2737153511019201e+00 4.3269899319674352e+01 1.9026655735074399e+01
    6.2060916765942828e+01 1.4581095641779939e+01
    -2.1798912519380956e+01 8.7357788749092762e+01
    2.7785310439473228e+00 1.2281294216572221e+02
    -4.1784212744686158e+01 3.3731064515434255e+01
    -3.5665439354861483e+01 -7.4669571906299055e+01
    6.6232589429303616e+01 -2.7916031956546700e+01
    -2.1551202647868358e+01 4.8672006718623031e+01
    4.6146425048100262e+01 3.9289503926166475e+01
    -2.2189953512266403e+01 -6.5301101594736821e+01
    -1.2345796618797674e+02 6.5745791165026244e+00
    -4.2797595771021285e+01 -1.3665550921146256e+01
    -3.7681570981052346e+01 -5.7011805888439319e+01
    8.1936667959508029e+01 3.5078831975892655e+01 2.5822541970446643e+01
    -7.4277223075302686e+01 1.2726191551019738e+01
    -8.9322942076139604e+00 -2.3007668029196960e+01
    5.6673653008239882e+01 -5.6712677821851436e+01
    4.0370422930135327e+01 -9.3842472860288197e+01
    -6.5030341280912836e+01 6.5228822669977173e+00
    -4.1107560037006081e+00 8.4758201664964652e+00
    -5.1140281773311216e+01 -3.2602124790772550e+01
    -2.7377726593553486e+00 -4.0031517247246384e+00
    -3.1591983414005598e+00 4.2642416558573096e+01
    -5.7351768671489125e+01 -4.5778088146026882e+01
    -1.1504109630488914e+02 4.6304991458574136e+01
    1.0029696394818292e+02 -4.5916521117136924e+01
    2.2910862699803506e+01 4.7356337074725573e+01 2.2562798402106615e+01
    -1.6771629353210390e+01 2.6530423339865202e+01
    5.2332314272083366e+01 -7.7407637109279435e+01
    -1.8252990636380116e+02 9.0047988204728242e+01
    1.1841720355441911e+01 -1.3598917261295901e+02
    1.7111214170984726e+02 7.5151272880386230e+01 5.3728646929409862e+01
    6.1690618495422441e+01 -1.0859707120170516e+01
    6.6953583865855094e+01 5.4822846619644565e+01 6.0634171210883359e+01
    -5.2941790308864514e+00 -8.5695846495738962e+01
    8.2621793944802803e+01 3.4120091809626473e+01
    -2.3395578279666605e+01 8.5211819702997289e+00
    -1.3809013070686774e+01 -7.0424121199443078e+01
    -3.5228469185953479e+01 -5.4497097199467994e+01
    -1.2142760769024970e+02 -3.6356194528296214e+01</data></s34_2>
</opencv_storage>
