<?xml version="1.0"?>
<opencv_storage>
<s35_5 type_id="opencv-matrix">
  <rows>200</rows>
  <cols>1</cols>
  <dt>d</dt>
  <data>
    -5.0429164945763779e+02 -8.6760338523092673e+02
    -5.8728388556485726e+01 -4.5132268182810185e+02
    -5.8402489841544116e+02 5.7832850357540190e+02
    -7.8826681777662600e+02 -9.0423423483424449e+02
    1.6489331812292912e+02 -3.6386069467863854e+02
    -3.1119750752521509e+02 -1.2789089656454998e+02
    -1.2473702684247705e+02 -6.2862367536719127e+01
    9.8030885423652805e+01 -3.5235086688175738e+02
    1.7480048678320398e+02 -1.3723096914938353e+02
    -1.3473400906969400e+02 7.6878284102136706e+02
    -2.0671155189676675e+01 3.4709342127305007e+02
    -1.6409759893131144e+02 5.7859191713732082e+02
    7.4897122392030610e+01 -3.0098288408634738e+02
    -2.7079088444963668e+02 4.6677356350728552e+00
    8.6996919078792743e+01 -1.2209297363596298e+02
    -2.3451986033584905e+02 -4.6090335303480975e+02
    4.9668158261002688e+01 1.2343114492493547e+02
    -2.2534062867408929e+02 4.7810739289969781e+01
    1.2399720297215447e+02 9.4909922182413709e+01 1.7007580453000941e+02
    -1.0612302561077053e+02 2.3218853643639881e+02
    8.9349622906846506e+01 -7.3160081856303787e+00
    2.3080970302697091e+02 1.5452971976206274e+02 2.5822319322366269e+02
    -1.5392439555750221e+02 -3.8398049894735053e+00
    -1.5504827962357439e+02 -4.8723982737496662e+01
    3.4747028441810961e+01 -8.8371361742517038e+01
    -1.6055306327007807e+02 -1.4101829726639323e+02
    9.3450497608253343e+01 -1.5112608955610051e+02
    -1.4049410465908497e+02 9.9835205025247564e+00
    -7.1067921189406150e+01 1.6505219307379331e+01
    -3.1738575428732485e+00 4.9610863598593099e+01
    1.2086857181172486e+02 -8.7011028625146849e+01
    -1.6724855443782122e+01 -3.5207236323552664e+01
    -1.1129449924428792e+02 -7.5194457084511640e+01
    5.9094154284898380e+01 1.0352764759137465e+01
    -1.3624989274079641e+02 -9.0736559521566761e+01
    5.8165934284019114e+00 4.4427484321908828e+01 1.1939421098683039e+02
    -4.5966502169144171e+01 1.7546040994642897e+00
    7.6446055433809974e+01 -7.3416576049322174e+01
    -5.1743751296356365e+01 3.5583858194062032e+01
    1.3814651366134527e+02 -1.4622400205626148e+01
    -1.4621426411593274e+02 1.8873927353833173e+02
    -8.8938793745888674e+01 -9.4939968959939485e+00
    5.5589692708127192e+00 4.1074463031542791e+01
    -8.1412953269796503e+01 -4.0747374637268450e+01
    -1.1478406342583888e+02 -3.5068859532423033e+01
    7.2648925684545148e+01 1.3511840266124116e+02 1.2871296936601993e+01
    1.4300272429206615e+01 3.0724922408995326e+01 4.3305620324032255e+01
    -5.7890951234793647e+01 9.4017859800240046e+01
    9.7246813199507454e-01 -6.3094027378866464e+01
    -1.3407350700035698e+01 -1.0237484208331337e+02
    1.0810919834635418e+02 5.2620036226201343e+01 3.9091088440076142e+01
    5.7856760086004044e-02 -5.5693089496143209e+01
    -1.4710178437503558e+01 -7.8205093631388209e+01
    -8.1206257008778351e+01 -1.9942614854676691e+02
    -1.3672697121407171e+02 2.4338338227624160e+01
    1.7432498691854622e+01 9.1556571441609719e+01 5.4947278359439577e+00
    1.3547185457569825e+02 -4.6163528832115034e+01
    1.0550994747240182e+02 1.2469921324275137e+02 1.7483203589211726e+02
    -2.8228190124614976e+01 7.1017708487709626e+01
    -1.3289055461918716e+02 3.1487249360994163e-01
    9.8393948900812504e+01 -1.4529778256143553e+01
    2.7816959923443854e+01 6.4464928392860841e+01 8.0697433253799048e+01
    7.9989158482090659e+01 4.8090699499038507e+01
    -8.9579506903376853e+01 -1.1381754252477909e+02
    5.8100839525938266e+00 -4.8827944858992907e+01
    5.3802542477340147e+01 -6.4990900838946757e+01
    -5.5158884630326028e+01 1.5877692711180595e+02
    -7.2270459441760799e+00 2.9777890288413580e+01
    -5.8407853308223409e+01 -3.7496035886561025e+01
    8.1566263468963456e+01 -2.5468329131772506e+01
    7.9875274671090921e+01 -2.7684337602907952e+01
    7.2343405172312503e+00 -4.9020529654672167e+01
    -6.1589055734482628e+01 1.1101726344290816e+01
    -1.2093024841053822e+01 4.3650004348779362e+01
    -3.1481599292342821e+01 -2.0019972307062055e+01
    3.4991710364082905e+01 9.5840602887480539e+00 2.9933886228754076e+01
    2.4093943596363470e+01 -2.2672741413763660e+01
    -4.1569146282231529e+01 -1.2740751732123321e+02
    2.4759804183055127e+00 7.1479263557709999e+01
    -3.9758685524591677e+01 5.1627455159221689e+01
    9.1742943974130867e+01 3.5668943230118884e+01
    -4.4787811059227806e+01 4.3727952786860584e+01
    4.9542416656417252e+01 -7.1029492259448929e+01
    -1.6262846831038621e+02 5.2741237680998481e+01
    3.2935178142084681e+01 -1.4171018845595356e+02
    1.7862730851504986e+02 6.4754620359791261e+01 3.1463391941745481e+01
    6.9412045237821133e+01 9.4973581944527314e+00 6.6730927153908908e+01
    4.6095133160175507e+01 7.3067205581304137e+01
    -2.9271725827798534e+01 -6.8013479640284473e+01
    5.5209108517412041e+01 6.6313666401939230e+01
    -3.1281605465990850e+01 -8.1653042065324541e+01
    5.0444424558811434e+01 -1.6197179372711298e+02
    -5.9222733067868113e+01 -8.5260520811707785e+00
    -1.4214098375722580e+02 5.3954777952274613e-01</data></s35_5>
</opencv_storage>
