<?xml version="1.0"?>
<opencv_storage>
<s35_4 type_id="opencv-matrix">
  <rows>200</rows>
  <cols>1</cols>
  <dt>d</dt>
  <data>
    9.1239474682257878e+01 6.8378111288388311e+01
    -7.8525693253981854e+02 -8.1554934482492706e+02
    7.3286570014361007e+02 7.9173216066004989e+02
    -2.0741098500853764e+02 7.1718895683135827e+01
    5.1215790155057368e+02 -1.0195601700186921e+03
    -2.0126700456558265e+02 1.2643439366414414e+02
    -1.5800056550050934e+02 6.5523552226856708e+01
    1.4763667425063048e+02 -4.0456100894414431e+02
    -2.8602985761085739e+02 -3.6679966749276139e+02
    -1.8029530983034303e+02 1.1024200488907329e+02
    2.8420938949969957e+02 1.4620359415788792e+02
    -1.7677281426314028e+02 1.2365023561227875e+02
    -8.4756629631523467e+01 2.3569841756156117e+02
    -4.5768256801362077e+02 -1.8023306345926215e+02
    6.3573330431018597e+01 -2.7700337718801893e+02
    -1.8875929648897178e+02 2.4147249933452747e+02
    1.8959296845207547e+02 3.7242397715677248e+02 7.6079201691330605e+00
    -1.3867124469334684e+02 -3.2259787649190429e+01
    2.2545845171376749e+02 1.9917985579685805e+02 1.6576186576420577e+02
    -3.3681554090091687e+01 2.4940319150845110e+02
    7.6373111166583442e+01 9.2538108520752786e+01 1.3938763020213099e+02
    1.0951060363447237e+02 1.1027036259434510e+02
    -9.6088367410796565e+01 3.5077919927765237e+01
    -1.4208128237911114e+02 -1.2337558040720249e+02
    -2.0378301226589443e+01 -1.4635020074500565e+02
    -3.1240410240008993e+02 3.6086340465947524e+02
    -1.0785826750577974e+02 -2.0357268224091672e+02
    -8.1782176921261196e-01 -1.4282807883749344e+01
    -1.5410927655859200e+02 8.6762968085749606e+01
    -6.1231501702223419e+00 -8.5825893538574221e+01
    -5.8551386276841582e+00 6.0822527109865874e+01
    -7.6871742706733130e+01 6.6658086035846509e+01
    -1.1796373619746144e+02 -2.6903512400089841e+02
    3.5125097337790677e+01 4.8010057536607427e+01
    -6.1709578402519377e+01 9.1917650157312281e+01
    3.5528706099483365e+01 -2.1444668191855327e+00
    -1.3869778482627765e+02 1.4157185088005548e+02
    2.5178349885229363e+01 -4.0246289414708230e+01
    8.7640226035239991e+01 -4.7875013983594364e+01
    1.3527525201817035e+01 7.5446071502944676e+01
    -2.8424573050444991e+01 1.7844334392893987e+02
    -2.3749443633203530e+01 8.8287302552077094e+01
    5.0473894373367358e+01 2.8242362034644748e+02
    -4.9104401758049285e+01 -4.4662259532883525e+01
    -2.1195256098989134e+02 7.1578040384287277e+01
    8.0203032416769062e+01 -1.3634387233950523e+01
    -2.6821527314277169e+01 4.6269996154667396e+01
    -5.7103513693755524e+01 -1.6479195507290984e+02
    -5.1388877725004747e+01 -4.0230699121772673e-01
    2.3827877199975468e+01 -1.8883718175296490e+01
    -6.4565452816273833e+01 -1.4303455151273380e+02
    1.4352204136096796e+02 7.9161438767612566e+01
    -5.7937414212475311e+01 1.0381243220276266e+02
    3.0820322161757588e+01 9.6623503950419831e+01
    -7.8482444411430023e+01 -1.1753151646498664e+02
    -3.8012990097870485e+01 -8.3750938863437568e+01
    -4.9393856073799917e+01 -4.2542544504185660e+00
    -4.1048089443822334e+01 6.5322595582850923e+01
    1.5955609858486040e+01 -1.6696323339097194e+01
    6.0856610342009361e+01 7.7112263453002612e+01 1.5034147200929738e+02
    9.1086441019775268e+00 4.6831571297429072e+01
    -2.4392958307415881e+01 -2.8034105962715479e+01
    5.0066369763566051e+01 4.2834463829421658e+01
    -6.0847062234336533e+01 2.3687053660617948e+01
    -1.4226725390058345e+01 6.6105194392853534e+01
    -1.8681642499811421e+01 -7.6413794104143619e+01
    -1.2426813935015647e+02 7.1382995333216073e+01
    -2.6777205179919630e+01 -1.2553666431383796e+01
    -1.8713863905583729e+01 -7.1088449615602684e+01
    7.9193638725242792e+01 6.4297699936265431e+01 2.2403542449792550e+01
    -7.6651634367734857e+01 -4.9093683609278166e+01
    -1.9791734420907751e+01 -2.5724784296851094e+01
    1.0127613285985001e+02 -6.5569675959526805e+01
    -3.4702587163966342e+01 -8.0415575242430762e+01
    -3.1091842716947351e+01 3.2484075603788000e+01
    -8.9282228752558677e+00 4.0835462147301214e+01
    -2.9643706416646108e+01 -3.8490698371335455e+01
    1.9884891754215595e+01 -3.9279327876570385e+01
    1.0246086641761162e+01 4.8535121371481495e+01
    -3.8723989851794947e+01 -5.5507793211946613e+01
    -1.3059740891612850e+02 2.8636624204697991e+01
    7.8692006195875621e+01 -6.1590422142959888e+01
    6.6309293565286310e+01 2.1652408889846299e+01 3.7797249541754248e+01
    -2.1819188696307467e+01 1.7918396215536330e+01
    4.5032912607043528e+01 -5.7288675993276861e+01
    -1.7127085288186279e+02 3.5966986795894790e+01
    1.4292676750182947e+01 -1.7364803637566629e+02
    1.7408685676634747e+02 1.8220496967847907e+01 6.1680926031168028e+01
    5.0734142070881767e+01 2.3924561002351048e+00 8.2337050748229842e+01
    4.6569038558935517e+01 6.3669215920488568e+01
    -4.7897843996927570e+01 -5.9408305188877478e+01
    7.5153618132233944e+01 6.5288458311223820e+01
    -3.2038476328582433e+01 -8.0896534616564466e+01
    5.1796810187800396e+01 -1.5915724480370085e+02
    -6.7769562434742610e+01 -1.3426097651975684e+00
    -1.4279497859425427e+02 -1.6276103078214010e+00</data></s35_4>
</opencv_storage>
