<?xml version="1.0"?>
<opencv_storage>
<s35_1 type_id="opencv-matrix">
  <rows>200</rows>
  <cols>1</cols>
  <dt>d</dt>
  <data>
    5.2051103757868941e+02 -1.7993869264882471e+02
    -9.6042011974789534e+02 -4.1109499134517671e+02
    1.0009899486305737e+02 -4.0253253953870814e+02
    2.0234028910208872e+02 7.7070650464787320e+01 9.7992220050365381e+02
    -4.2885120872936784e+02 2.2425227050467538e+02
    2.8735723758014274e+02 -4.1114887424496345e+02
    -1.2377159641995497e+02 4.0925055285331234e+02
    -1.0579276545128333e+02 1.4542177374642346e+01
    -5.8305626048561373e+02 -2.6423447289193672e+02
    4.4392352451259313e+02 3.2048024928267417e+01 7.1042831687082355e+01
    5.6573946711098166e+00 8.0386768478585475e+02 1.4083313093769539e+02
    -1.4871741434369937e+01 -2.7320126184008063e+02
    1.3186339644018170e+02 1.2541041155186502e+02 1.1804385312887607e+02
    -2.1893746733041840e+02 3.5355811193030388e+02
    -5.9295565107750413e+01 2.0156911808989861e+02
    -1.1648465468519036e+02 5.6728674170646445e+02
    -1.0855750484657899e+02 -6.3147577583267719e+01
    8.6516491351842397e+00 -1.9009420835061914e+02
    -3.8972153910021279e+02 -1.6767359842043126e+02
    -8.4297860594843215e+01 1.4251770027058888e+02
    -3.0309852689384297e+02 2.8952355692034962e+02
    2.6683897805957425e+01 -3.5423906658518298e+01
    1.8173505357200629e+01 -2.7893548420572589e-01
    7.5832747013944868e-01 -2.1716233551295957e+02
    -2.7489626453448352e+02 4.8130881789604587e+01
    -4.2589583024838625e+01 -1.3213571262564412e+02
    -1.2234541073553262e+02 1.1816730032096885e+00
    3.7198095513869184e+01 -2.5669461784194669e+02
    2.7741530656383111e+02 -4.1641686425946133e+01
    -1.3356246202087431e+02 1.1190278366070428e+01
    -3.5185262134202496e+01 1.6210997721334743e+02
    -1.4635496006387655e+02 7.2762498721617149e+01
    -1.8100951463613708e+02 2.8661707371429973e+01
    2.2966033761561778e+01 3.6459797857974287e+01
    -1.0113035255330927e+02 1.5794146317934528e+02
    7.2563174146372234e+01 -1.7770375255439464e+02
    -2.3754746011286031e+01 1.6277718028942056e+02
    1.5532501816251778e+00 -7.5046947574259960e+01
    -5.3473767123523849e+01 -2.2592302898495809e+01
    1.2936974282234296e+01 -4.3230603268802355e+01
    -2.8576619839170927e+01 -2.8489739451018856e+01
    5.6601202028570405e+01 1.6244494938294196e+01
    -2.2110953354620694e+01 -2.9115169111743963e+01
    5.5179978451747047e+01 -6.9015354281708943e+00
    -1.8351382324022346e+01 2.1607729133925623e+01
    9.1463333808253893e+01 -3.6953328446152703e+01
    1.2316839958763719e+01 -1.4323684029293230e+02
    -4.5817387047480480e+01 1.6027128764823622e+00
    5.8598143217546422e+01 -5.2819809239555006e+01
    3.5360761657474058e+01 1.7383969762943632e+01
    -1.0711604310768824e+02 4.4179036539460817e+01
    3.0302491607040533e+01 3.4638718738422490e+01 3.9441413501610150e+00
    2.0101789864528303e+01 6.0017180635845094e+01
    -1.6792742420830629e+02 -7.3918708753803031e+01
    -4.7774973972563046e+01 -1.4613240139541776e+02
    -1.5745996652583907e+01 3.4059631214462357e+01
    2.5525864927397855e+01 8.2127095477551293e+01 2.8601027592562783e+01
    -8.6929252474399377e+01 8.5697894569404227e+01
    2.6721355402517087e+01 1.6797161730980534e+02
    -1.7678737792611976e+01 5.4088401808939430e+01
    -9.3539145204213199e+00 -7.0385171568310554e+01
    4.9442111637005901e+01 9.5266739351186942e+00
    -7.2599836254145025e+00 6.2094511128091547e+01
    2.8634842217272571e+01 5.9222370833485407e+01
    -2.5113970151331117e+01 -2.0184664786216679e+01
    -9.3913983451469790e+01 4.0276197716339141e+01
    -6.6546051870890665e+01 -2.6753310329204584e+01
    -4.7078517017229814e+01 -5.4845441332874280e+01
    8.9054226541423560e+01 4.5442675842942435e+01 1.8909877276414583e+01
    -3.9263941296134163e+01 -8.7822257700115962e+00
    -5.5787564041770104e+00 -3.6898621285981157e+01
    7.9097996984817982e+01 -1.9911564313795910e+01
    4.6018722870044286e+01 -7.1411174327612400e+01
    -4.3018079235002993e+01 -1.5163457070208011e+01
    6.4176088623044567e+00 5.1940206878237895e+01
    -6.8875064770452909e+01 -4.3108508978388215e+01
    9.0962007306490555e-01 1.4847965332138752e+01 2.0160079023607857e+01
    2.6690518785214959e+01 -4.5444567260272734e+01
    -4.9532165169570305e+01 -1.2954481326726247e+02
    1.7529503870881875e+01 7.4100510661572059e+01
    -4.6499385193762947e+01 5.6214288374168056e+01
    3.0753721562383895e+01 1.3794318397504624e+01
    -5.9850550727882904e+01 3.3084232823284793e+01
    2.9883688336280454e+01 -8.0748599927744607e+01
    -1.7445049189448440e+02 5.0873664906542849e+01
    3.9226067262184650e+01 -1.5403518103309264e+02
    1.6994814435396168e+02 4.2336660454768570e+01 3.8015618283028282e+01
    6.8137751791252782e+01 9.5625405720010903e+00 7.5990526027478197e+01
    5.3712364057245310e+01 7.4168330304927437e+01
    -3.6037116737002755e+01 -7.1317367974163460e+01
    6.6396000734589606e+01 6.2583259775792506e+01
    -3.4633255746260872e+01 -8.3540189621442551e+01
    5.1774340329800843e+01 -1.5581309896198155e+02
    -6.7801716303420790e+01 -4.9559360513442403e+00
    -1.4280622891952467e+02 -4.5266609658572499e+00</data></s35_1>
</opencv_storage>
