<?xml version="1.0"?>
<opencv_storage>
<s35_3 type_id="opencv-matrix">
  <rows>200</rows>
  <cols>1</cols>
  <dt>d</dt>
  <data>
    -5.1226392709289655e+02 -3.0818778804402001e+02
    -3.0155230035978497e+02 -5.4417319624712206e+02
    -2.9041338965327736e+02 7.4463604990068131e+02
    -9.1327917492316010e+02 -4.5675463031992365e+02
    2.7083279432526055e+01 -5.3890827199070372e+02
    -4.1713383201035512e+01 -7.7590573217037047e+01
    -3.1334699709548408e+02 -4.8288162245813908e+02
    2.3492773669501395e+02 -4.7433202306277485e+02
    1.1636622465066117e+02 -1.3023258977509383e+02
    -1.4377748404354980e+02 8.1287499505461687e+02
    -1.8551760833103367e+02 2.4961868946331876e+02
    -2.9631979962555283e+02 7.7610683125290882e+02
    -4.8531692323140213e+01 -4.5205862217162525e+02
    -2.6611292670409944e+02 -2.0953998258926961e+02
    -3.2213013736569991e+00 7.5682868023000381e+01
    -3.7108451572208327e+02 -3.5795324840661669e+02
    1.0955284058489880e+02 1.2012641067996262e+02
    -1.7866988983082450e+02 -2.2303261117291962e+02
    2.9252004481967766e+01 -2.7886181492195814e+01
    1.7769737223065837e+02 -5.6328687251668903e+00
    2.6234122524838637e+02 9.1152527405026234e+01
    -1.8454001965419889e+02 2.2911758855663106e+02
    3.0865176380055846e+02 9.9410034378567147e+01
    -6.3232386607223177e+01 1.4519066603875345e+01
    -1.5111711168856372e+01 -4.3986992536654618e+01
    1.4072044873529509e+02 1.6946442760752413e+02
    -1.1852749495872450e+02 -3.8600101046848692e+01
    -6.4134693502517209e+01 9.5620742888997317e+00
    -1.3822344735474675e+02 5.0380108707411154e+01
    -9.0703073410670882e+01 -1.3399322930564696e+02
    6.2412299665284955e+01 -1.5642641723864337e-01
    2.6832754675947037e+01 1.2572786165473555e+02 8.9607548608149699e+01
    -3.9592728970080010e+01 -1.0469352550607064e+02
    -4.9351790331749747e+01 -8.7154216516132962e+01
    9.1864432804830329e+01 -4.1867356157744446e+01
    -6.9664006617953646e+01 7.0269146783494676e+01
    5.7272548049767513e+00 1.5749966141630935e+02
    -1.1283943693569914e+02 6.9230746383008494e+01
    1.2471398366927941e+02 -4.3442503845038033e+01
    -3.8120370804419430e+01 -1.0812103922844085e+02
    3.7747445761027386e+01 3.4101342499603916e+01 2.9034257811854314e-01
    -1.1674887818993793e+02 4.6517519494405981e+00
    1.3230219290921804e+02 -4.4155946880030044e+01
    6.7567854099283878e+01 -1.4467369573930231e+01
    2.5604099626996884e+01 1.7362807481482125e+00 7.2278857120310462e+00
    -7.6845291285153380e+01 5.3045336729976441e+01
    -1.0309214518119640e+02 -1.1868587076349339e+01
    -8.3047658183460754e+01 -3.6201421788777679e+01
    1.0355143201677418e+01 3.0250750204850227e+01
    -4.6484628042292314e+01 1.6797116394075349e+01
    5.6104794739340889e+01 -1.1255742622888086e+02
    3.5217963941971135e+01 5.2606031742057780e+01
    -5.6423466774707784e+01 9.1010214151780048e+01
    7.9740961984037114e+01 4.1965511908460115e+01
    -9.3784491344182797e+01 -4.7531755389844562e+01
    4.2932725668509683e+01 4.2380465384725227e+01
    -1.6130901878810487e+01 5.9109478109160101e+01
    1.0704243245256194e+01 8.5468813336546759e+01
    -1.4920789034361962e+02 -3.0302295225568727e+01
    3.1062013719844821e+01 -6.5625493732814448e+01
    1.0774926666009277e+02 -7.5429514281164014e+00
    -3.3676440497882531e+01 1.2955026835059293e+01
    -1.5609019979564263e+02 7.7656450399492684e+01
    -3.8675721481686551e+01 -6.7070953396764679e+01
    5.7024287778775147e+01 6.4772670874631686e+01 1.2675044225730907e+02
    -8.4249140435054144e+01 -1.1079987299786833e+01
    -1.0029300343767449e+02 1.4688652473451475e+01
    -1.3682785064423005e+01 -5.3211193407934623e+01
    -5.0874115876675589e+01 -6.1495259349158346e+01
    4.8145461806644590e+01 5.1965698805880685e+01 1.1641911531524325e+01
    -6.2681281029706916e+01 -3.3373498798958778e+01
    -5.0181015510185219e+01 -4.0987405910368466e+01
    1.0451824643084458e+02 -8.9259180076794920e+01
    3.6368548787151774e+01 -1.0384172019653657e+02
    -4.7216337721328678e+01 -6.8595152389725804e+00
    1.5608562283469011e+01 6.6733099642483324e+01
    -8.4296477133275900e+01 -8.0796126881542364e+01
    -1.4804547925203131e+01 -2.9335482233839866e+01
    3.9556062498706900e+01 5.1779891199496660e+01
    -4.7457460712426247e+01 -7.3678791815902230e+01
    -1.5507304759672749e+02 7.2081943827894236e+01
    1.1610607408616221e+02 -3.3768916697615815e+01
    4.9879235271719509e+01 2.5356586745296806e+01 2.0711613886522997e+00
    -3.4214336749217892e+01 3.8283751867730853e+00
    3.4043657059534205e+01 -5.3410791106807622e+01
    -1.7306719669785716e+02 6.4076347717054560e+01
    6.1380451365145525e+00 -1.7729985441732299e+02
    1.3511302233108867e+02 3.1757927647743621e+01 6.6887285592275319e+01
    4.0545088424040273e+01 9.2464873860747190e+00 7.7588385224675520e+01
    4.8366411468954283e+01 8.2676271763738313e+01
    -5.3613538335521788e+01 -7.7474757199556223e+01
    7.0716281995058907e+01 5.7473992474908385e+01
    -3.6497581329429991e+01 -8.6349780712141012e+01
    4.8379248698385275e+01 -1.5785326458885652e+02
    -7.2714443697270895e+01 -3.3510983564768777e+00
    -1.3885345972781005e+02 -4.1887810349043830e+00</data></s35_3>
</opencv_storage>
