<?xml version="1.0"?>
<opencv_storage>
<s35_2 type_id="opencv-matrix">
  <rows>200</rows>
  <cols>1</cols>
  <dt>d</dt>
  <data>
    1.9820325243500139e+02 -1.2524600740560635e+02
    -6.7335696831575899e+02 -8.3133927216147708e+02
    9.4039596671209131e+02 5.4132403633089336e+02 1.1136329306352945e+01
    1.1926777266826851e+02 6.9094264635141815e+02
    -6.2691785666046633e+02 -4.0342670172904747e+02
    9.6831832205460387e+01 -1.4311530008476504e+02
    3.7769175374121158e+02 2.9311300393272342e+02
    -1.7765302097543787e+02 -3.8750662448603367e+02
    -4.1174658383804888e+02 -1.4439039362257620e+02
    1.1713530271066928e+02 3.9335111355065533e+02 3.2686671511342854e+02
    -4.0404161190907342e+02 3.1717109499034370e+02
    5.3275283545180613e+01 2.6146848405549116e+02
    -2.9244711788969903e+02 -1.5018441946930201e+02
    -6.2768039837472188e+01 -2.0633846790691527e+02
    -1.6149611733895276e+02 2.1151676141176416e+01
    3.5774931796223945e+02 4.1094543806612205e+02
    -3.3984659784286839e+02 5.9116932426691257e+01
    -7.9767099023678739e+01 1.4793294103776068e+02
    -1.5416315119259662e+02 1.0089800895222135e+02
    -1.5842018275170958e+01 6.3657661257731164e+01
    1.1803460298046346e+02 -1.5099252919184605e+02
    -7.1277449597242502e+00 2.3352092663712449e+02
    -7.3868225199051423e+01 -7.0368626296603523e+01
    -6.2634358162326990e+01 -1.3591413166508585e+02
    -1.0929095823169769e+02 -1.6450093586375388e+02
    -2.2078113602396968e+02 -5.9910815298381479e+01
    8.7151630643966939e+01 3.8969455682942744e+01
    -2.5131493784423216e+02 8.0487371098847234e+01
    3.7900700227150985e+01 -1.9063474304154948e+02
    4.4288381071007620e+01 9.0737097806180898e+01
    -8.8739865825234602e+01 1.3983030199014351e+02
    -3.9606568684336636e+01 -8.4747871356800431e+01
    -8.7996743293183300e+01 2.5811559765784715e+01
    8.7480485087107411e+01 2.3644194820587694e+02
    -1.9385561802423393e+02 -1.8906105208124012e+02
    8.2850420123831555e+01 -6.9446543856754133e+01
    2.1992516580339625e+02 -7.9418582645750220e+01
    1.0037849217482450e+02 7.7886322086016753e+00
    -1.0025921396438581e+02 -1.2135787046671314e+02
    -1.2118750251482734e+02 9.1546060823340056e+01
    -4.0787091112426772e+01 -5.8570328477453401e+01
    -3.8751990685610600e+01 2.0230532958802502e+02
    1.2332736544435230e+02 9.1909289152507739e+01
    -2.8107867584086549e+01 -9.2309261825694847e+01
    2.0748229603887385e+01 9.8041484004706405e+01
    -2.8975949442622600e+01 5.3151906344564260e+01
    -5.9354158964058925e+00 -2.2099467418809670e+01
    1.0931653959139769e+02 4.0097704816102464e+01 1.4616756495313094e+01
    -1.9676333546533658e+02 1.2194817942169277e+02
    -3.7670446783546041e+01 -5.9153995223088131e+01
    1.2751894788037428e+02 1.4189337623646407e+00 1.1996215648243717e+02
    8.6128535920465836e+01 8.4991093420844820e+01 5.0071339386504221e+01
    8.3875141463148907e+01 3.3926471759297819e+01
    -5.4433664115791487e+01 -2.3073740255339686e+01
    -1.6723307414126464e+02 8.4389314055905103e+01
    3.8713998267147730e+01 3.3208081990653689e+01
    -6.0166406616892179e+00 4.8132027949044385e+01
    -3.9894233884150388e+01 -6.9505864662031751e+00
    5.5477307342357598e+01 1.0877996953224612e+01 1.6856416376279208e+02
    9.6211907078662389e+00 2.7990809910114368e+01
    -1.6814321530228874e+01 -1.1481341193473909e+02
    1.1141043596051777e+02 -8.7434400143390150e+01
    3.6959097132639847e+01 5.9573390135490108e+01 9.1871049665630821e+01
    8.6093278135900391e+01 4.3358395971967321e+00
    -5.5665821585315037e+01 -5.0282345952536502e+01
    2.8570171713806165e+01 -5.5562571922534616e+01
    -1.9072968839500234e+01 -7.7399439753991601e+01
    -6.9683197129351370e+01 1.5694118405034123e+02
    2.4106081834917820e+01 5.5353201068091138e+01
    -8.8944592488847903e+01 -1.2563615055947661e+01
    2.1902538692206402e+01 -4.1592554874784739e+01
    7.8669789298904746e+01 -5.5311910494700150e+01
    5.1302914086236868e+01 -9.1747125989917308e+01
    -9.0777535218920093e+01 -4.5079244943661358e+01
    7.3861403892648250e+00 2.3381276650493835e+01
    -6.7196062441617798e+01 -4.9310243536640691e+01
    -1.1586393943124312e+01 9.9629891323396969e+00
    5.8940400891036099e+01 4.5955264547009094e+01
    -4.4301616895147916e+01 -4.4534723086957932e+01
    -1.1698297463066369e+02 5.7326626538642721e+01
    9.0791792742868310e+01 -9.4666757426139192e+00
    4.9203790157183761e+01 5.3560400285755485e+01 4.2360534166345651e+01
    -3.2220654470140026e+01 2.9944534326979781e+01
    3.6441703668877032e+01 -5.6077477148341458e+01
    -1.7962270036856464e+02 4.7097566706820231e+01
    1.2604574096361324e+01 -1.2935626562977231e+02
    1.6072601030302775e+02 4.5735444439946733e+01 5.8096830912223886e+01
    6.1176211169009385e+01 -4.6356027758799812e+00
    6.7188739607893865e+01 5.6583839381540898e+01 8.8121455992711802e+01
    -3.2600430531958402e+01 -8.0385018520439147e+01
    6.6782541072099534e+01 6.1773821334911148e+01
    -3.9752145258406841e+01 -8.4213548169929510e+01
    5.3527506268511686e+01 -1.5655661760959777e+02
    -7.1932211287761788e+01 -7.3435011351045532e+00
    -1.3950015252116754e+02 -1.4738979609605689e+00</data></s35_2>
</opencv_storage>
