<?xml version="1.0"?>
<opencv_storage>
<s36_2 type_id="opencv-matrix">
  <rows>200</rows>
  <cols>1</cols>
  <dt>d</dt>
  <data>
    8.4812048962340748e+02 -5.3289782047825997e+02
    4.2838778899792504e+02 -1.2402661824895449e+03
    -2.9994488611975692e+02 1.8570401900829676e+01
    -2.1159475713157096e+02 -2.9617785621209913e+02
    2.6377984645802098e+02 1.9094175380097914e+02
    -3.0058516055865528e+01 3.8786250800716078e+02
    -5.9330519751811505e+02 1.9102709046156360e+02
    4.1751400338544835e+02 -2.4600713303162419e+02
    2.3147146707003199e+02 -4.4310481845350807e+02
    4.3930408760235522e+01 4.4308076570973816e+02 7.1058272834741331e+01
    -3.3041960168233265e+02 1.8961058424951784e+02
    1.7536680459173127e+02 -1.2542431893224554e+02
    1.4237092711910154e+02 -2.2419418726421597e+02
    -2.4001517373971694e+02 3.1000217299169196e+02
    -2.3369616490901571e+01 -1.7923596918064575e+02
    -1.4809958817836090e+02 1.7258784721408691e+02
    1.6270347478582998e+01 3.6024351605307209e+02 1.8487389188868249e+02
    2.2669217663475416e+02 1.1901007054612369e+02 2.8576158076747555e+02
    1.0263037735478572e+02 5.8446483886573525e+01 2.7947529259979422e+01
    6.7228809153158480e+01 -2.1096688540790538e+02
    5.4283820946226150e+01 9.5163159335163769e+01 3.0329032389921650e+02
    1.1837630942840939e+02 -1.6839264840659874e+02
    -2.2725674914227653e+02 9.1521611261449412e+00
    -2.7386561202881791e+02 -7.8684487328238660e+01
    1.0571202262291507e+01 1.3650141526404775e+02
    -9.9104255957475175e+01 -2.5218684535979003e+02
    -1.7376223583274773e+02 -1.2734698449757012e+02
    -1.7048935465133172e+02 2.4643751405942506e+01
    1.8965586259000068e+02 1.3381274045563680e+01
    -3.4982858659339321e+01 1.7963883981520274e+02
    -1.5971614568575407e+02 -2.6611557996977581e+02
    -6.0155112471957961e-01 -8.7674614076942163e+01
    6.2205285143548835e+01 1.3287541610198923e+02
    -7.7625979644024497e+01 1.3161853498470953e+02
    7.3629542810627186e+01 2.0995569484115333e+02
    -1.1718355036752851e+02 -1.9388551650591941e+02
    2.4241359418034597e+02 -1.1751895895275170e+02
    -8.5170662202289094e+01 -1.2249380248894131e+02
    1.0455591552477897e+02 6.7222152901102618e+01
    -1.6753798974863321e+02 -2.3141470332382948e+01
    -1.9788113000825440e+01 2.8856360347728291e+01
    1.9579625965046091e+01 1.1786144694102470e+02
    -1.8084273603547865e+02 -5.0935179103929045e+00
    9.4582050309117520e+01 1.5728047160606150e+02 4.4133511326721603e+01
    -8.6320969750040049e+01 -6.3294235657799533e+01
    7.7478402409819026e+01 -7.8850318901906542e+00
    -2.6379726132836446e+01 3.4433034720957963e+01
    3.0226129160844451e+01 1.9261594331511233e+01
    -9.5347724449334006e+00 4.0753887222747672e+01
    -1.6359301379583303e+02 9.1627743600383724e+01
    2.9979993808658104e+01 -2.2148643602241830e+01
    6.0695166195322692e+01 7.3283716709348724e+01
    -2.9317311749171907e+01 -1.0351538375279323e+02
    -4.1908036347707856e+01 -1.3626852619390661e+02
    -3.3948593462092560e+01 1.0148793263490393e+02
    -7.2632388216226058e+00 -4.3839223576399178e+00
    4.0885476225577527e+01 -2.1985640346954451e+01
    -2.0102260490963339e+01 5.0822743341586701e+01
    3.4565862835786376e+01 1.4248173301540140e+02
    -2.7513053073079561e+01 3.1311898827987648e+00
    -8.4180112110026741e+01 -7.3966588602551965e+01
    1.1269799265267457e+02 -1.2130789092807195e+01
    -2.2068601571817947e+01 8.0414573973020438e+01
    3.6990833686029376e+01 5.5908556639100503e+01 1.5967350371596860e+01
    -8.2894177850654032e+01 -1.3179172133023411e+02
    5.4982631198068582e+01 -6.2680439229524950e+01
    -6.9049701924740333e+01 -8.3721655167620966e+01
    -4.7873254856202095e+01 1.5525510465851283e+02
    3.3501077095535550e+01 7.2093941516891800e+00
    -6.9735404644698448e+01 -1.0922346917284345e+01
    -4.1973222538696376e+01 -3.2758358023101174e+01
    1.1118868155779914e+02 -7.6362032362549655e+01
    6.4365657985257094e+00 -8.9443629472774006e+01
    -6.6922833552344542e+01 -4.1324311767770816e+01
    1.1150503659394495e+01 3.0012273013251679e+01
    -4.3591014940180123e+01 -7.1016810880583463e+01
    -1.4010117994448088e+01 -3.3893881965619379e+01
    4.3730027020940568e+01 2.5029684076405808e+01
    -4.0867265829686133e+01 -3.7601393790031530e+01
    -1.0899065651946007e+02 6.8941295510596547e+01
    1.1324032025868853e+02 -3.2821676588938601e+01
    4.1412217073291998e+01 5.8393552325324173e+01 2.7534761104653125e+01
    -3.6558622879209729e+01 2.4710094463623953e+01
    3.6763880155914343e+01 -7.2840764773367482e+01
    -1.6613217116492018e+02 5.9268168260921740e+01
    8.9074268588746897e+00 -1.6115922694175006e+02
    1.7356571542485608e+02 4.3028959271153369e+01 7.5742536470404630e+01
    4.0909816701724374e+01 1.6785020609352015e+00 6.1833906642290692e+01
    3.5337749638901435e+01 6.7922486120761576e+01
    -4.3842405526964839e+01 -5.2156679253437744e+01
    6.0515904868188080e+01 7.3059161422711995e+01
    -2.6018886072864067e+01 -9.1473558120453930e+01
    5.6915525862032538e+01 -1.6128115068199236e+02
    -7.0827196389162580e+01 -1.3932647779798017e+01
    -1.3450020905582767e+02 5.5974639627789102e+00</data></s36_2>
</opencv_storage>
