<?xml version="1.0"?>
<opencv_storage>
<s36_1 type_id="opencv-matrix">
  <rows>200</rows>
  <cols>1</cols>
  <dt>d</dt>
  <data>
    4.2901994750718541e+02 -1.1742765426845858e+03
    8.3515036264780872e+02 -9.7502180452796108e+02
    -8.3810248282998572e+01 -8.7263622608191938e+01
    4.3789108567144361e+01 -8.9715390077263166e+01
    3.1700199120670896e+02 -4.4671952137918998e+02
    2.4105223112400941e+02 6.0241949498616384e+02
    -2.2518199618349624e+02 3.3007979374711255e+02
    2.9155988635607122e+02 -5.1598737993844668e+02
    2.0382770452931902e+02 -3.2248351729451122e+02
    9.2152044609208858e+01 4.7818700907876655e+02 2.0477398424416106e+02
    1.5877919933348082e+02 -1.2678105302401390e+02
    -2.8621456756127327e+02 3.4765565743827943e+02
    6.2518251948615088e+01 -1.3209580336304384e+02
    -4.8338292324937562e+01 -4.7556937784118446e+01
    5.8820104514844552e+01 -5.3469810755890812e+01
    -1.4976601171262791e+02 1.2522663229135189e+01
    9.6514198457571894e+01 1.3394313071987639e+02
    -2.4435964932041546e+02 -2.1545285147105622e+02
    2.8224156072067430e+01 -1.2835010992714925e+02
    1.8002079382787443e+02 2.0486077503501878e+02 2.1480076994446287e+02
    -5.8887295640124705e+01 1.5391682828967436e+02
    -9.8769995305161643e+01 8.9186039298800452e+01
    -1.0185970580979888e+02 3.1967677277322856e+01
    -1.8304493894008783e+02 1.3791056698452505e+02
    8.7926705153745264e+00 -1.1820692276291010e+02
    -2.8661044733962865e+02 -7.4812315458986134e+01
    8.2186048286471816e+01 -2.2769967136761835e+01
    -7.4477471362960557e+01 2.1198739102283508e+01
    6.0610909382748481e+01 -2.0302313575053526e+02
    1.0006079581455423e+02 4.4015443019547860e+01 1.7143122367302547e+02
    1.2079988567312570e+02 -7.8056563217829463e+01
    -1.1074797090014465e+00 -1.0018444267648508e+02
    -1.1773983461088370e+02 -8.4240559707533137e+01
    1.6367629098349519e+02 -6.3600177031312825e+01
    -8.2670192310842552e+01 9.3513126628680425e+01
    1.0589493277535705e+02 8.3245004770865293e+01
    -2.2107074347749023e+02 5.1400018779679868e+01
    2.5305113228194816e+02 -1.4146594771153934e+01
    -6.0635687593381803e+01 4.6854315108840694e+01
    1.0056580751851615e+02 -5.0582723308860800e+01
    2.7796674090916923e+01 -1.4207866220735172e+01
    -3.6000051160323832e-01 1.2208188117845590e+02
    1.0776943198016950e+02 1.4618980295351440e+02
    -5.3527357296292607e+01 -5.0996094169894604e+01
    -3.4405386479539828e+01 2.1134563878421091e+01
    4.7290420307779407e+01 6.8636825660026133e+01
    -1.2159404330230375e+01 4.3096776608429131e+01
    5.6548868237735874e+00 -8.5369138960413935e+01
    -4.7508994020093510e+01 6.0062635773661661e+01
    3.2240643803744213e+01 -6.6080288888167829e+00
    1.7340261579543842e+01 -9.4811010885316719e+01
    4.9180235161977990e+01 9.0228655021275870e+01
    -1.1391546527329938e+01 -1.1790261725822030e+02
    9.8512760739530066e+01 -2.5488116661302961e+01
    -1.0624892578316495e+02 -2.2452868621058869e+01
    -1.8001337308942475e+01 -1.0337137198203804e+02
    -5.4994884052036333e+01 3.5572018074384964e+01
    -3.4386207135229043e+01 6.6597720790946767e+01
    -7.2443019127780630e+01 -1.1855969478578224e+02
    1.8098492657527981e+01 -1.4653388898854994e+01
    9.4176156585366627e+01 -2.2508127975618475e+01
    4.6687510678277299e+01 -7.4759411127701512e+01
    -1.7167384758241326e+02 8.3509102484130509e+01
    2.1506701564981153e+01 -1.3605612828465512e+01
    -2.4776209136248198e+01 7.2549116348252426e+01
    5.2414223439575878e+01 4.6641144631795779e+00
    -1.0051055047419472e+02 -1.0104818196195174e+02
    -2.6156598104755385e+01 -1.4002035785342756e+02
    9.3945149112645723e+00 -4.9165529228345086e+01
    -1.5495641479049323e+02 1.0088829879856618e+02
    -6.1044587226156246e+01 3.5126110240982449e+01
    1.1069909683381592e+01 2.3366444863160201e+01
    -3.2715833668726873e+01 1.1085952836114817e+01
    1.2137967498645681e+02 -2.5877996773722746e+01
    -1.9544090469896048e+01 2.9413166511460098e+01
    -7.2455659879986143e+01 2.3370329037238569e+01
    3.9448869805378544e+00 5.5094371139839019e+01
    -9.0279908617167720e+01 -1.9847762435224631e+01
    -2.9356017823368575e+01 1.6188147304445071e+01
    2.8229371878138622e+01 1.3871259734927444e+01
    -4.1106297298678015e+01 -4.7312265426611184e+01
    -1.2043753671080977e+02 3.9168183433086256e+01
    1.1342307626155464e+02 -5.5284703910264156e+01
    3.0520397726355696e+01 4.2431339117950749e+01 5.1585308893458304e+01
    -5.4600078087782620e+01 4.6864698461163449e+01
    1.5137647926336493e+01 -1.1985928299264430e+02
    -1.7298713318866513e+02 4.0569591797753247e+01
    -1.4221393362400256e+01 -1.1432676189312394e+02
    1.9337123589340322e+02 3.3715496179120215e+01 7.4311797726751948e+01
    5.9216132797335625e+01 -3.3576136637863505e+00
    7.5978884459452203e+01 6.0171720510551047e+01 6.8116222577760524e+01
    -2.2070919214531852e+01 -7.6861072789385858e+01
    6.1868013482702068e+01 5.1847425318369943e+01
    -3.7434318730055907e+01 -8.7310988930977487e+01
    5.2371451015664924e+01 -1.5952060814241813e+02
    -6.9638448505783288e+01 -8.6799484510779532e+00
    -1.4177950178683011e+02 -4.0894660371019045e+00</data></s36_1>
</opencv_storage>
