<?xml version="1.0"?>
<opencv_storage>
<s36_4 type_id="opencv-matrix">
  <rows>200</rows>
  <cols>1</cols>
  <dt>d</dt>
  <data>
    7.1403795280039094e+02 -1.1914396723891998e+03
    9.9894418416843337e+02 -8.2529189888132191e+02
    -2.4995115257607342e+01 -1.3795811266602718e+02
    -2.1349992712344257e+02 -3.4754052942678891e+02
    4.1764755720634213e+02 -3.3311370682042656e+02
    7.5166751091678108e+01 6.6428074468424199e+02
    -1.9222164398123221e+02 3.8632309105983342e+02
    2.3740035201319492e+02 -3.3863860332408638e+02
    1.5035435287255490e+02 -3.4587047955245959e+02
    -5.7603575729270275e+01 4.4175952708590438e+02
    5.3092792292203278e+01 1.2640014574426090e+02 7.1115653525670567e+01
    1.9337793397918556e+01 2.4941165360976410e+02
    -6.6119795403083344e+01 -2.0239479037633291e+02
    -3.7590629970365694e+00 4.7728124708048753e+01
    1.4773670538629980e+02 -3.9723537658807615e+01
    -6.6094574712135712e+00 7.5951155428495596e+01
    1.1243057298610606e+02 5.3578100250756215e+01
    -1.2693265497438544e+02 -1.2588237751349878e+02
    7.6262442027563409e+01 -9.6823580883639451e+01
    9.6296898101939803e+01 1.4572568194370859e+02
    -6.5505387205221997e+00 1.8824801088830003e+02
    1.9756042309140739e+02 -1.3105684907785806e+02
    -5.1854827259573767e+01 -7.9144412290785027e+01
    4.1947614539051784e+01 -7.5434174698282192e+01
    1.0503598470464820e+02 -9.2547659805088060e+01
    -9.0417390194928586e+01 -5.2983704684784051e+01
    5.8977117851713643e+01 1.2390020982020080e+02
    -1.1687220443227807e+02 -2.4478670217646246e+02
    -2.4172410041146200e+01 -1.3767602906359960e+02
    -1.3647455492839001e+02 9.2481720123841555e+01
    -2.0050510513780743e+01 1.2076542802391631e+02
    4.2758475517644783e+01 7.7991661018623333e+01
    -1.2189804559840614e+00 -6.1661303342974229e+01
    -6.6058826351834597e+01 4.4625337092409847e+00
    1.5583507777845793e+02 -1.1634781435575784e+01
    -1.3547860463197820e+01 -6.7053150628119369e+01
    4.1851206697858053e+01 3.4225403352151197e+01
    -1.5540871523200155e+02 6.3690630594815218e+01
    5.4073765985006659e+01 7.8608041052101214e+01
    -8.4585969429613375e+00 -5.8413354102101188e+01
    7.5063067783173153e+01 6.3131417259161559e+01
    -3.0191640260819614e+01 -2.1357294939793025e+01
    6.2274899223598389e+01 -3.0921932648930682e+01
    9.3546585519323671e+01 3.1155545090050020e+02
    -1.0775794290991318e+02 1.3429927202918648e+02
    -5.7410412139309457e+01 -5.5355420969466536e+01
    8.3342973065968025e+01 2.5461728402819329e+01 9.1402337581424803e+01
    5.8375502993331814e+01 -9.6336949645566197e+00
    3.1615904397428849e+01 -1.3099329426051176e+01
    -4.7071180190438973e+01 -6.9103978522370653e+01
    -2.1185669286564618e+01 7.1876105301807826e+01
    -6.9812541332727946e+01 1.3511348168952287e+02
    9.0117533425047029e+01 -5.9803838443540016e+01
    6.4166772889250808e+01 3.3582132308233334e+01 9.0914390529594215e+01
    -2.2618218228824804e+02 -7.4672079598011232e+00
    -1.0857811089266814e+02 -1.3923684551948901e+01
    4.6426390251669694e+01 1.0550396264430749e+02 4.2064600273183160e+01
    3.9649007874886550e+01 -5.3788418781016226e+01
    9.2521827195149569e+01 4.0493138628004722e+01 8.6695032342878832e+01
    3.4927117638202624e+01 -2.4906542231427203e+01
    8.9739512225629142e+01 -2.8955670778212845e+01
    -6.6914089026447826e+01 1.0711559821086614e+02
    2.9095452874260044e+01 3.3977146191723186e+01 1.3715764763447208e+02
    5.6685930254280869e+01 8.8704020600172797e+01 5.8431610835662955e+00
    8.2658456171491025e+01 -6.8727350840246174e+01
    -1.5933256865460704e+01 -4.0613748232187383e+01
    2.6322567660280633e+01 -1.0317374436422070e+02
    -5.9512800211195248e+01 9.0008233255020912e+01
    7.0993681789502659e+01 -4.6204664977497183e+00
    -8.1580136423200116e+01 -4.2995961773875635e+01
    5.6299494726248817e+01 -1.4019647569733408e+02
    8.4118128927583854e+01 -7.2906135496757187e+01
    5.0656210830996969e+01 -1.1316760391548966e+02
    -4.6256496077251974e+01 -1.1827339582463482e+01
    7.3685488971743283e+01 6.3979554772635945e+00
    -4.4085502100015852e+01 -4.9671851685246274e+01
    4.2761109863796079e+01 1.6052836776597029e+01 2.7577309201158332e+01
    1.0890544103216034e+02 -6.3725344744283902e+01
    -4.7163473107147261e+01 -1.5092958909442621e+02
    2.2759117267859089e+01 6.2496909420187123e+01 1.9422462347881115e+01
    5.1804325161525774e+01 3.4495197594085056e+01
    -1.8330815263687796e+00 -2.3760753461140077e+01
    1.2717447590787597e+01 6.3670515339690155e+01
    -6.1763122777162216e+01 -1.4832491321314998e+02
    5.3641578694302048e+01 5.4077585178435434e+01
    -1.7664495970134294e+02 1.2080891167932637e+02
    2.5211942603110632e+01 1.2556461608380276e+01 3.6006474091609675e+01
    6.5702871640163396e+00 7.0120513268395058e+01 4.0774232507231247e+01
    8.5336818408108940e+01 -5.9379416946584172e+01
    -8.4499802278639052e+01 6.7332748896479401e+01
    6.3535962467422273e+01 -2.7532347800100187e+01
    -7.8336885857529737e+01 5.5175913578493869e+01
    -1.5047109172114267e+02 -6.0149343357746140e+01
    -6.5369114378643127e+00 -1.3897623445364289e+02
    2.8546908687349624e+00</data></s36_4>
</opencv_storage>
