<?xml version="1.0"?>
<opencv_storage>
<s36_3 type_id="opencv-matrix">
  <rows>200</rows>
  <cols>1</cols>
  <dt>d</dt>
  <data>
    7.4135641870642189e+02 -1.0404878451443690e+03
    7.7725412777547774e+02 -1.0456412516977448e+03
    -7.2661338553201929e+01 -7.4512387768767852e+01
    -2.4610941088306674e+02 -2.7152636493382295e+02
    4.3295736605355711e+02 -3.1809095598537334e+02
    7.4802913562497437e+01 7.5498646785069468e+02
    -3.3762236582029726e+02 2.1317040006229865e+02
    3.5495452206630557e+02 -4.3035332579358942e+02
    1.2110460268211473e+02 -4.0941320191996766e+02
    4.8305699202091660e+01 4.7655209603409889e+02 8.3651263704066707e+01
    9.2685825782172202e+01 1.6372703467670547e+02 9.8426471090532914e+01
    2.0737794356095273e+02 7.5599263578118823e+01
    -2.2988796123404418e+02 -1.3447322357304390e+02
    2.3549079328017126e+02 1.4968690035051296e+02
    -1.4798275093633501e+02 -6.2706210645547429e+01
    2.5506889546194188e+02 5.9278955405467890e+01 5.3984020283803545e+01
    -1.3235733443236833e+02 -3.4671893804829857e+01
    1.0247044896805514e+01 9.2862366445633654e+01
    -2.8037958864008637e+01 8.7676000686635987e+01
    7.3612008155717703e+01 -1.8252162696502328e+01
    1.6059829417591348e+02 -4.6913771118993445e+01
    -7.5493350901054015e+01 -5.2062271771350950e+01
    1.3115434991422555e+02 -2.4059980613635972e+01
    1.6935264795849960e+02 -1.5159116510802346e+00
    -8.0097448776780752e+01 -6.2390324619948913e+01
    6.1928314007726568e+00 1.4589383450358028e+02
    -1.2349234587972190e+02 -1.8739149152693901e+02
    -1.0883227576216920e+02 -5.9943495962588408e+01
    -1.1252587296510049e+02 1.5549324989965490e+02
    6.3437756692228113e+01 -1.6717083044592719e+01
    -1.7205922410907625e+01 -1.1056528122212393e+01
    -7.8646947095817596e+00 -1.2986613355179321e+02
    -6.2965142209650892e+01 2.5230552432505412e+01
    7.7696006242120845e+01 7.6245139833703746e+01
    -1.2689414906859669e+02 -5.9578701094218438e+01
    1.0223270026255189e+02 1.1409166029259428e+02
    -7.8819525713466646e+01 2.0635451108998680e+02
    -6.2292715224247949e+01 -2.9396957318740004e+01
    1.4067735181263450e+02 -7.3298999146477868e+01
    -3.4871178564409064e+01 -4.5941756113356462e+01
    7.1180211951936112e+00 2.9342168717615102e+01 4.1642729140755876e+01
    -5.0397836773960705e+01 -1.2225963747590386e+01
    -4.1692469756317550e+01 -3.8086223708329385e+01
    1.4910302223939070e+02 -9.4040887597703104e+01
    1.5062616068980139e+01 -3.8719067422128326e+01
    -1.3625300380955824e+01 3.5666406145908319e+01
    6.5513034926503678e+01 9.5720786382568988e+01
    -3.4302526792289669e+01 -1.1684578050778237e+02
    7.7953735158615174e+01 -1.9816307320315016e+01
    8.9138155706519706e-01 -4.9233496922335583e+01
    -8.7031954019718015e+01 8.3187253850132350e+01
    5.3577831879198158e+01 -3.9842009469874803e+01
    1.4228813896136418e+02 6.0146335115960653e+01 1.2293783976282027e+02
    -7.7457595892406957e+01 -1.3520605533884492e+02
    -2.8250026031526275e+01 5.4474991576997285e+00
    -6.6836058179742910e+00 -3.9823846696485639e+00
    1.2382254193043963e+02 -8.6268131683471729e+00
    5.9819097396491365e+00 -3.8708970123559965e+01
    6.7752667819265213e+01 -3.2194571626041693e+01
    2.0078927983995780e+02 1.3151350548486603e+01
    -1.0858614122017869e+01 -1.1023323342121866e+01
    -1.1860546223476243e+02 8.4159557971843142e+01
    -1.3005130928098012e+02 2.1120382416734635e+01
    6.3789665672448479e+01 1.0865522525085420e+02 8.1074347417376330e+01
    -1.9465253052002797e+01 -5.7153723973173122e+01
    -1.0895918273353949e+02 8.5512470051369817e+01
    -1.2227184380293227e+01 -1.3421721193577807e+02
    1.3916839243639101e+01 -2.6161807125344545e+01
    1.5020324019907022e+02 1.0721025112239724e+02 4.3328909544007800e+01
    -7.1181370607007679e+01 -7.2150321589075887e+01
    4.3060690194843829e+01 2.9610618113003984e+01 2.3358537312556309e+00
    2.5526216393187536e+01 2.5492270433824693e+01
    -5.0996715435782107e+01 -2.9070546130673165e+00
    -1.0226165101775907e+01 -2.2642349423278780e+01
    7.2768145041717133e+01 -9.1208416177627996e+01
    8.6634314593661426e+00 5.6715505174473890e+01
    -8.1179332713612354e+01 3.7959421830952444e+01
    -6.1455963191538443e-01 -3.3077415776832126e+01
    -7.6739124092375363e+01 -7.9894303981283599e+01
    4.6402305336933949e+01 1.0992700088602420e+02
    -5.3633734306849910e+01 2.5399987832952423e+01
    4.4188605438180886e+01 5.9258151009469223e+01
    -7.5805440814954210e+01 5.3094749890338043e+01
    4.0478112637729716e+01 -9.7411783677000614e+01
    -1.5172851785541332e+02 6.0855235782578795e+01
    8.4705940144080003e+00 -1.0376346268482789e+02
    1.6530297708032666e+02 6.5457825484725973e+01 9.8704792680366026e+01
    8.6662354147292220e+01 1.0494083868443942e+01 5.9977695470842100e+01
    2.8883643678750410e+01 5.5409664146309801e+01
    -4.5535928168818941e+01 -6.0079259154002706e+01
    6.3484539628620908e+01 5.8612999825268396e+01
    -3.7368787657900000e+01 -8.1453953479217830e+01
    3.9872144553269464e+01 -1.5052306136109263e+02
    -6.8456311559519989e+01 -2.9268357717502980e-01
    -1.3743384896104675e+02 -9.3290718907583681e-01</data></s36_3>
</opencv_storage>
