<?xml version="1.0"?>
<opencv_storage>
<s36_5 type_id="opencv-matrix">
  <rows>200</rows>
  <cols>1</cols>
  <dt>d</dt>
  <data>
    3.4873428758628984e+02 -1.0891458239679800e+03
    6.4249124838653336e+02 -9.4952707551035326e+02
    -2.9195370362425359e+02 6.8604437242445940e+01
    4.3113295568327928e+01 -2.1928103156834325e+02
    5.0832363344977279e+02 -3.8016057152418875e+02
    2.8341505130867353e+02 6.7635734981935855e+02
    -4.1217115441680181e+02 1.8228127437564163e+02
    2.6022201442635838e+02 -5.4144841583023606e+02
    1.2936079047230248e+02 -3.1504876882169293e+02
    8.1507035286460351e+01 3.9288568030419719e+02 1.9573169908583600e+02
    8.5474028266715322e+01 -2.0490324691133759e+02
    -2.3746119857094726e+02 3.8362754544548801e+02
    9.6349794851669401e+01 -2.2529253978022035e+02
    -1.6420735438069567e+01 3.1613922104527504e+01
    9.2945370113784946e+01 -5.5028359218097116e+01
    -2.6647566149314480e+02 -9.4898595620539950e+01
    2.0911508724336602e+02 1.7023023871368733e+02
    -2.0651113889130875e+02 -3.0627827406442475e+02
    9.6367108471140412e+01 -1.0112608069303542e+02
    1.9838878404277600e+02 1.8837920367718812e+02 2.7000316642008437e+02
    -1.5869306368958783e+02 1.0801601783049904e+02
    -2.1287885553821195e+02 2.1942261262018718e+02
    1.2314400388485848e+02 3.9151298853481724e+00
    -1.9129974923551245e+02 -1.3889276288157600e+01
    -5.1246896919028231e+01 -1.1218752146379671e+02
    -3.5435231994133886e+02 -9.8004730438263522e+01
    1.0831030024512120e+02 8.3326649202773382e+01
    -1.1945414851493224e+02 7.1167927065340905e+01
    1.8028182702224802e+02 -1.7535948217097967e+02
    7.4801015343211830e+01 3.9518781417404281e-01 3.9286494689377484e+01
    7.3919089482841841e+01 1.1849716953044917e+02 1.9808068219103643e+00
    -1.3493964662124685e+02 -2.3927280458010838e+01
    -1.1507949267168726e+02 3.6625441078575022e+01
    3.4097181474388833e+01 2.0564565160111830e+01
    -7.6850246368981416e+01 1.0997305730223975e+02
    1.5749382506975539e+02 -1.1812247627685358e+02
    -6.7845526676151593e+00 1.4968990155221113e+02
    -3.2629560180640397e+01 -1.3491873496381035e+02
    1.1948456638257801e+01 1.8943872672319466e+02
    -5.5076179620195866e+01 -5.2133629178531606e+01
    8.0527050020340042e+01 -5.1219369777078017e+00
    6.9633734963495542e+01 2.3853280720224369e+01
    -3.2665312776785250e+01 1.8932914193919650e+01
    -1.1469259959565478e+02 -5.7676960626443908e+01
    -2.3783915625445673e+01 -2.2681635541359014e+01
    1.3154703041871542e+02 -5.9928657272020089e+01
    5.1054559066770642e+00 -8.7550079962942803e+01
    -1.2575896509021057e+02 -5.2873074936275529e+01
    2.2750987248807597e+01 -3.9903079753413614e+01
    1.7092063025368404e+01 8.8142565500460947e+01
    -9.2462563273506774e+01 -3.1831110129397139e+01
    3.6385430319983151e+01 4.2046752897047000e+01 1.0435823407037709e+02
    -3.0642070405601185e+01 3.5839044679645035e+01
    1.7038351431854377e+01 -8.5193574145186055e+00
    -8.2513225672897420e+01 7.3221329842838173e+01
    -1.2413633184206003e+00 -1.3790845636690626e+01
    1.2453629182408539e+01 1.0513533921254258e+02 1.1363914956992811e+02
    2.1374599291583575e+01 1.3488380376794532e+02 2.8933991433949402e+01
    2.2376664944207812e+02 -3.5424925484638912e+01
    -6.7239811328051104e+01 -5.7556789177716766e+01
    5.6443860990390057e+01 3.1159771928527205e+00
    -1.2684461725660340e+02 -3.6011515499996911e+01
    6.6088247253395863e+01 4.1575489403761310e+01 1.0178973021539069e+02
    -3.1658444159186740e+01 -4.3438604674926658e+01
    -9.0991287960282079e+01 7.4393068178819561e+01
    2.2133475262868391e+01 -1.5923721218238045e+01
    -4.4637900129095186e+01 -6.3112597508952710e+00
    1.2362929562271428e+02 8.5377571922520005e+01 1.4274058858777684e+01
    -1.0538938116769826e+02 -2.1075181122450399e+01
    2.2153400664277694e+01 -2.6056575078290187e+01
    6.4672515583206916e+01 -1.0507005043241060e+02
    1.2639981716096102e+01 -1.7768961062110341e+02
    -5.9932790611394353e+01 -2.1827598562744953e+01
    -1.9774994722082166e+00 5.8041756745577366e+01
    -4.6597777783783535e+01 -6.8818046807568990e+01
    1.4308631820552671e+01 -1.1765370828428422e+01
    2.2734823121698664e+01 6.2047310365327412e+01
    -4.9542992913964099e+01 -4.9673931560767571e+01
    -1.2877577415515555e+02 3.5697531307906125e+01
    1.1196634735902995e+02 -4.0186217222567770e+01
    5.6583772743208762e+01 3.6857465326467846e+01
    -1.7554380196127777e+01 -1.4171644188054540e+01
    4.6539836968672432e+00 6.3054966118768881e+01
    -2.7292800214549501e+01 -1.7845573145388457e+02
    7.3043207664144461e+01 3.2826837186757267e+01
    -1.7141439089906737e+02 1.2847914932806992e+02
    4.9180324773531318e+01 3.8475439883116600e+01 5.0790578921540060e+01
    1.3417433806158959e+01 7.8962616963599586e+01 3.9401205199246377e+01
    6.7873405285967976e+01 -4.8429698829450025e+01
    -8.4081499644916647e+01 7.0166681065670303e+01
    6.6875693185613144e+01 -3.4698389787522970e+01
    -8.0261046949174286e+01 4.6986976714638423e+01
    -1.5795517807864235e+02 -7.1836274490229755e+01
    -2.1234802178596657e+00 -1.3992312229443667e+02
    5.5779431497086929e+00</data></s36_5>
</opencv_storage>
