<?xml version="1.0"?>
<opencv_storage>
<s37_5 type_id="opencv-matrix">
  <rows>200</rows>
  <cols>1</cols>
  <dt>d</dt>
  <data>
    -1.3549205731341297e+03 -3.3796653685812379e+02
    -9.0591880015504017e+01 -7.2693627448555640e+02
    5.2447201178645159e+01 3.6259236066777282e+02 7.2597617664678228e+02
    -6.8311019876731382e+02 2.6110775051245679e+02
    -1.5704707123590040e+02 -1.5744470166593032e+02
    4.0262537207684971e+02 -2.1339579663979831e+02
    2.3169642342844656e+02 3.6315510656820658e+02
    -2.1579812348234842e+02 3.8402300258201075e+02
    6.5209565068132733e+01 -3.5011582411549551e+02
    3.7731506657472465e+02 2.1676819888655405e+02 4.1784990678284521e+02
    -2.8939414796094024e+02 1.2820447459885830e+02
    -1.6284742166956968e+02 -6.0198272218406856e+01
    -1.0726577732644456e+02 1.7719209456778214e+02
    1.4036586227760333e+02 1.8481699848789040e+02 1.0138920569279373e+01
    -1.8868316385185466e+02 2.1489848357980158e+01
    2.4257388854136664e+02 1.8830110994190105e+02 9.8295090036706725e+01
    3.1242032996417077e+01 1.3906919876364802e+02 1.3343508888116372e+02
    -1.1712006582027325e+02 1.1291611133656212e+02
    -1.4531909346427769e+01 1.5286148760592999e+01
    1.3112552849623555e+02 -9.4400211161578397e+01
    1.2433913228467864e+02 2.8263587117840402e+01 6.3887209568871299e+01
    6.8506229917359050e+01 1.3756686059941774e+02
    -8.0762837915860146e+01 3.0969992577395967e+01
    -1.5672986295591124e+02 -3.3929897120063885e+02
    2.6492937254951897e+02 -9.3238828214675166e+01
    -2.9413559700283133e+02 1.2353439700997414e+02
    1.6383938543770693e+01 -9.9232196112222510e+01
    3.0364254925607298e+02 1.9333246038966598e+02
    -1.4878785984248990e+01 -1.6932528257990634e+02
    2.3944993279841931e+01 -6.2757181506449363e+01
    -9.0145543321288272e+01 -9.1658679588132429e+01
    -1.2296847327914647e+02 6.9732259310699959e+01
    -3.0793265011082898e+01 -3.8468765864731203e+01
    4.7694711473382050e+01 7.2061669647933371e+01 1.2956769078285299e+02
    -1.6406556837198437e+02 2.7793240141128262e+01
    1.5308602147277986e+02 8.4585498303501083e+01
    -7.9603215989679583e+01 -9.8441184361367661e+01
    8.3566248583421626e+01 -7.6407888423227917e+01
    -3.3239308158091838e+01 -1.9572191223746710e+01
    -8.8393199951006110e+01 2.1837206060857869e+02
    8.4382330676506101e+01 -2.0675293834170422e+01
    -8.6192037325478111e+01 5.9671379396525353e+01
    2.1120968694067482e+01 4.7823139887216001e+01
    -3.6679886642484483e+01 -2.1563958156838005e+01
    5.1499419281182327e+01 5.3650351127441581e+01
    -2.9764891461100703e+01 -3.9058904723164353e+01
    -9.0702966200951295e+01 3.5484448577809367e+01
    -8.3019882027422213e+01 -4.8018259245114756e+01
    4.0092031049649464e+01 -9.2688617676360863e+01
    1.1189279154388061e+02 7.7948840945486879e+01
    -4.7907938819167903e+01 -2.7756278385446620e+01
    3.5852899741450095e+01 8.1233592833063469e+01
    -4.4137426040779204e+01 2.0067736344693888e+01
    -8.7772963677020030e+01 -1.5125540865538342e+01
    9.7668992764613122e+01 -6.9009711354013191e+01
    -1.3789754618220494e+01 9.0330279573370717e+01
    -5.4745621719596429e+01 9.3863286169035874e+01
    1.9013869862211021e+02 -1.3068584372698835e+01
    2.3034728505370708e+02 -1.2173268730079922e+01
    -2.0050021316678556e+01 -9.2932504456857885e+01
    -1.2652999789306540e+02 9.0770169274320580e+01
    3.9582445107156182e+01 -7.4844719663485790e+01
    1.2442967236235026e+02 8.3138390031416847e+01 1.2209141514214194e+02
    -1.7424218846911280e+01 -2.8411826369740016e+01
    -1.1676330775696169e+02 3.3753567343453348e+01
    2.1508051959054146e+00 -4.3503712324944885e+01
    -1.8944711896529704e+01 -8.1687871576454754e+01
    6.5614944447167488e+01 3.9855335799036382e+01 1.1352991686237468e+02
    -5.0724267234071711e+01 -4.9737727603612448e+01
    6.1906681641856345e+01 -3.4239097219440197e+01
    1.1793195413660096e+02 -7.1040768961350125e+01
    2.8538284154720849e+01 -8.0196131873778043e+01
    7.3725363730895586e+00 -1.0045195171498802e+01
    6.4329680180234405e+01 3.9495091363248022e+01
    -1.9230509125949080e+01 -6.1036438479237482e+01
    5.9067311707538714e+01 5.5504146767551191e+01 8.1648353429316600e+01
    5.2253812233463968e+01 -1.1600030305327673e+01
    -6.2702175049571501e+01 -1.8252940768338644e+02
    -1.2799069681565568e+01 9.8950450282094934e+01
    -5.1593899283989053e+01 -3.0172891102305840e+01
    8.1240215716624320e+00 7.9305756237068053e+01
    -3.0307020578606110e+01 2.6691714988540589e+01
    3.5273975124593846e+01 -8.5312012066424458e+01
    -1.5778322783367412e+02 3.8117122720249981e+01
    -7.8032813004527246e-01 -1.2392292372998038e+02
    1.8201821414065876e+02 2.9695743319506771e+01 7.9666878105678293e+01
    5.3953506949486822e+01 7.8173843381251800e+00 6.5866971553594254e+01
    4.5212367840591767e+01 7.2245378912093742e+01
    -4.2279735765856820e+01 -5.1864818912405035e+01
    6.8441911699109070e+01 5.6889959429764396e+01
    -3.4610724360367229e+01 -7.4644988188284643e+01
    6.2264553423662541e+01 -1.5424792021899873e+02
    -6.4723332128916084e+01 -3.3294213471833789e-01
    -1.4099760186661771e+02 1.0416531697449507e+00</data></s37_5>
</opencv_storage>
