<?xml version="1.0"?>
<opencv_storage>
<s37_2 type_id="opencv-matrix">
  <rows>200</rows>
  <cols>1</cols>
  <dt>d</dt>
  <data>
    -1.5075258170175448e+03 -3.5614337069984759e+02
    -5.3011952186300832e+01 -6.8366649691329098e+02
    -4.3240196079561661e+00 2.0643110129649082e+02
    6.2839185238841094e+02 -6.4176450329143131e+02
    1.8631577899483517e+02 -2.0405482197994169e+02
    -1.3544824851866670e+02 4.1383423798359684e+02
    -2.0779148569678361e+02 2.0941552214491770e+02
    4.1681024451023535e+02 -1.0956770225286660e+02
    4.3736985348443324e+02 1.0722838483105838e+02
    -3.7936813631902936e+02 3.4412492678080662e+02
    2.1526511090959409e+02 4.3629470184984535e+02
    -2.8014284901198960e+02 1.0387961648124310e+02
    -4.4799039931486092e+01 -8.0222931365268209e+01
    -1.6629751354858885e+02 1.2858622145290556e+02
    1.3890911101443552e+02 2.0123094081562400e+02 4.4456757828823093e+01
    -1.5692328386775509e+02 -1.7893868471934933e+01
    2.8648612853722369e+02 2.0170237106468485e+02 1.0331292057276640e+02
    -4.9186075003675150e+01 1.5175533593387300e+02
    1.2594147499062413e+02 -1.4256789283254204e+02
    1.6240812414238997e+02 -1.4896817428409008e+02
    4.0896161131331951e+01 1.8589945906279361e+01
    -1.3682126718336548e+02 1.6589863997708676e+02
    9.7785989887254843e+01 8.3036791831433092e+01 1.9178290207298153e+02
    1.0941950946068741e+02 4.5947004774894479e-01 3.4460873418704402e+01
    -1.3623797793341839e+02 -2.4453637060099285e+02
    2.6539849618042371e+02 -7.8685892629261545e+01
    -3.0669759535948083e+02 7.6774643815059278e+01
    1.4394640782114340e+02 -8.9699412283938486e+01
    1.5055560391088633e+02 2.2107930603351039e+02
    -1.2870344074465441e+00 -2.9245475472172715e+00
    5.3151033956437608e+01 -6.2783225605174671e+01
    -8.7848190295459005e+01 -9.1503819940311303e+01
    -5.9253865661912840e+01 -1.2863426860084605e+01
    -1.7694806676025756e+00 -4.1877997477393720e+01
    8.2063467695837204e+01 7.6958260027334646e+01 1.3375305271712122e+02
    -1.2139978059509691e+02 7.9476680613010785e+01
    6.4259740682052509e+01 1.1558322286002731e+01
    -4.0096218812579139e+00 -1.2560315607874377e+02
    1.0473850378249162e+02 4.3757328930473873e+00
    -1.0344082147074306e+02 -2.5484477910010870e+01
    2.6597075412131375e+00 4.5305415236523508e+01 4.2614875834962909e+01
    2.4034990769582080e+01 -5.9938063862518497e+01
    2.6885207551890865e+01 -2.7462379093561619e+01
    -5.2917728919634740e+01 3.8916200211491592e+01
    -5.6199359347865157e+00 -3.3254166465985520e+01
    1.5017255287078348e+02 -4.6203324803694791e+01
    -2.1245520743573493e+01 -8.1984289529046421e+01
    -1.3758899553350442e+01 2.4775583135161146e+01
    1.2266426587547081e+00 -3.6329556117401123e+00
    -7.7584788931372600e+01 2.9162087094558633e+01
    8.4846397312110042e+01 -3.5941646179745170e+01
    3.7830323604711594e+01 -2.0535782229238190e+01
    1.1162742896464192e+02 -1.0934765923827672e+02
    -1.4860399514877670e+02 -1.7129558649123338e+00
    -2.4652102563364821e+01 -1.6660914466926090e+02
    -3.1718178202033027e+01 8.0728362645793609e+01
    4.1002986959911333e+01 -3.5537305907525322e+01
    -2.4749044600810180e+01 -2.1460243134538032e+01
    1.2614319573999828e+02 1.3595628138364000e+02
    -2.7819573257124471e+01 1.3772790244168544e+01
    -1.2589735537950698e+02 -1.1546689185572272e+02
    8.3195190469332204e+01 -5.7985017584908164e+01
    4.4361229042308040e+01 1.0591397812462532e+01 1.8524106598150759e+01
    1.1750210290617467e+02 -7.8774907933760980e+00
    -1.2779614224801962e+01 -4.8335397411779205e+01
    -1.2284312218135472e+01 -4.0024038540511178e+01
    -4.9470522688328302e+01 -1.3108797634220971e+02
    -9.4822006211355571e+01 1.8692344838445064e+02
    1.4766836457212152e+01 -3.7905058761026233e+01
    -8.1679290796708450e+00 -5.5591166167421385e+01
    -7.9734400832535528e+01 -6.5312555674074403e+01
    1.0503506301571579e+02 -3.1271793299612071e+01
    1.5240441861779916e+01 -1.0704740549898798e+02
    -1.3724467445430042e+02 -4.8784625157725694e+00
    -5.4978944618832969e+01 2.3128500958999368e+01
    -8.7086068265681149e+01 -4.2890368694604575e+01
    -7.6183719538018579e+01 -8.0061037917189154e+01
    2.1275194285288073e+01 7.2796324990365065e+01
    -4.1277113261280000e+01 -5.2739723129191091e+01
    -5.8662880306145986e+01 7.7115750980261438e+01
    9.1823433273972924e+01 -2.7863955410901983e+01
    9.6260134784750264e+01 8.7927649687211940e+01
    -2.4035184488654373e+01 -2.6789761899919519e+01
    4.0929808637078573e+01 4.7097613376003117e+01
    -4.5816114633319827e+01 -1.9329111200819105e+02
    6.8036250412456951e+01 2.1922617818859770e+01
    -1.5640276042004825e+02 1.2592847099551626e+02
    7.7462204499602024e+01 2.0076500381073028e+01 7.6374599258115992e+01
    -1.6818606690672592e+01 7.1005887682097239e+01
    4.6769315229566409e+01 8.0461710596498122e+01
    -3.3923505005267351e+01 -8.1974010101810038e+01
    6.6966298047472733e+01 6.1969873335191096e+01
    -4.7518793262484181e+01 -9.4828247965790155e+01
    4.0269034348360208e+01 -1.6722940093025781e+02
    -6.9336343923905261e+01 -1.3877275284285023e+01
    -1.4129838754935469e+02 2.6120517537770307e+00</data></s37_2>
</opencv_storage>
