<?xml version="1.0"?>
<opencv_storage>
<s37_3 type_id="opencv-matrix">
  <rows>200</rows>
  <cols>1</cols>
  <dt>d</dt>
  <data>
    -8.8055044587315615e+02 -1.4721167406337247e+03
    -6.2833431073414931e+02 -1.2996641495286413e+01
    -3.6711794651588599e+02 7.7246635239057969e+02
    1.1938122549709315e+02 -7.0915135500317024e+02
    1.6827861028392485e+02 -9.1667507574173641e+01
    1.5589996128279813e+02 3.9845122747020770e+02 3.3240576772786721e+02
    2.1352014466902531e+02 -2.0142634892467431e+01
    -1.3690327784425426e+02 1.3157521878125561e+02
    -6.0491428015867271e+01 -1.2909408113461262e+02
    1.1364373122898004e+02 2.9171855561350270e+02 3.6897479266804282e+01
    3.1043709117318796e-01 -8.1917798303632935e+01
    4.5105165887367463e+01 4.4732796302693878e+01
    -3.8233348419379615e+02 -8.3547743771523628e+01
    -2.2599266774261122e+02 1.4606820703045452e+02
    -3.6807046611613396e+02 2.0476421770512053e+02
    4.6382775634431752e+01 4.6974346654029205e+01 2.4440591253509886e+01
    -4.1660289294400762e+01 -6.9057299941681208e+01
    -7.9173002029041342e+01 2.6434815389639959e+02
    -1.7377530471928075e+01 1.6571436760543870e+02
    -2.5062275278776787e+02 -9.7017716367212401e+01
    5.8189540802614754e+00 -1.2419376453221153e+02
    -2.3167238159344787e+01 -9.4956486334183580e+01
    -2.5348022617200545e+00 3.2387408565302053e+01
    -8.2604667686605566e+00 3.1517149162888325e+00
    3.6778202307112402e+01 -2.1383435840025763e+02
    -5.2619081583402242e+01 4.1741074157092513e+01
    -6.6869434286390401e+01 -8.7785034161663191e+01
    -3.0929547693836049e+01 7.5968834342612780e+01
    -2.4090318518918713e+02 4.7326433203178574e+01
    4.4269665453757540e+01 -1.1282727466254815e+02
    1.0475696298177853e+01 -5.6924321537387328e+01
    -1.3310972544251035e+02 -1.3773007291920916e+02
    -1.7994714603282151e+01 -6.7047044967780323e+01
    1.8039166036107011e+02 4.3944407092189628e+01
    -9.7493441926823152e+01 4.7950951875825911e+00
    -9.8903261662004276e+00 1.3446281331564097e+02
    -8.4224068823645766e+01 -8.2864334538636427e+01
    7.1107118524869080e+01 -8.9993087165518574e+01
    -3.3841383281727779e+01 -3.5815248619562730e+01
    1.4341092117132308e+02 1.1916611009728886e+02
    -9.0245965652153728e+01 2.2404302521955753e+01
    -6.2481760092587002e+01 -4.8451383105303456e+01
    -1.9488747138362090e+01 8.9253251664107779e+01
    -5.0533130394945516e+01 -2.5737627375900839e+01
    -7.2136098967749035e+01 6.0959071477841050e+01
    3.0998577810405892e+00 1.1216638013172901e+01
    -9.2197503548425573e+01 5.5055502428888715e+01
    -3.1041243985993088e+01 -3.8879033690655724e+01
    -1.1823389156965739e+02 6.1016570705522831e+01
    -2.5498895797384275e+01 5.3100940785465419e+01
    4.0270946611332519e+01 -1.0520470060290342e+02
    1.8095001920094749e+01 5.1501874586733365e+01 3.9377563517626136e+01
    6.9462295100365992e+01 4.1610801014846807e+01 4.2024549293547253e+01
    -1.5108315295048214e+02 -5.3805311227983708e+01
    -1.1955224741351684e+02 -4.4644124016504712e+01
    -3.2629589404797812e+01 -4.2893823978851970e+01
    5.3628794139452168e+01 5.9401014848417688e+01
    -4.8789366952394772e+01 -1.4803305839322618e+01
    8.3111553424990362e+01 -1.7101349162413326e-01
    1.2713246950461867e+02 -4.3906076532277325e+01
    -3.1868776717983785e+01 -5.1365079242704880e+01
    -6.9937452529183034e+01 9.1163307426116134e+01
    -7.5720353211548241e-02 -1.2046443879948132e-02
    7.5263605914209393e+00 5.8277292799387119e+01 9.0247379844245003e+01
    2.8576595156557463e+01 -2.9225257327691061e+01
    -4.1811097580046621e+01 6.2437224404981201e+01
    -2.0184293789504197e+00 -2.2288309481085564e+00
    -4.8103056589191688e+01 -9.1666069111414714e+01
    1.5973717829213487e+02 1.5810394241403106e+01 6.5399467524757554e+01
    -1.4909301636785804e+02 -3.7283375425885673e+01
    3.4275434397360875e+01 -9.1922221214288413e+01
    1.2533524861433294e+02 -4.0397565033104470e+01
    1.9175871482891107e+01 -6.7512626572549777e+01
    -4.3268013435911641e+01 5.1093265147645937e+01
    3.2431930251615512e+01 5.7296664290492579e+01
    -3.5561081334969018e+01 -5.8140262678322685e+00
    8.0122074747305774e+01 8.1841119249483558e+00 1.9997822463888923e+01
    5.4014667276024156e+01 -5.1774729832540444e+01
    -4.8600461275670597e+01 -1.3805177751827270e+02
    7.6609440221572640e+01 6.2139983999138771e+01
    -8.4169223694985178e+01 3.3612331455409212e+01
    7.1188125461339578e+00 -1.0255063457630932e+01
    -1.1677143562016354e+01 6.1182388362303097e+00
    -4.5936294860144848e+01 -9.7194204075873699e+01
    -1.1463475907046707e+02 1.1762695060692025e+01
    -7.5570947274891838e+00 -1.6119265187306704e+02
    1.2789086954452057e+02 1.4355700295923941e+02 1.2246615550593229e+02
    4.9100303399893434e+01 -9.3289542827443341e+00
    1.1182774589892783e+02 8.1713985734893882e+01 1.0319131118803638e+02
    -2.1047422177906917e+01 -1.4235297653815795e+02
    6.1385225438750133e+01 6.6589386325429388e+01
    -3.8730840728277357e+01 -7.0755123144977574e+01
    5.7239345754482734e+01 -1.5636656421556731e+02
    -7.4683210965416734e+01 4.1706648516303755e+00
    -1.3745484477225915e+02 -2.1110237311083306e+00</data></s37_3>
</opencv_storage>
