<?xml version="1.0"?>
<opencv_storage>
<s37_4 type_id="opencv-matrix">
  <rows>200</rows>
  <cols>1</cols>
  <dt>d</dt>
  <data>
    -1.5754520653153704e+03 -1.7645607902014362e+02
    -1.5909136572576654e+02 -7.2518327813220708e+02
    -7.6649884181077923e+01 -1.9512732012763706e+01
    5.6619225884694686e+02 -6.1342645255822129e+02
    1.2139410519006756e+02 -2.1388891168221605e+02
    -2.9313191676750978e+02 4.2109743753167407e+02
    -2.4988947847955498e+02 2.0196872129504121e+02
    3.9203121163842991e+02 -2.6090845778524505e+02
    4.0233379102147285e+02 1.5183989234256802e+02
    -2.7239207655380130e+02 3.1527216814386315e+02
    2.1415774102029425e+02 3.1421421105362765e+02
    -2.5353955482869500e+02 1.3216784032963108e+02
    -5.8805377035434809e+01 -7.4998253101145679e+01
    -1.0435677047794424e+02 1.9329190590092983e+02
    2.8190356474211950e+02 1.4841575887475915e+02 1.5203042445423725e+02
    -1.4964710235195056e+02 -5.6933931271043598e+01
    3.6325962928820326e+02 2.0940265900034941e+01 1.0705530272263557e+02
    -1.0661767846074811e+02 1.1793366303343014e+02
    3.6636336137998654e+01 -1.3749956172425308e+02
    2.5010869042338234e+02 -1.0139861829797080e+02
    7.3214857000438499e+01 1.2903794445965082e+02
    -1.7622980035695542e+02 1.3464411041647043e+02
    1.5218168880603392e+02 2.6731978427387833e+01 1.4746459798836014e+02
    4.2178804074725242e+01 -4.3639481924548718e+01
    2.0244323477141414e+01 -1.7680052355752014e+02
    -9.8153689592285062e+01 1.8197748145023496e+02
    -1.8601748615488816e+01 -2.5523586569891509e+02
    5.0857640720054476e+01 5.9452854227903401e+01
    -1.7642105023076857e+02 -3.9678863724275732e+00
    6.9946994506771787e+01 1.0373304791302900e+01 3.3647350785061874e+01
    6.9341990077837323e+01 -1.2815014183329492e+02
    -9.2337644364263070e+01 1.6754576936876084e+01
    -1.8539796532126775e+02 1.3545588737169288e+02
    1.0759719565927318e+01 -7.1175809576788126e+01
    8.4504358507008604e+01 2.0794507020021669e+02 1.7427433062376065e+02
    -1.0387586346818277e+02 9.6608381522954687e+01
    8.3045329805966659e+01 -1.9298476170132105e+02
    1.0690745202736402e+02 1.3258852647574669e+01 9.0044042112527990e+01
    7.5549765119908798e+01 -7.8712459827092204e+01
    1.6485320789127396e+01 1.3607851224683947e+02
    -5.5615498070166991e+00 -8.5868400600177893e+01
    9.7608450821931882e+01 -1.1278350312737215e+01
    -6.2621872725626488e+01 -1.3678912491999498e+02
    -1.4711443995990553e+01 1.2077504559632725e+02
    3.6462173218292122e+01 -5.9828556135038973e+00
    2.9964604189642117e+01 -5.9596342311455352e+01
    2.8498833695603597e+01 -4.3923527001324352e+01
    1.2094835757118275e+02 3.4153053793704004e+01 9.3879744003084582e+00
    9.0783437996356270e+01 6.1731765880422657e+01 1.0044383325408748e+02
    -9.5161017580531492e+01 -3.6768573903772499e+01
    1.5534418824692389e+02 6.4750954349306582e+01
    -5.6210856060716488e+01 -5.9730952194490698e+01
    -2.4457060079245135e+01 -1.0624555138565695e+02
    -6.0251376453483743e+01 8.2612681609281083e+01
    1.1263792055239186e+02 -3.4600089106474115e+01
    1.0518854201494332e+01 7.3658058686435561e+00
    -6.6984445857845657e+01 1.6678918631128770e+01
    -8.1751521499939102e+01 3.7822088544638426e+01
    -3.3728815527048859e+01 2.4653721592451618e+01
    3.6473183630805835e+01 -8.6487913175485573e+01
    1.3898040831118968e+02 -6.0982497860162020e+01
    -1.3514523479095224e+01 6.5545992847285518e+01
    1.1006784718772046e+02 -1.6781997781613558e+00
    3.3700529430026842e+00 -1.0426013319751584e+02
    -1.7895153715496406e+02 9.3912100010977611e+01
    -6.8029375843890733e+01 6.2661643334510323e+01
    -8.4968058057190987e+01 -3.2929582329408717e+01
    8.1353996683768415e+01 8.3692917787565818e+01
    -1.1926274797230647e+01 -6.0820360226949042e+01
    2.9326747694204830e-01 3.6645128280019911e+01
    -3.0390496618252087e+00 5.7177275810143463e+01
    -2.9902113954226635e+01 2.0436049661044422e+01
    -5.1363262239206648e+01 -2.7127452930151080e+01
    -1.5513035124968820e+01 1.8913937287552500e+01
    7.2625758106871970e+01 -8.3515289622774645e+01
    -4.9546543751574013e+01 4.5409265385682209e+00
    7.7383475471317231e+00 -3.5840666788591193e+01
    -7.4866904089379087e+00 -4.9323296204708406e+01
    -1.2142430398548179e+01 -1.8238686171869975e+02
    2.9709242844932639e+01 1.0395619386385090e+02
    -2.9825231030159671e+01 7.3646310982613429e+01
    -3.1683168794187302e+00 4.0062919182961263e+00
    -2.7842158581272610e+01 2.2960326118551286e+01
    2.5585596403609088e+01 -6.9094597434996857e+01
    -1.6968582326129601e+02 3.5177120484196479e+01
    2.7794815897709842e+01 -1.6698574550535881e+02
    1.4886420933277506e+02 3.7215836844066793e+01 9.1347350485583490e+01
    5.6547802485021627e+01 4.0298903135488274e+01 7.3751126337332579e+01
    3.1616217287566823e+01 7.7480466256024414e+01
    -4.0885160782668883e+01 -6.6020003648271356e+01
    7.7220102203993733e+01 6.6349733721652328e+01
    -3.1809445757002198e+01 -7.8441024269624236e+01
    4.6589186755978474e+01 -1.5109418659523749e+02
    -7.3781313922289911e+01 -1.9229649294945004e+00
    -1.3616781587427997e+02 1.3600984550577824e+00</data></s37_4>
</opencv_storage>
