<?xml version="1.0"?>
<opencv_storage>
<s37_1 type_id="opencv-matrix">
  <rows>200</rows>
  <cols>1</cols>
  <dt>d</dt>
  <data>
    -7.7948198458110323e+02 -1.5225163368175649e+03
    -5.8642658535707073e+02 -4.1365928687940027e+01
    -2.1215666403149439e+02 8.2495215907367447e+02
    1.9208868017074201e+02 -7.3673329329329624e+02
    1.3487746135831230e+02 -9.4463610253961576e+01
    1.7455960984702662e+02 4.3464630062049133e+02 3.4477477778864863e+02
    9.8222178352833751e+01 -2.9972424101877351e+01
    -1.5902037619110686e+02 1.3890501364565489e+02
    -7.5703518549327782e+01 -1.0474446937266829e+02
    2.1526254106049601e+02 2.4045464433913267e+02 7.3348616316700216e+01
    -9.9647367606975177e+00 -6.7897378903269299e+01
    4.8447862441611470e+01 1.5669015318164151e+02
    -3.9792379593505268e+02 -1.0924252258436277e+02
    -2.1505647221453742e+02 9.2845699173256875e+01
    -3.4927357291592369e+02 1.6915015375600879e+02
    9.0047353593486449e+01 -1.4968198527038579e+01
    4.6554506659600527e+01 -8.5486828236323646e+01
    -6.6076105421572606e+01 -9.2742401745346626e+01
    2.4032809823103187e+02 -5.5385300072231793e+01
    1.1661407671897656e+02 -1.2866077217294318e+02
    -1.4052109063518293e+02 1.6681245152236901e+01
    -9.2219130663909638e+01 -4.0754512707806064e+01
    -1.7659404730823903e+02 1.1733180816889851e+01
    4.9603889634464153e+01 4.2575665930484625e+00
    -1.0616307694159989e+01 6.7624442180763609e+01
    -2.4027491116888621e+02 -8.7574148987165159e+01
    7.2331588499019716e+01 -6.3166576776304694e+01
    -1.7940566000057942e+02 4.2620697366041142e+01
    7.4104610397462920e+01 -2.1455902069544118e+02
    1.2441319593027544e+02 7.7144221371629769e+01
    -1.5868117460034784e+02 2.2358788447681768e+01
    -4.0062262934522622e+01 -1.5808583215046701e+02
    -6.4558583372104124e+01 8.1963379069583748e+00
    -1.6319866186792176e+01 2.3553726387798602e+02
    5.6991634763233350e+01 -7.6047666556627121e+01
    5.2210245807855493e+00 -2.7965023419459783e+01
    1.1876957967758460e+02 -1.0010527347017198e+02
    -8.5331847798337733e+01 1.4017765781576290e+02
    -2.8012097475997713e+01 -2.8657816326639246e+01
    -8.3198821917390013e+00 1.2926431450493314e+02
    1.2914641158020990e+02 -5.2972993995001886e+01
    2.4418139050782159e+01 -6.6861046637138770e+00
    8.3978528986581171e+00 -4.3382469893883808e+01
    1.1072265908939129e+02 -4.0705182891514490e+01
    -2.5236901613976467e+01 -1.2152667114640722e+02
    7.2208591877881474e+01 4.1435949413301152e+01 3.0150604372478409e+01
    -1.9017514584258706e+01 2.5120386511970104e+01
    -4.5178562618758129e+01 -7.0105201879491119e+01
    -4.7029681721873324e+01 1.1665669033798405e+02
    -2.1603322918908773e+01 4.7552638142312283e+01
    6.7434027544567044e+01 -6.8418912671627282e+01
    8.1326765652027611e+00 -2.6109959363221233e+00
    4.2930478930773560e+01 7.8666877543690916e+01 3.4243832508781033e+01
    7.7791138737756285e+01 -1.3928192041852515e+02
    -5.4166846963880971e+01 -7.6831467422036269e+01
    -1.3409471643117389e+01 1.6410656490856475e+01
    1.8284735869432218e+01 4.8238701513168877e+01 3.3242348805036357e+01
    -5.0687355704372351e+01 2.2799559182161037e+01
    9.2943909015130984e+01 -1.2505126980873388e+01
    1.4024890497692573e+02 -4.1329601189445881e+01
    -6.8820744127581763e+00 -7.5130299486205189e+01
    -7.8292251299743910e+01 9.0040519675076396e+01
    -5.6956838087927979e+00 3.4732597619285106e+00
    9.0027432835457120e+01 9.6090199458349375e+01 8.1470731591396543e+01
    -6.7556646097649633e+01 -9.5332401056590285e+01
    -8.3150848578778152e+01 1.5168810543091547e+01
    -7.6973529910108212e+01 8.7510023829644012e+00
    -7.6396498324230066e+01 -5.1640588941533601e+01
    7.9811411938398678e+01 6.1697321930491725e+01 2.1735634674539991e+01
    -3.5359627782545942e+01 -6.8101674876383136e+00
    4.9799816330323090e+01 -1.8486849885901847e+01
    3.9366432212248327e+01 -2.1477268331151198e+01
    4.0354159526391761e+01 -1.0121074204438000e+02
    -8.7868630333977649e+01 -2.9466048800725339e+01
    1.6204172661364815e+01 6.2837767589922464e+01
    -9.9910600573078661e+00 -4.5421234743795068e+01
    -6.2461099306202790e+01 -1.9380285180651804e+01
    7.1328049964798041e+01 1.2043462918643772e+01 1.1557826282131787e+00
    -7.6440076410447219e+01 -1.1984165896756602e+02
    1.5955732891239201e+01 1.1823704099483039e+02
    -3.5357545229719491e+01 8.5884996593176240e+01
    1.0275160700532784e+02 5.4914349530257198e+01
    -6.0359112896726415e+01 7.7652497915298028e+01
    1.0598769946324312e+02 -6.0939335717589699e+01
    -2.1502585742398483e+02 9.4592487384138508e+01
    2.5124312753468978e+01 -1.0293921541048026e+02
    1.7567948121269828e+02 -8.6152981217284307e+01
    -1.6453919908684988e+01 5.9799962788371424e+01
    -7.8279571214878123e+00 4.1620259017582711e+01
    7.3221208840788350e+00 4.0081846507336337e+01
    -5.5473264309596907e+01 -2.0718920534734764e+00
    8.1075687873312944e+01 5.5845640642970842e+01
    -2.7929909006884227e+01 -9.2061203539155514e+01
    4.9945851524145489e+01 -1.5415252478136216e+02
    -6.9702964449337756e+01 -1.2335939206678930e+01
    -1.4956682180133049e+02 2.3113491697704487e+00</data></s37_1>
</opencv_storage>
