<?xml version="1.0"?>
<opencv_storage>
<s38_2 type_id="opencv-matrix">
  <rows>200</rows>
  <cols>1</cols>
  <dt>d</dt>
  <data>
    1.2039001629363759e+03 -2.2212971913064681e+02
    -4.9029675123562811e+02 -9.3638036130025841e+02
    9.7432431241288569e+01 5.6994900416093321e+02 5.1548975440717516e+02
    -2.2340849615981338e+02 4.0697828710302554e+02
    -3.9176597188740021e+02 -1.3509911440745904e+02
    7.2243060253113981e+02 -3.2524424070403984e+02
    3.3057379417977387e+02 3.6030673003255589e+02
    -3.0640500164638087e+02 2.6466059859364481e+02
    -2.5841127142702010e+02 -2.6905108175883925e+01
    5.8043218144041055e+02 7.6263327630716901e+01 6.8250455768459418e+01
    2.2369289740257619e+02 1.5826804598929854e+02
    -4.4965367388730002e+01 -2.9140520984080940e+00
    -3.6793719030386671e+02 1.0512984037748345e+02
    1.0238069776516784e+02 -1.1968943396075106e+01
    -6.5041227989188826e+01 -9.3198241779212808e+01
    -4.2050422785273980e+01 2.8847338253151861e+01
    -8.7766149891118168e+00 9.3867423225427640e+00
    -9.0108544376778937e+01 -8.4701774895032813e+01
    3.6125876464886181e+02 -1.4213909346763447e+02
    2.3379962965742283e+02 -3.2510119596423387e+01
    -3.5389177708996591e+01 -4.5415297789589722e+01
    -5.1280593508632890e+01 2.4811314720202125e+02
    -2.5659362808103964e+01 -1.4391958895440391e+02
    -1.6005223934178707e+02 -6.4785494731178961e+00
    -2.5131818124893613e+02 7.6260356390033381e+00
    -1.0591609155415804e+02 -1.9817765970655964e+02
    1.6185007272852278e+02 -7.4873934800545626e+01
    -2.1232132143882191e+02 -4.3031488977314993e+01
    -1.4602807182976210e+02 -1.9861568641751805e+02
    1.5063624595134891e+02 6.8220674755556459e+01 5.0145639584212574e+01
    4.7156646691468907e+01 -2.9018595497571710e+01
    -7.3981940808575501e+00 -1.7671508211575895e+02
    9.9105325171101040e+00 -2.1203871410503151e+01
    3.4908715816452734e+01 -1.1145266820509231e+02
    -1.1376097040250600e+02 3.3943243476099241e+01
    -8.1066784223531158e+01 6.2027904111966507e+01
    -1.1035798561770764e+02 -5.1378899840215624e+01
    2.2918689415192510e+01 9.8070744961741632e+00 8.1104405480158732e+01
    1.6707398078788165e+00 8.3370352475571650e+01 1.1867423637197282e+02
    -5.5854178711312649e+01 -2.3172227437859732e+01
    -6.2059169438042922e+01 1.6467496133091169e+02
    4.6628766239507499e+01 4.2667335051872683e+01
    -1.0456030554221825e+02 -2.9058985153302554e+00
    -1.0312400387619127e+02 -1.5644047561499113e+00
    5.7747252906730132e+01 3.4192563491009984e+01 2.6872577129234230e+01
    1.1663141592374288e+02 -8.1035009110157674e+01
    -2.2290253580635522e+01 -1.1017740286676205e+02
    7.7789151319330415e+01 -3.4367121439896792e+01
    2.6919407473956642e+01 6.8436944144174504e+01
    -5.5798603131789726e+01 9.1790318000038312e+01
    5.5624339953838536e+01 1.3110842064600666e+01 2.4485791702111182e+01
    -8.1454023460870708e+00 -4.3474388556272974e+00
    -1.1376522217184529e+02 -3.8350038521069685e+01
    -2.3128080121930992e+01 -3.2394904351029496e+01
    2.2503626795576640e+01 7.5563200037864746e+01
    -1.6513100860717842e+01 6.4527075570731142e+01
    -3.6759919091118924e+01 1.1280025343257270e+01
    8.2109811151307241e+01 3.3081755371279002e+01 1.4162983860861689e+02
    -5.0602134710329217e+01 -1.2849146638143173e+01
    -2.7334736079127961e+01 -7.7440057640992819e+01
    5.5482823577108618e+01 -1.3806122739026404e+02
    -4.9209824252170328e+01 4.4148733962529462e+01
    1.1407804157992135e+02 1.1768686449314148e+02
    -3.0396360054201057e+01 -3.4749764673857051e+01
    -1.1660962842109871e+02 2.9288819166893880e+01
    -3.9372297171000035e+01 9.3274949192161518e+00
    6.7326437505396601e+00 -1.1040188583434372e+02
    1.2808666797620003e+02 2.1690708592031122e+01 2.7176016295927926e+01
    -8.3053129307342701e+01 3.5001466855632316e+01
    -1.3942143655644628e+01 -5.0852666844255928e+01
    8.4077320154224807e+01 -5.4590287490794317e+01
    1.1066313381865871e+00 -1.3063115478681979e+02
    -7.7683385557436168e+01 1.1844943518149136e+00
    2.0906314136767666e+01 4.3105345397649714e+01
    -6.7879766194937389e+01 2.0122965492037132e+01
    1.4340996773161560e+01 2.5298579520351737e+01
    -1.9312122140493425e+01 3.6040494017250822e+01
    -4.2125478055798865e+01 -6.0554099559489920e+01
    -1.1782262963406458e+02 3.3348122374251069e+01
    6.5695244759383939e+01 -1.3211563553566309e+01
    5.9786727694451244e+01 2.6852948378509812e+01 4.9089974959351800e+01
    -7.6334606405156521e+01 2.4280076809814264e+00
    5.4152936198353395e+01 -6.0310197868807869e+01
    -1.5710766355174053e+02 2.7464883164552703e+01
    2.2828734402443242e+01 -1.8385229146543179e+02
    1.4692538273511809e+02 2.5069711128694532e+01 7.8574566180014855e+01
    6.3891398849132983e+01 -1.9911355762586950e+01
    6.6143557895141640e+01 4.1328879530533790e+01 1.0169360457592509e+01
    -2.9069239282635966e+01 -9.3498343207070590e+01
    5.2035550966129115e+01 3.8016641613314029e+01 5.1488466476066801e+00
    -1.3540427357130969e+02 -7.4519831574051096e+01
    -2.0966794813139938e+02 -8.5838717117333289e+01
    -5.6851528062328640e+00 -1.6072368263210990e+02
    -1.9403682001851308e+01</data></s38_2>
</opencv_storage>
