<?xml version="1.0"?>
<opencv_storage>
<s38_4 type_id="opencv-matrix">
  <rows>200</rows>
  <cols>1</cols>
  <dt>d</dt>
  <data>
    9.7733937200478772e+02 -6.2889444282556860e+02
    -9.4647299246082355e+01 -9.6285834635200536e+02
    2.6452766189709467e+02 1.0278421288763666e+03 2.2643397987845671e+02
    -5.8758593976018722e+02 3.1536367170310547e+02
    -3.5328309824752665e+02 2.1990386381695197e+00
    4.3143769804077255e+02 -2.1752676962575600e+02
    2.3096248288044933e+02 5.9103776524942518e+01
    -3.2854246266192303e+02 2.5434739688774243e+02
    -2.1343399986961796e+02 1.2578692858775665e+02
    6.5145473411551666e+02 2.8971271465245781e+02 8.0623007628740424e+01
    6.5848429337344157e+01 -2.9642956590324616e+01
    2.2037392795626090e+02 2.4048934039017306e+02
    -9.2327614945052019e+01 1.2720816939418660e+02
    1.7081778368205579e+02 -1.5132340417741949e+02
    1.4999856302381102e+02 -1.2438253387510530e+02
    4.2977663859156628e+01 1.5649010190261498e+01 6.4084490092453834e+01
    2.0549062698921747e+02 -7.5904287666469742e+01
    7.5176100002303656e+01 2.1446497112417646e+02
    -3.5835342735605458e+01 3.1177776614480802e+01
    6.0469231731476334e+01 -2.2807521653715497e+01
    4.1260913879473378e+01 3.1459375843028901e+01 3.8120521706095708e+01
    -1.4590690840851650e+02 -2.1232542446425674e+02
    -1.2408846837035772e+02 -3.3445716078551473e+00
    -1.5181697410580998e+01 1.7565392958006453e+02
    -1.2187676202545802e+02 -6.2350359994687949e+01
    6.9489818157670740e+01 -9.1268745108519610e+01
    -2.2028800727444167e+02 4.2286972344013265e+01
    -8.2070267613037188e+01 -2.2205980365319198e+02
    1.0506605332729249e+02 8.9855093909082200e+01 3.2720306741241075e+01
    4.4791998545378419e+01 -8.4021631165001949e+01
    -1.5098363437782515e+01 6.9345419451483195e+01
    1.5761879586755899e+02 -1.9855798502930924e+02
    7.3881305623657227e+01 -1.0972110662883382e+02
    -7.5179050923550321e+01 5.3673433742566495e+01
    1.1466351060697548e+02 1.0830803059325399e+02
    -8.3990984446544260e+01 5.1192128009208119e+01
    2.2218951569560298e+02 -6.8657022376547857e+01
    -7.6282268671216755e+01 -1.7964932244546378e+02
    2.5855085253372516e+02 1.1531133094262880e+02
    -3.8169354985292259e+01 -1.5655077637720332e+01
    -5.2186939992667440e+00 9.3483610699542169e+01
    3.1274387274133669e+01 1.2215645392268483e+02
    -1.0316529931350919e+01 -2.1756962884418499e+01
    1.3531920368581119e+01 7.8530437211111163e+01
    -5.3505130563245984e+01 -1.1590206199001498e+01
    -5.3460439721895892e+00 -3.9176677454494012e+01
    -1.2406682276024107e+01 2.1438835251337295e+01
    -6.3574544224316902e+01 8.8126164305653873e+01
    1.2981362065270147e+02 -7.2199532958125971e+01
    6.0767775978859405e+01 7.8835325924951221e+01 9.8931703316027964e+01
    1.5729096334561260e+02 -5.1030902964759342e+01
    5.7710143836502592e+00 7.8292582441675060e+00 1.1441462792123227e+02
    -8.6771709142781063e+01 -8.2342989215569631e+01
    -2.9883737843939254e+01 -5.8476241333801738e+01
    8.1205254617459033e+01 1.4252587733236300e+01 1.0580002592191948e+02
    7.9014951550174459e+01 9.5975635650590778e+00
    -1.2240577795274264e+02 5.8394621222236736e+01
    2.7235597222669796e+01 1.1532452568479124e+02 5.3065827100477001e+01
    1.8120724393740620e+01 -7.1880175208651735e+01
    -1.3974896470761212e+02 1.3148277884689850e+00
    -2.2981991477708991e+01 4.2730359401142557e+01
    5.5596678466309655e+01 3.1086136335038603e+01 1.4506395478297142e+02
    -6.1490907940249869e+01 -5.2986038823695537e+01
    -1.4315664093524575e+02 1.1197112621922282e+02
    -2.9638922147823369e+01 -2.7078284331876517e+01
    -3.5204369912744644e+00 -3.0230936775902574e+01
    1.5295522133092933e+02 5.4482943690358582e+01
    -4.5088601727308610e+00 -7.8610207117644165e+01
    -2.3777381644239689e+01 8.9984140767815092e+01
    -5.4638408868090920e+01 1.2522361908926653e+02
    -2.5028973148370575e+01 5.7838260420038367e+01
    -1.0597693089033527e+02 -3.9112396863243384e+00
    -2.2163174657815642e+01 -9.3796445851466377e+00
    6.2938614145698814e+01 -1.1242571902664861e+02
    -1.1517517074452745e+02 -1.6605100537966575e+01
    -1.6491803344665268e+01 1.4567533286501401e+01
    6.4736848723641103e+01 -1.4579539105820329e+01
    -3.1111070414379533e+01 -1.5064287094363570e+02
    1.1230193964740523e+02 2.9911525696034985e+01
    -1.0640282990327152e+02 4.6917873770607656e+01
    3.7648704772900686e+01 9.2479757544682251e+00
    -7.2733805199114254e+00 4.3043117927059690e+01
    8.5068824003807364e+01 -8.8153366886747165e+01
    -1.1683600070295365e+02 5.0651735757089938e+01
    4.9708997919230072e+01 -1.5478890889294382e+02
    1.6151826443123420e+02 6.1384186599858189e+01 1.3309169777375560e+01
    9.6394344097059445e+01 -8.4133695966354569e+00
    7.8005664786300187e+01 5.7905998326254903e+01 6.7059112142284789e+01
    -4.1948865339110164e+01 -5.8599669877248729e+01
    7.9699499104751823e+01 5.6034343983813407e+01
    -2.3246011650192472e+01 -8.6401087777309343e+01
    5.0405400620191124e+01 -1.5537322597698829e+02
    -6.7230561808977427e+01 -1.8651671052973455e+00
    -1.3749411350453317e+02 1.3107126998969867e+00</data></s38_4>
</opencv_storage>
