<?xml version="1.0"?>
<opencv_storage>
<s38_3 type_id="opencv-matrix">
  <rows>200</rows>
  <cols>1</cols>
  <dt>d</dt>
  <data>
    8.7921810013581046e+02 1.9360472177421649e+01
    -8.0128722829199489e+02 -1.0113243668405088e+03
    2.0139676154564324e+02 6.8727271995185743e+02 4.0105500829280857e+02
    -3.2293547830339770e+02 4.5641846445326303e+02
    -2.6813697032243238e+02 -6.5753530748003087e+01
    7.8099271484763835e+02 -4.8352826220124649e+02
    3.0292403096880787e+02 2.6232818533442884e+02
    -1.3085902215141041e+02 3.0614630371877723e+02
    -3.7471070945165633e+02 -3.6552720722506251e+01
    6.5522678276207853e+02 2.2516193230827918e+02 7.0991692518683294e+01
    3.1332229824583862e+00 9.4875437193067867e+01
    -8.0305305358453811e+00 1.4024140251480728e+02
    -3.1762234898287227e+02 2.9894598799118331e+01
    1.6616652104369655e+02 7.4022206251209170e+01
    -8.5086847345644046e+00 -2.4059848411648755e+01
    1.0910068954155884e+02 7.4601181705492891e+01 1.1231082931637363e+02
    7.1337844516018308e+01 -1.4282050957409538e+02
    -3.2287491843628526e+00 2.4080306711657576e+02
    -6.5500023377045139e+01 1.1163077856149715e+02
    -7.3503007595024044e+01 -1.6312403741349009e+01
    2.5487723126910858e+01 5.3196473520053644e+01 2.2611524945004729e+02
    -9.2126956182415483e+01 5.4060430974199477e+01
    -2.0931220630996444e+02 7.5370783303605606e+01
    -1.2817058854400602e+02 6.9261362261569317e+01
    -1.5061739788039064e+01 -2.3228080041253602e+02
    8.5926132113690201e+01 6.8248366064611981e+00
    -1.3105682526742251e+02 -6.6807817189389453e+01
    1.7549301770146108e+01 -2.1876945607961704e+02
    1.4900600202344035e+02 6.4290297652211848e+01
    -5.9268794210576958e+00 3.2947011670874318e+01
    -9.6448757261185790e+01 4.6833363226586151e+00
    -7.8539173655144310e+01 -9.6357620252480118e+01
    -8.1520395331087769e+01 4.1632975944149010e+01
    -1.2238257187520786e+02 -1.1457459543750788e+02
    7.6725904109005441e+01 -1.6752185841910769e+01
    7.6987624276104167e+00 -7.9333553702489766e+01
    -2.1285022909161572e+01 3.1769495996144805e+01
    -1.2527254811380774e+02 5.6028325534219043e+01
    -8.3207022735532178e+01 1.2070847318425008e+02
    1.6557998299838818e+01 -5.5106787707918564e+01
    9.4189496511226920e+01 8.1295989628342639e+01 1.5558465617435874e+02
    -4.9606555902765443e+01 1.2287920205983937e+02
    -4.4342614615709671e+01 7.3631731022822834e+01
    -8.7265141772580570e+00 -2.1453348186889789e+00
    -1.9289503400711332e+01 1.1669820696658772e+02
    -2.1369293928432050e+01 -5.9651262775353217e+01
    5.5412138069427705e+01 -1.0771961114435960e+02
    -6.0339552277631341e+01 7.4779474580919810e+01
    -8.2340740554953726e+01 1.3231276603031134e+02
    -4.3705292372615503e+01 -9.6617080815948299e+01
    -8.2771665994266677e+00 -1.6247849554587841e+01
    -5.5207800304661269e+01 6.6382880303783949e+01
    3.0356270765117070e+01 -1.4839171928276857e+01
    -4.8301920154574596e+01 -6.6906238386435703e+01
    -1.3670548469648415e+02 2.7330593843120770e+01
    -5.3215643602383075e+01 4.5514182597077614e+01
    1.7773921925905043e+01 5.8692689218972568e+01 2.3622609500423962e+01
    5.3317288102134945e+00 8.4888438559277233e+01
    -5.4881606307107234e-01 1.2241061507204996e+02
    -3.2470734244900655e+01 2.9134575033990757e+01
    -2.3371435688683565e+01 -9.4285883416343324e+01
    4.2210260014533432e+01 4.7071645591105224e+01 2.1454696449174119e+01
    1.5121849296346255e+02 2.4478730390156457e+01 3.6334236920814014e+01
    -2.0358972372594415e+01 -8.9050087509564378e+01
    -6.4249253928656145e+01 -4.9240727609001070e+01
    -1.0032890525054958e+02 -5.4601162004037690e+01
    -1.6837146666961593e+02 -1.0177558170174763e+01
    8.1959623169506486e+01 1.8061863868482920e+01 4.9707135430993006e+01
    -3.0676070590737936e+01 -1.5351906301907320e+01
    9.4840190260703807e+01 -6.4583278345356220e+01
    2.8068010628365506e+01 -2.5356006256940841e+01
    5.1067769090418058e-01 -3.6262603442989160e+01
    -3.3275394020294591e+01 1.0413096130429999e+01
    3.9423768160449747e+01 8.0436563349043851e+01
    -8.0050322302144451e+01 -1.1566681191458372e+02
    8.4633618151334176e+00 -6.2437885821464327e+01
    5.7552559400339113e+01 3.3677313705585533e+01
    -4.6322721546422024e+01 -6.2135958499986039e+01
    -9.7728876429843893e+01 6.4458867502198331e+01
    1.0175550202610458e+02 -5.5036089209548138e+01
    -1.4518514293254439e+01 2.0860059024275390e+01
    -1.7966574268281501e+00 2.5442449590953057e+01
    4.8773387195324318e+01 3.0037445029147175e+01
    -1.5335296898967997e+01 -2.2767907827494761e+02
    6.9552630189666601e+01 -7.8546369376607190e+00
    -1.6503909962728761e+02 1.2419212617307883e+02
    6.8797087448251901e+01 3.7262163570301929e+01 3.6037359948614608e+01
    5.2304763074023057e+01 6.0162437094292635e+01 1.1896680151495423e+02
    1.1139288560070801e+02 -5.9141192601187029e+00
    -4.9906017947647172e+01 1.3703558261557736e+01
    6.6272956509577440e+01 -3.4861600880158736e+00
    -9.2793487466927544e+01 4.2087210682611087e+01
    -1.7309358477122785e+02 -7.7144883736059072e+01
    -1.2491597077024782e+01 -1.4093162645710660e+02
    -6.8527572751222783e+00</data></s38_3>
</opencv_storage>
