<?xml version="1.0"?>
<opencv_storage>
<s38_5 type_id="opencv-matrix">
  <rows>200</rows>
  <cols>1</cols>
  <dt>d</dt>
  <data>
    1.1493657382107269e+03 -1.5513195649553450e+02
    -5.3733468503507993e+02 -9.2218270866203670e+02
    7.3074569793847232e+01 5.8454109630349126e+02 5.3995183574169232e+02
    -3.2432210469248213e+02 4.7307607470110048e+02
    -3.0282879837940112e+02 -1.1542867717041936e+02
    7.6239168140321920e+02 -3.3229913288587863e+02
    3.2648635303411197e+02 2.8906613909373959e+02
    -2.9117404822453142e+02 3.7040409345375946e+02
    -2.7725144722670535e+02 -1.2228052185701097e+01
    5.7488738935293088e+02 1.3918573558422224e+02 6.3688199310704100e+01
    1.5236235545164152e+02 1.5189491471580769e+02
    -7.9355229841839119e+01 2.4809239059184808e+01
    -3.2334015185388876e+02 3.0748322942973797e+01
    1.8370757408082275e+02 -2.3185745532767484e+01
    -4.9608519460558760e+01 -8.8343759017559208e+01
    -1.3645880581029054e+01 5.7375267865481540e+01
    6.9725644210726159e+01 -2.2675422451998031e+01
    -7.6274934242368062e+01 -1.8422926436549858e+01
    3.8526402726234420e+02 -1.2099674478695459e+02
    2.2969328712859127e+02 -1.0080007165515468e+01
    -5.1562095402341768e+01 2.8618192522860376e+01
    -5.3211776885900882e+01 2.8110563903649461e+02
    -1.7169198448840973e+01 -8.2510866070202113e+01
    -1.6813485362425271e+02 3.4907846795462461e+01
    -2.4565910001649598e+02 2.3792236698045112e+01
    -7.1495807254679377e+01 -2.1552503268796809e+02
    1.2118699266991132e+02 -3.9482557332396439e+01
    -1.5725380875699989e+02 -5.9353046489093444e+01
    -1.0101779967144654e+02 -1.7563282338899754e+02
    1.2857091008088560e+02 1.8911061905170939e+01 1.3305318718741844e+01
    1.2336431645666022e+02 2.0036406934531456e+01 1.0017526429448193e+01
    -1.6291580965819804e+02 4.9568208102002957e+00
    -5.0301016232587408e+01 6.1070250344173473e+00
    -1.3239716743197556e+02 -1.4401455605773216e+02
    8.0225743555501609e+01 -1.4819146132262080e+01
    9.5146549524712029e+01 -1.4632423597433259e+02
    -8.8529916002141533e+00 -2.0592926813499719e+01
    -9.2847987394366704e+00 7.9146886639866267e+01
    2.2625545423613826e+01 6.9541801776703460e+00 1.3101269921033656e+02
    -3.9476198947698201e+01 -1.4065161731087391e+01
    -7.2301323605996501e+01 1.5397537337210275e+02
    8.8679567765534799e+01 6.8344946418808917e+01
    -8.4113491180357698e+01 3.9153336323645135e+01
    -1.0950721146515109e+02 -4.1542301829954468e+01
    -1.8938470557867383e+01 3.1676894318124315e+01
    -1.6983232748699280e+01 8.4684729902625989e+01
    -1.1814965599992864e+02 -3.3147733609221701e+00
    -6.9792279773010506e+01 3.5583269942568741e+01
    -4.3918489923560031e+01 2.8706289822157842e+01
    3.8250851312436019e+01 -6.2230288374761990e+01
    6.5942589489264350e+01 7.9714559698365846e+01 2.1542301106340780e+01
    1.2455181271297892e+01 -1.4183016245257550e+01
    -1.9103209355529359e+01 -1.1289079611820218e+02
    -7.7480656760388086e+01 -7.7580014588373658e+01
    -1.3797335937537444e+01 -2.0002477768932454e+01
    7.4564812356151819e+01 -3.8325847329559934e+00
    8.3445308102122908e+01 -4.5680321547066338e+00
    -2.1605826238200510e+01 5.6202826863579176e+01
    -6.6366853318582448e+00 1.3117209771295074e+02
    -6.0638029851545397e+01 -3.3136237366097885e+00
    -4.0390301435648368e+01 -8.3010442407663035e+01
    2.2338720076359568e+01 -1.3165139341610220e+02
    -3.8421346540877209e+01 1.7261346269039908e+01
    6.8484656740748292e+01 1.2009762830746884e+02
    -4.2723567514511537e+01 -6.2764064598425307e+01
    -1.0471006515803872e+02 5.3863188015571424e+01
    -7.3416774954160360e+01 3.1384976679633581e+01
    -6.9382245433751635e+01 -6.4870045539770331e+01
    1.4268877834684369e+02 1.8780148877661006e+01 4.1855395517281806e+01
    -1.1359324757001899e+02 -6.9642182367765457e+01
    1.0693738941147304e+01 -6.6747213247401007e+01
    7.5593321333036101e+01 -7.9496371896364835e+01
    5.3584408163642202e+01 -9.3890075332545493e+01
    -8.0905679256903767e+01 -1.5603935630912185e+00
    1.8218309241271001e+01 2.2214865675546953e+01
    -9.3644616300416061e+01 1.7001348196812867e+01
    2.2276046014545305e+01 1.7192081201793723e+01
    -1.7523761462245492e+01 1.0135011602146459e+01
    -5.5522198009983953e+01 -5.6592278482742337e+01
    -1.1792498221296844e+02 8.3518626704314599e+01
    8.6818670429072313e+01 -1.5304481927105490e+01
    5.4670017375186369e+01 5.2681445402769540e+01 3.4225895698980850e+01
    -5.1885762664649654e+01 3.8080226932075668e+01
    5.0515428345194252e+01 -7.1409314264587593e+01
    -1.8741866774063107e+02 1.0248718810259865e+02
    -3.0912637544080113e+00 -1.2826243234603191e+02
    1.9341634468075799e+02 3.2983862365398863e+01 5.5606844414837866e+01
    3.7845640189112764e+01 -4.3167709632595086e+00
    9.5041899707675768e+01 3.4326334561157843e+01 9.3127711766437912e+01
    -4.0045972470646682e+01 -4.5382717935783084e+01
    1.1048603635036251e+02 9.4696286167877716e+01
    -7.8150007397787462e+01 -3.6906966382156043e+01
    1.8155483935378192e+02 -1.0904156326982958e+02
    -5.4277006575260842e+01 -3.1190937438041995e+00
    -1.2796470554652176e+02 2.0554826317467665e+01</data></s38_5>
</opencv_storage>
