<?xml version="1.0"?>
<opencv_storage>
<s38_1 type_id="opencv-matrix">
  <rows>200</rows>
  <cols>1</cols>
  <dt>d</dt>
  <data>
    1.1912721236082962e+03 -1.1492855479311154e+02
    -6.0104607668451058e+02 -1.0053534242453818e+03
    -5.3657092144011742e+01 5.9824399948308940e+02
    2.1032049065424775e+02 -6.6011944163069336e+02
    3.4106838521703378e+02 6.9382840518465471e+01 4.0328763634315408e+01
    5.0626821420555945e+02 -3.8240361655411897e+02
    3.3801796658130115e+02 6.1270321312054705e+01
    -1.0465734372904255e+02 1.9786139997710362e+02
    -2.8932008408386361e+02 -1.8357420395461193e+02
    7.6137970920807550e+02 3.7301769406520577e+02
    -3.4268199113726141e+01 -1.9806458498025492e+01
    1.0729128101560590e+02 1.0548256106577874e+02 3.5721452523818397e+02
    -2.5952967557354560e+02 9.2400952574578781e+01
    1.4430309190019440e+02 -1.1043152635102300e+02
    -5.4403138217210731e+01 -9.2488043930428304e+01
    2.4984972170818108e+02 7.1558479299439597e+01 1.1460477776380026e+02
    1.1537584312788600e+02 -1.3426066677952102e+02
    1.8103823755386657e+02 1.4041295756797766e+02 7.8918299514891729e+01
    9.7642338240067801e+01 -1.0165376003704171e+02
    -7.9213374162801315e+00 3.2365924491447110e+01
    -1.1876901117072647e+02 1.6194263120672437e+02
    -4.3741477702867435e+01 -6.9606181743909673e+01
    -5.5322629060902230e+01 5.2546581501170294e+01
    -6.6302530480543084e+01 8.2265835962548564e+01
    -1.3983854774022660e+02 -1.7318386613134885e+02
    1.7376436831720518e+01 -9.2302345679901279e+01
    -1.6373559539810907e+02 3.5757684775568741e+01
    -4.7789809708137263e+01 -1.2698292140324027e+02
    1.6680289656158720e+02 -1.3643447914205149e+01
    5.9740689415399920e+01 -6.7598193478078869e+01
    -1.2806311789866839e+02 -2.1272872055618752e+01
    -9.5709294149987144e+01 -2.9084577527959691e+01
    6.9134916540738203e+01 2.8413883646311234e+01
    -7.7842402481086779e+01 -4.7587114851545877e+01
    -8.5009426399946975e+00 -3.3502297935153194e+01
    -3.4520823719932792e-01 -6.5867677545837466e+01
    1.8708744397883823e+01 1.2480380488110830e+01
    -1.4534359065710349e+00 -7.1159992338537052e+01
    -1.2439729945601965e+02 1.7858357458479395e+02
    2.5869329231681743e+01 -1.5111501868869058e+02
    -5.1229562760939423e+01 6.0362885796077691e+01
    9.4318069466986145e+00 3.0181685781865657e+01 1.7262944543792438e+00
    -4.5103233737335927e+01 -3.5531981104579944e+00
    5.5472100018195458e-01 6.7188219034941810e-01
    -4.2446558339047222e+01 1.0978497623685628e+02
    -3.7545262687562207e+01 -6.2550310851792659e+01
    -3.2640627007048238e+01 -4.5943986192247699e+01
    -9.9741653125371727e+01 2.8416313937973154e+01
    -3.0617330177767364e+01 -1.0071986157308797e+02
    8.9705781979034015e+01 -1.6095855451591157e+02
    1.5290568052909723e+01 3.8738682005204048e+01
    -1.5736445187631296e+02 1.0102704905256650e+02
    2.1865512034039238e+01 6.1036271161186768e+01
    -9.5139707454860385e+01 -1.2677330023292693e+02
    -7.8567849703523081e+01 7.6428907116183154e+01
    -1.1490695953903048e+01 -1.8339810901317064e+00
    7.3685525303731893e+01 1.3134805743154476e+02
    -7.9286503273393237e+01 2.0330902896716950e+01
    7.9551695199002140e+01 4.2139602528885609e+00 8.3472811923468115e+01
    1.6893683927763721e+01 1.2190497244459881e+02 9.0973528762948741e-01
    -2.9154214941564451e+01 4.1242592502493807e+01
    7.0109919607974609e+00 -3.6955235789166153e+01
    4.8533337289711902e+01 1.3101202792843907e+02 9.4539505616305064e-01
    3.0535729599301810e+01 -7.2492263639435066e+01
    -1.6406350065846331e+02 1.2503481140199891e+02
    -1.8166688019649165e+01 3.1257729962197569e+01
    -1.3376964202074612e+02 -8.4793425565023668e+01
    4.7132393318724532e+01 1.6469335064445513e+01 3.7469338970722093e+00
    -5.6251474897502639e+01 -3.6488012077673204e+01
    -1.1168584538544710e+02 1.4000217839276441e+01
    5.5362829803758572e+01 -7.0576280676077971e+01
    -1.3094825766841944e+00 1.8565689965027012e+01
    -6.4461030042714214e+01 2.8997851871964741e+01
    -6.0636879161278941e+01 6.1648668908414088e+01
    4.8220284238576774e+00 -5.7621831009449757e+01
    3.7618482399291203e+01 2.1309592640821748e+01 1.7113714454549310e+01
    2.7124056883750175e+01 -3.5850761930325554e+01
    -7.5066388989967678e+01 -1.5275307183222031e+02
    1.3938056463084578e+00 1.2969845880515899e+02
    -6.7606031668410040e+01 7.8113934452855744e+01
    9.9728256644766745e+01 1.3473359341687031e+01
    -6.6891128347270637e+01 -3.6983578129064824e+01
    6.1922097709891744e+01 -6.9335684807214193e+01
    -1.5312817117173964e+02 -8.2786845784240159e-01
    1.1226614932825681e+01 -1.4809254276205925e+02
    1.5350279268598402e+02 3.9534628103848782e+01 5.1641749466974836e+01
    5.9542456119654467e+01 -1.9116788477423263e+01
    4.9481280604110324e+01 -3.4143747123289900e+00
    9.5650523845328394e+01 -6.9775892982813076e+01
    -1.0205066844928912e+02 9.2707393448824348e+01
    5.7552594392654782e+01 -4.5917790596604064e+01
    -6.9793421708158959e+01 5.1643130553972163e+01
    -1.6620316408501066e+02 -7.1251246087024455e+01
    -3.7672437561371197e-01 -1.3121605971375519e+02
    6.2221109348103010e+00</data></s38_1>
</opencv_storage>
