<?xml version="1.0"?>
<opencv_storage>
<s39_2 type_id="opencv-matrix">
  <rows>200</rows>
  <cols>1</cols>
  <dt>d</dt>
  <data>
    1.4134178766873990e+02 -8.8789532283294761e+01
    -6.5276738175560553e+01 4.0725423004796546e+01
    -1.5928683028800441e+02 1.3704432063304685e+03
    4.1020827317238519e+02 -8.0734980496699416e+02
    5.0118391339102288e+02 -2.2108532165097850e+02
    5.2043257358119570e+02 9.7976995474041146e+01 5.3750035152709145e+01
    5.7668167458468497e+02 4.1044550121503511e+02
    -6.6265844237329850e+02 2.1551174134358422e+02
    -2.4487139713955133e+02 -5.0342878316403670e+02
    1.9299814856045563e+02 1.4296886674140106e+02 3.7783115337111909e+01
    -7.0011677713703179e+01 -5.1696015337910968e+00
    9.7265000218325497e+00 1.9557257336181458e+01
    -3.3271098634447196e+02 2.2952730198565980e+01
    -8.7409906406901101e+01 -4.9952081288823149e+02
    -9.2511730347406129e+01 -2.0529524358176562e+02
    6.3739422985617701e+01 -3.1918163718004564e+01
    1.0796996666570304e+02 5.3528675639348634e+01
    -2.4596370505218410e+01 6.8247115637421532e+00
    1.7087878287584072e+01 -5.3251040953408811e+01
    -4.1674334796786958e+01 -3.7588046018727752e+01
    -5.1140842323992800e+01 2.7991339776195002e+02
    6.0093887506027265e+01 3.4639657381910263e+02
    -9.3282361529217823e+01 1.7757272292801105e+02
    -1.7416161951921259e+02 8.6999152011095291e+01
    -1.8073611893343276e+01 6.1493911010681428e+00
    -2.6607422073097467e+02 -2.3923006186271625e+01
    1.5828157928271062e+02 1.0029945100022866e+02
    -1.7988844058069327e+02 -2.6359057567551298e+02
    1.1858311898270796e+02 1.3747828670347495e+00 1.5303372717416315e+02
    2.0962452705268581e+02 5.0315755384256249e+01
    -7.3403314696368005e-01 -2.8459838331967159e+01
    -1.0478493073467024e+02 -2.1661995817998266e+02
    -1.6873905730649901e+02 -8.5220583648484109e+01
    -8.0548597007792992e+01 -1.1732130879559845e+02
    -1.2306633591541643e+02 9.4740044106286945e+00
    1.0661061288045994e+02 7.9506344938588768e+01
    -3.3120554446571099e+01 5.2412168885612395e+01
    2.0196774944781700e+02 9.3521619324288523e+01 1.6040870889764057e+02
    -2.1234599782844774e+02 2.6447416740579263e+02
    1.5453502366653115e+01 -2.9667657259742299e+01
    3.3450260289761189e+01 9.8465279714765131e+01 9.6716756049498969e+01
    1.0717516811693602e+02 6.4495821806853982e+01 1.2984834497530221e+01
    8.7292147706943453e+01 5.4760108543143371e+00
    -1.7940686469148474e+01 -3.0948470429828845e+01
    -7.0991077966814331e+01 -6.5164896222783653e+01
    7.6531762740020824e+01 -1.0818096709002133e+02
    -1.1746261873627643e+02 -5.2875957667943688e+01
    5.2715371004287476e+01 -1.5906712091926414e+02
    -1.5542037738374013e+01 5.3779463266521397e+01
    -1.2537439496196184e+02 4.6725341788997163e+01
    -4.8059521646635552e+00 4.0166912754751657e+01
    7.1842387091703060e+01 1.6577008497203832e+02 6.1727993274343000e+01
    -1.4648770233533691e+02 -1.2137835367402021e+01
    -1.1042213771319216e+02 -1.0751697197658184e+02
    3.2902317557046423e+01 5.9162955350216841e+01 3.3786776526895920e+01
    2.7195825342412721e+01 6.4729933126003502e+01
    -4.9747312912791472e+01 1.0334365553005892e+01
    4.2295917433190588e+01 1.2998701606565453e+02
    -1.5970847764103876e+01 4.9059569554045162e+01
    6.6796073941136314e+01 -7.8063374741727145e+01
    5.8084968942645418e+01 -1.4648956061631958e+01
    -1.2350295912632934e+00 3.3197074366144115e+01
    1.3815951171657977e+02 8.4198642091717886e+01
    -2.0316660027022628e+01 -3.5387153576412651e+01
    -1.5758962890472625e+02 1.6814400739652068e+01
    -5.7381376491977392e+01 -4.4168775958072729e+01
    -2.1801973630065550e+01 -7.8659984941305993e+01
    1.2165321793273064e+02 4.5064855642566258e+01
    -4.6906622474227817e+01 -6.1024059151230837e+01
    -2.2775182063754727e+01 2.6042464790906457e+01
    -6.6671904393750651e+01 5.4384860618280563e+01
    -5.0968745441662946e+01 3.5310712089155217e+01
    -1.1475729366487103e+02 -7.9317297372228055e+01
    -2.5266789672074136e+01 1.2096171030927417e+01
    4.8861434451203351e+01 -2.4748170610693869e+01
    -2.1972012155594065e+01 -2.4334896551668388e+00
    -3.8502257434235233e+01 2.6803458916472454e+01
    9.9618902410336112e+00 -5.6914018617932726e+01
    -5.7040535574160131e+01 -1.5140197664119736e+02
    5.0219518451062847e+01 9.4988838882825732e+01
    -4.8479328613979916e+01 4.1181459353819825e+01
    3.7116158845410702e+01 2.7020706089932908e+01
    -1.9996073357594735e+01 1.2161114905566217e+01
    5.4906293772635330e+01 -6.6042447879215487e+01
    -1.6832864733228047e+02 3.3242884085724754e+01
    3.4226798967018134e+01 -1.5797990145313327e+02
    1.5681420894908808e+02 3.9585376587765367e+01 7.5166029709016129e+01
    6.0667140668877224e+01 -1.0637280954224666e+01
    7.6438968596978654e+01 5.2046252170580452e+01 7.9054116269795529e+01
    -3.8821773703494358e+01 -6.7570063356658210e+01
    9.7454678204765187e+01 6.3356889652268066e+01
    -2.5810097684597267e+01 -8.4976298968439821e+01
    5.3620953873585009e+01 -1.5251870704128825e+02
    -6.7988096149952128e+01 -3.6571168398781406e+00
    -1.4365515726292330e+02 2.5264974649520417e+00</data></s39_2>
</opencv_storage>
