<?xml version="1.0"?>
<opencv_storage>
<s39_1 type_id="opencv-matrix">
  <rows>200</rows>
  <cols>1</cols>
  <dt>d</dt>
  <data>
    7.9449488825342797e+01 4.6221541122783594e+02
    -2.0213631601905351e+02 -1.1775722142533756e+02
    -3.1030234762340041e+02 1.3133153709056644e+03
    2.7256744953150582e+02 -1.0057197179731485e+03
    6.5786262679914375e+02 -4.7051347489248786e+02
    3.6021397107885537e+02 2.6001566390287741e+02 2.7879100406353409e+01
    3.5400723324698890e+02 3.8765861868776096e+02
    -5.1373442423816346e+02 1.1262785849243365e+02
    -1.3919370492129599e+02 -2.9653896311709553e+02
    4.0888579937270458e+02 2.2056576871967607e+02
    -8.2431525148078833e+01 1.2263558814569974e+02
    5.9953199080467371e+01 -7.7364000683758576e+01
    -8.8583749102972135e+01 -1.9547823650727548e+02
    -1.7779479976610591e+02 1.5210672160112637e+02
    -2.3884861572781642e+02 -1.7491990251072028e+02
    -2.0552886137952927e+02 1.7235219807724357e+02
    1.4725014315360517e+02 8.4163477677597214e+01
    -2.4472932060584949e+02 1.0807421979831297e+01
    1.0992781931690385e+02 9.0659043265592118e+01
    -2.7721011316518720e+01 -2.0627986833812770e+02
    -4.0736901256618459e+01 1.7964923868384773e+02
    7.2486065347369646e+01 -2.8756541151579927e+02
    1.6663429261419697e+02 -5.1771261184213735e+00
    1.3426813321314719e+02 -1.0675834271076936e+02
    7.9899133314443901e+01 -5.8572159341687041e+01
    -1.9579441396697615e+02 -5.8559868508069407e+01
    -4.7279648566554080e+01 2.0173132269308903e+02
    -2.8921022952177231e+02 -1.8236902022241128e+02
    4.2324751519498051e+01 -2.5431015903685569e+01
    -2.2075215348742847e+02 -1.5201895226917057e+02
    -6.7461160342299124e+01 -6.8684600623287949e+01
    3.7649275982894054e+01 1.2109538728311614e+02 5.2592554528132354e+00
    -4.8844577566993401e+01 -2.5353448343845976e+01
    -1.7935766677728466e+02 1.9796161176070552e+02
    -3.1821724222455456e+00 -1.1052395947114955e+02
    -2.8135702861066324e+01 -2.2205830909092055e+02
    1.3316974799815566e+02 -5.2779342323921526e+01
    1.0356025078992286e+02 1.7882340393212817e+02 2.8717315252644084e+01
    5.6292714944000885e+01 -1.0661595090326756e+01
    2.3453179045471921e+02 -2.6299359979834158e+01
    -2.3344005689878415e+02 2.7759917017550482e+01
    -1.2216920595671255e+02 4.6265224850826748e+01
    2.7985225377965248e+00 -7.8219701696358271e+01
    3.2661851232859185e+01 2.5299046675539550e+01
    -3.0529109268399587e+01 -2.5843546629266289e+01
    3.0126302561018338e+01 5.7558569009837690e+01 6.4230225221122438e+01
    -2.1393993104355595e+00 -2.4033496215696125e+01
    1.0868801566448103e+02 -3.4035240710238405e+01
    -1.0350098343710176e+01 2.1632676542918542e+01
    2.8557480663651255e+01 -2.1747679566693424e+01
    3.6772213095050176e+01 5.5455149041818451e+01
    -1.1990970486992392e+01 -1.2656338635583971e+01
    4.6435850639359955e+01 -6.5820365039531453e+01
    5.6815069474627357e+01 -8.3478546233540499e+01
    3.6727202747365077e+01 2.1902073784570675e+01 5.6067450544906329e+01
    -5.4471772185388687e+01 4.7554287480810260e+01
    -1.4202414674821595e+01 1.3514967214109237e+02
    -1.9321375851907217e+00 -7.9195633781558698e+01
    6.9833954363459299e+01 -3.9086503036099574e-01
    1.3126199832853385e+02 -1.0765523876092698e+02
    9.2718939332646841e+01 -5.5504373780709251e+01
    -1.5161092647585474e+02 7.5599645705640299e+01
    -1.7397338678235521e+01 1.0278750759866242e+01
    7.5990503804397449e+01 2.2048557631582852e+01 7.8854443470253969e+01
    4.2571163683475106e+01 -4.3590057439819496e+01
    -1.2334901580832366e+02 4.9569543940118336e+01
    -5.4326834847087873e+01 -6.6465892596245695e+01
    -4.5769223008199987e+01 -6.4722762064216369e+01
    1.1104662234222249e+02 1.0833810699288777e+02 5.9294978427183416e+01
    -3.5930593472934781e+01 -1.2098499226236784e+01
    -2.8034144160864670e+01 -5.7886601102258339e+01
    7.9468994522778800e+01 -1.1251077770484366e+02
    -7.3115647409519751e+00 -3.1075290416998264e+01
    -6.3537350119606621e+01 -2.0309595487141500e+01
    3.4393697412280190e+01 6.0961442616822055e+01
    -9.1333256308365492e+01 -3.8972333700565869e+01
    9.5605853473218154e+00 -1.1303727383517851e+01
    2.9217026432810485e+01 3.1537428965271147e+01
    -3.6142313374746287e+01 -6.0054741397618784e+01
    -1.3624791795155227e+02 5.7202865864774147e+01
    9.1896582653299745e+01 -5.1333959276600389e+01
    1.3205491296797131e+01 4.7485632697649329e+01 2.8503077045485021e+01
    -6.0442026782529254e+01 1.8733456722469121e+01
    4.1707525196691442e+01 -5.5549507307399459e+01
    -1.9483660879538618e+02 5.9106749668868879e+01
    4.0430569752391804e+01 -1.4079175083271906e+02
    1.6868093626345379e+02 3.1165703085656482e+01 5.2580025038440915e+01
    4.2805786326501774e+01 7.1655585645604818e+00 8.7099724064633264e+01
    5.9395537816328833e+01 5.6266836533755843e+01
    -3.4246819538211547e+01 -8.1007498110142748e+01
    5.2613117774936534e+01 5.7324842298345082e+01
    -3.2749059878925600e+01 -7.1646560535968746e+01
    5.2557709341749643e+01 -1.5933303287295226e+02
    -7.4003216458971494e+01 -5.5757095759214428e+00
    -1.3597470597755330e+02 -5.8216688127955951e-01</data></s39_1>
</opencv_storage>
