<?xml version="1.0"?>
<opencv_storage>
<s39_4 type_id="opencv-matrix">
  <rows>200</rows>
  <cols>1</cols>
  <dt>d</dt>
  <data>
    1.1653558544718089e+02 6.2529753509789873e+02
    -4.0359101344213968e+02 -5.2666271786860591e+02
    -5.2929204704827941e+02 7.4037281637405647e+02
    4.3781899718439277e+01 -1.0178767940185261e+03
    5.3665110578922577e+02 -6.0433486558155039e+02
    -1.2922686266316140e+02 -5.9236368533754003e+01
    -2.6485000934403990e+02 1.2391301265120573e+02
    6.7705878494221395e+02 -4.0812735509228497e+02
    -5.8332719130466131e+01 6.4289726428963121e+01
    1.0757412254794110e+02 7.1370183876247472e+02 4.9354743440259375e+02
    8.3174666378841025e+00 1.0693333986345955e+02 4.4004485377797408e+01
    1.4078991258561689e+02 -5.1188944175803513e+01
    -8.0417125359151044e+01 4.5578204751718587e+01
    2.9796388478597612e+02 1.4332559040796681e+02
    -2.5957790312364551e+02 2.5375216524343699e+02
    -2.0031370134488222e+02 -7.5718229199008007e+01
    1.9222724562705667e+02 -1.8354465798966260e+02
    -3.5354231400779554e+01 -2.5033095341369695e+00
    1.5935305594111526e+02 5.5799924415796390e+01 6.8131939353720014e+01
    -3.5492835021098294e+01 -4.8138013295172911e+01
    2.7594413252584346e+01 9.5863310702000568e+00 3.0383684368915607e+02
    1.2881023977357268e+02 -1.1064672504208437e+01
    -1.7284143452621606e+02 7.7989155454057595e+01
    3.0837621953476017e+01 -1.6333767406348065e+02
    -2.7028756338897341e+02 -3.0635918169002525e+02
    1.1237774421381188e+02 1.5293512392454968e+01
    -1.2945869150494346e+02 7.4195660784611022e+01
    -1.2801673147451240e+02 -2.0831224115371174e+02
    9.0594971536445698e+01 -5.5649040348216786e+01
    -8.3311246409979972e+01 1.5780488040378862e+02
    -8.2469717472872617e+01 -3.7063477651616971e+01
    -2.5961880443229944e+01 -1.1958086172675795e+02
    -1.6342911004244073e+02 1.4068429747446589e+02
    -1.6402400562859899e+01 -6.3648633268114772e+01
    7.6972760196018172e+01 8.8247847894760469e+01 1.9405083547942485e+02
    -1.4127210036984246e+02 1.4502254175234448e+01
    1.0257692041171262e+02 8.8432415921019015e+01 2.7001648270070778e+01
    -9.4496053707956200e+00 1.7563880040292233e+02
    4.1626458524698670e+01 -8.7363877600551689e+01
    -8.2928732576044865e+01 1.4068906209306286e+02
    5.9279856900566038e+01 1.4675185852606738e+00 2.2154536690864205e+01
    7.7986525789427121e+00 1.1211595541954443e+02
    -2.2074931401968234e-01 2.9510117711076500e+01
    3.1406490326620052e+01 -4.0358528881401696e+01
    1.6744352449728801e+01 6.6223502348035851e+01 7.2039050165840663e+01
    7.2137404186573320e+01 -1.9201072974798436e+01
    8.9216345733327543e+01 -6.3291529339585963e+01
    5.2302579131375538e+01 7.9576026025577264e+01
    -1.2212683293625113e+02 1.2451637761453941e+02
    7.9181916382810172e+01 -1.1417564306672186e+02
    1.2209872809295418e+02 6.6793274297870212e+01 7.5936462620447131e+01
    -1.3621441829065702e+02 -1.6223310729240237e+02
    -9.3541021374946268e+01 -7.5732332674257776e+01
    -2.1214929341772724e+01 1.3624244044522044e+02
    -9.2201993001695058e+01 1.0550778697726986e+02
    -2.7089835690026892e+01 1.9833608942669780e+01
    5.3052980882455770e+01 7.8324696791701413e+01 1.7487230184998231e+02
    -2.3370488196880533e+01 2.1144580052761828e+01
    -1.4424082768409963e+02 -3.1882984403510196e+01
    2.6568354850783727e+01 -8.5080550842262383e+01
    3.6381959154491568e+01 9.7676602099775522e+01 1.2456355248103993e+02
    1.0756096428469695e+02 -3.3972668137833246e+01
    -1.1874896354693097e+02 3.4603710927950733e+00
    2.0326633211007660e+01 -6.2976175464347875e+01
    -1.4257370609213247e+01 1.5306848020199281e+01
    -7.6604185643898631e+01 1.2160572205803318e+02
    2.0813163132526174e+01 -3.4092852692961388e+00
    -2.7683402927167592e+01 3.5135197121789901e+01
    4.8177582074961521e+01 -3.6875749248726237e+01
    1.3462777501115849e+02 1.3756050244668604e+01 1.8974704052393705e+01
    -1.0996498462861804e+02 -3.5372963363555328e+01
    1.3845060600037479e+01 -3.4943496319397532e+01
    1.0700905767208754e+02 -1.9630472192749330e+01
    -7.7799823196577393e+01 5.2359596712999242e+01
    -2.7823810292387286e+01 3.7488727046343605e+01
    5.0478009244574871e+01 -3.3038243354306815e+01
    5.1045959369013438e+00 -1.6923369509586956e+02
    6.5903877409649976e+00 1.2215242457589035e+02
    -3.8388873442241263e+01 6.6617156165405987e+01
    6.7419828810141496e+01 4.2351264164267533e+01
    -3.2706177211163052e+01 2.6845028286237330e+01
    1.9107156577581001e+01 -4.5933723741277802e+01
    -1.8223774633300650e+02 3.9933622186733658e+01
    2.8191731417090622e+01 -1.3811926405002663e+02
    1.3641921290315153e+02 5.5669984945443503e+01 6.5605290186979943e+01
    6.7494034520248547e+01 3.5418735189666268e+00 6.0384806884423305e+01
    3.4594640854474846e+01 9.3776735530916454e+01
    -5.6995851524012970e+01 -8.3143283729533039e+01
    8.3996699169176182e+01 7.5172659913365123e+01
    -3.7639176951602835e+01 -7.3675692441457002e+01
    5.1979519213488977e+01 -1.4574024479773993e+02
    -6.6528210202914536e+01 -5.5207467621251594e+00
    -1.3754667675743471e+02 1.9920130201059632e+00</data></s39_4>
</opencv_storage>
