<?xml version="1.0"?>
<opencv_storage>
<s39_5 type_id="opencv-matrix">
  <rows>200</rows>
  <cols>1</cols>
  <dt>d</dt>
  <data>
    6.1825252906957348e+02 5.8140324926803930e+02
    -3.6126540438083447e+02 -6.8115375517807433e+02
    -1.4738108444711921e+02 9.5369970868526354e+02
    -3.7689688998115777e+01 -4.9729048493708035e+02
    3.8675827265565545e+02 -7.5026392472534235e+02
    -6.3186328617146650e+01 4.9033459592904507e+02
    1.3380691406469228e+02 -1.7961334302084580e+02
    4.8254106149589643e+02 -4.1856735437310124e+02
    3.9951209728627947e+02 -3.9537927406552745e+02
    -4.4560091318978749e+02 5.0263250429738616e+02
    -5.7845290496405468e+00 1.6760486012951722e+02
    1.6026112476261889e+02 2.7781198752772974e+02
    -2.6501492871890171e+01 2.4257677688423723e+02
    4.8089185013523483e+01 6.8534307734318332e+01 1.5224278539453888e+02
    1.7510607467290356e+02 -4.5812399372586199e+01
    -9.8493956693230146e+01 -5.4679089523890724e+01
    -7.2928390262105722e+01 2.8305863929647302e+02
    -4.5510200550882769e+02 7.1935293496928935e+01
    -2.1626706857648099e+02 5.3930486204504092e+01
    9.3798218848866526e+01 3.2564463543047509e+01 1.2446215942057187e+02
    7.0330210306883657e+01 -7.8728328065890878e+01
    -1.3138054415222413e+02 4.3877991902072608e+02
    8.3000514177888761e+01 5.3608673115383716e+01 8.0969793073001995e+01
    -1.6531108477586596e+02 -1.1054421330832996e+02
    2.1686151765493227e+02 -6.6733350618864563e+01
    1.5477825408013715e+02 1.7393292932592061e+02 8.9235942754907413e+01
    -1.3007240058944251e+02 -3.0895533628901558e+02
    -2.3642103947096047e+01 -1.3299376281834850e+02
    2.6443514558792248e+02 2.1388713302039182e+01
    -1.1938095332609291e+02 -7.0521278149671673e+01
    -7.7426519828154170e+01 -8.5172486362392519e+01
    5.5640208008558041e+01 1.3483753940384477e+02
    -1.5374765370860794e+02 1.0381927837167585e+02
    4.6942946105052329e+01 -2.1419987502496770e+02
    8.5648122556989350e+01 1.4750025563144430e+02 2.0609895098441496e+02
    -9.7005616280772870e+01 1.0930484403894494e+02
    -3.1261141866571641e+01 -6.1478522054578079e+01
    5.7084156197245463e+01 -5.5807940474497059e+01
    1.0542778001918613e+02 -1.5288049268171095e+01
    -1.0959968315695805e+02 -1.2804488160130114e+02
    1.5395623977353690e+01 2.4592328918236454e+01 1.0772927667730052e+02
    -2.2454402007734270e+01 -2.5938019518185746e+00
    -5.6854099212504465e+01 -2.8115453734250629e+01
    -4.5997672357800887e+01 4.3082309569628180e+01
    8.1349794540365352e+01 -3.2311853812620015e+01
    4.4885185814629040e+01 4.0151427757693526e+01
    -9.9556421980498243e+01 -1.1311644758439202e+02
    9.3608441108936063e+01 6.3574108244372837e+01 3.7090982805863511e+01
    1.0850936334343656e+02 -1.8076088207536210e+02
    7.1438466689964542e+01 1.0459951829550050e+02
    -3.6982165408451863e+01 -3.2054049553161903e+01
    2.7710085862049985e+00 8.0590113533725429e+01
    -9.7542063075613669e+01 -6.2168649788264148e+00
    -9.7704879261651882e+01 -5.4428435673232009e+01
    -2.0779918390833132e+01 2.2340557977092672e+01
    1.1631913854628223e+01 4.2529905063234111e+01
    -1.8512237217694906e+01 -6.9643091595082240e+01
    1.1464160329027446e+02 9.4311025444866559e+01 1.0689342179939571e+02
    -2.7425119142821170e+01 -4.3941401683966845e+01
    -6.8280017405691936e+01 -4.4475243457742245e+01
    1.4626022423684026e+02 -4.0007501381784278e+00
    3.7040295382743601e+01 3.6149514054585907e+01 4.5635177522235992e+01
    -7.9929709711942287e-01 -4.1582312337572773e+00
    -5.0567919682814747e+01 -1.4729323493675980e+02
    1.5782604498389585e+01 8.1957536807450815e-01 3.5692390632135883e+01
    -5.6551868578459825e+01 -5.6565978663423330e+01
    1.0589229934574497e+02 4.9438093045827607e+01 4.2263385808978207e+01
    -6.0592326063678080e+01 -2.7196154023047995e+01
    2.6470333594698513e+01 -6.5355456217053472e+01
    3.6180346418298740e+01 -6.8515996645474203e+01
    9.9620315230551704e+00 -6.4188406734282722e+01
    -4.3841360024893106e+01 -8.7171860449973071e+00
    2.9434756771293056e+01 3.0489454995607264e+01
    -8.2060487688862565e+01 -5.3013287444229078e+01
    -1.3384060777574541e+01 2.3364022236021398e+01
    5.8838269178170556e+01 6.8176362693405096e+01
    -4.8759749143768389e+01 -5.2335438913622291e+01
    -1.4261779549167554e+02 6.3802742150649969e+00
    1.0070550866717889e+02 -1.4917721318697136e+01
    3.9383085927675502e+01 6.5782263180847934e+01 1.5634009946906499e+01
    -4.1928486037349451e+01 4.1564468482341837e+01
    5.0949912805940620e+01 -7.3557935962202464e+01
    -1.3506352637658495e+02 5.4474076195943724e+01
    -7.3791820004647786e+00 -1.3489551921366152e+02
    1.4702424758878900e+02 3.2936088938802769e+01 2.8818365314117671e+01
    3.7131707750165248e+01 2.5186944584020265e+00 8.7346860233307481e+01
    5.0343319077217267e+01 8.4243048456986244e+01
    -4.1591295173017237e+01 -8.0335826644084221e+01
    5.9439779805051266e+01 5.5137559108045622e+01
    -4.1168781780760348e+01 -8.1773497386452902e+01
    4.6160731973530588e+01 -1.5518771758646048e+02
    -7.1064996521956346e+01 -2.7905623538775597e+00
    -1.4234578428722909e+02 -1.4487918409250278e+00</data></s39_5>
</opencv_storage>
