<?xml version="1.0"?>
<opencv_storage>
<s39_3 type_id="opencv-matrix">
  <rows>200</rows>
  <cols>1</cols>
  <dt>d</dt>
  <data>
    3.5025628369663144e+02 6.5235512476971940e+02
    -4.6891355430242527e+02 -3.8732689707084216e+02
    -4.7166647412154066e+02 5.8783634663720125e+02
    7.7897981521641015e+01 -9.7967490419823582e+02
    4.9538985694701307e+02 -6.1357901577875532e+02
    -7.7190025059708930e+01 -1.9765795078500977e+02
    -2.5493174828338255e+02 7.3006834652130237e+01
    6.7397555220456297e+02 -4.5231095591889584e+02
    1.0117088804713980e+01 1.9025210141628767e+02
    -1.1862937817619967e+02 6.4452789839207367e+02
    4.7544951943504270e+02 -1.2760010332953685e+02
    8.3267387020318679e+01 2.9230242298072261e+02 2.8657100597253606e+02
    1.0742776961543596e+02 -1.6105411109361023e+02
    2.8532728593875851e+02 4.9457204916776817e+02
    -8.9597264942382573e+00 -2.8035121109050522e+02
    3.0032160227317490e+02 -2.3623835857217665e+02
    1.0103804774155751e+02 3.0722396467204197e+02
    -1.5563370524451889e+02 -8.6829648610220417e+01
    -4.1616548794710184e+01 2.0945988518263621e+02
    6.9228273452519005e+01 1.1326929675925800e+02 2.4011584617660365e+01
    -1.3931491186535871e+02 1.2799131945998393e+02
    -5.8105576835869712e+01 2.0918700403496092e+02
    1.4401138503488636e+02 -4.5276063926797656e+00
    -1.1385437494860095e+02 9.0757513948503160e+01
    1.4378080144981135e+02 -1.4405302535007721e+02
    -1.1170098399750620e+02 -3.0236874438836008e+02
    3.7533361496267801e+01 2.0166501218427362e+02
    -7.8629083758697959e+01 1.4392656349951895e+02
    -7.1420283293797446e+00 -1.1197131337140659e+02
    1.8822804962819828e+02 5.4408800813773702e+01 2.7072303137917864e+01
    1.3176435704704559e+02 -5.6648117696975419e+01
    -6.3964182354326709e+01 -1.2717800764757553e+02
    -1.3496058484790652e+02 -7.3902369514434980e+01
    5.7989317913299743e+01 2.1953082452798405e+01 3.7491621431880695e+01
    8.2111957059927860e+00 -1.1129543479765901e+02
    1.5752787564960940e+02 -1.2978049087633184e+02
    -4.8396379614292414e+01 9.3783196621888791e+01
    4.0631612015187272e+01 -3.2927597404686857e+01
    -1.2606348984982878e+02 1.7188535125688381e+02
    1.0169296548706891e+01 1.0267080173359462e+02 7.2387458140286398e+01
    7.1172163552207683e+00 5.1075503449799484e+00 2.4794179854194439e+01
    1.2138176178165629e+02 -8.5709559194246680e+01
    3.2335440350599441e+01 -2.8156920459922819e+01
    -4.9288131539074051e+01 7.6165161140916524e+01
    -6.3633598253196366e+00 1.7036753592293046e+01
    7.5511145476586137e+01 5.6032765857264600e+01
    -7.8134050196947072e+01 -1.4034862713071584e+02
    6.0226977820061840e+01 1.1454250553533117e+02
    -6.5971732095908465e+01 3.6922929912071353e+01
    -4.9157681420896090e+01 6.4418912911300310e+01
    9.7544608866257448e+01 1.3266545326228317e+02 6.5161496431458687e+01
    -2.7215177670144108e+01 -8.6440966934349142e+00
    -7.1456846772664136e+01 -4.6548290895484456e+01
    -1.6301611701927547e+02 -1.7098950780556912e+00
    1.7557236258443098e+01 -4.0556912122909083e+01
    1.0773691339976533e+02 -1.5273790856703084e+01
    -3.2885976180909715e+01 -4.3770855722014829e+01
    7.1776072578156274e+01 -6.4244425522184358e+01
    7.5855686811933850e+01 2.0824918222695942e+01 4.4893642883056842e+01
    7.0835812583282589e+01 -9.2342299024705198e+01
    1.2016933384552158e+02 -4.1061954197367605e+01
    -4.9433920633427508e-01 4.7020231191708568e+01
    -1.2968700540647866e+01 8.8626374814292447e+01
    -7.4690605418937013e+00 -1.8007902409567379e+01
    -1.8543202186427825e+02 3.0825908258079807e+01
    -5.6220757393405187e+01 -4.3269948773938246e+01
    -1.2467310318734621e+02 -8.0235582602686563e+01
    7.3380928713185796e+01 7.1701516843571980e+01 7.6478454304959641e+01
    -1.1341284193878492e+02 -7.5004028399010437e+01
    -2.1262226681736301e+01 -8.3706811189027320e+01
    5.6705259046469280e+01 -8.4335610583907226e+01
    2.0093741624173234e+01 -5.2407292706560519e+01
    -5.5156665756888358e+01 -1.0555632672152710e+01
    3.0500540238954002e+01 1.2157111139496735e+01
    -6.2969539710045304e+01 -4.6344557392925747e+00
    -8.2553478717339157e+00 4.0479418644975240e-01
    2.0808642526100257e+01 3.9518589746701743e+01
    -1.4804573057034540e+01 -6.9518160109412563e+01
    -1.0368801449039006e+02 3.3870147710351347e+01
    8.4214303559480825e+01 -2.9463712009216117e+01
    2.8631260147288970e+01 2.0935485823570385e+01 4.2371193761952810e+00
    -5.5869882325127797e+01 4.4467653240512369e+01
    6.7214861483679641e+01 -9.2676733755100940e+01
    -1.5383820626900251e+02 7.6533143283317031e+01
    2.3474876290039703e+01 -1.4677386335051773e+02
    1.5676985289603135e+02 5.1808713265464704e+01 4.7437718251905480e+01
    6.8168964998132580e+01 9.9021817206507223e-01 5.3049620113996006e+01
    4.3547217381535503e+01 6.0901986813544369e+01
    -3.3920837092084284e+01 -6.1597469967013055e+01
    6.4900174351672490e+01 4.5537076557198702e+01
    -2.4479785923375093e+01 -9.7949037470018609e+01
    5.3147413150863862e+01 -1.6329123574772183e+02
    -6.8168213762839557e+01 -7.0485212363580505e+00
    -1.4032852994692783e+02 8.6972422507906444e-01</data></s39_3>
</opencv_storage>
