<?xml version="1.0"?>
<opencv_storage>
<s3_1 type_id="opencv-matrix">
  <rows>200</rows>
  <cols>1</cols>
  <dt>d</dt>
  <data>
    2.8440842029794607e+02 -9.2737373210826865e+02
    -2.4288081752160332e+02 -9.9476202086952048e+02
    6.1257647000539214e+02 7.0013048708835572e+02 5.3228880901878063e+02
    -3.0101317787596969e+02 -2.6218327907323381e+01
    -3.2564968929921832e+02 6.5451512566202688e+00
    7.2488538500602874e+02 -3.1949904637112712e+02
    1.5468258112903646e+02 2.8349605218774070e+02
    -4.1502979082264568e+02 2.2811774209531848e+00
    4.5716717267757690e+02 -2.7946662283134538e+02
    4.4879500748923101e+02 3.3169081125432513e+02 1.8629232105790300e+02
    3.0619460601140139e+02 1.4979869925952298e+02 3.1719737992592400e+02
    -1.2865506665278022e+02 -4.6829097633240082e+02
    -3.5028842827302348e+01 9.9514867571173625e+01
    1.7028015814454801e+02 -1.4784950776706019e+01
    -5.1590703157548596e+01 1.6408800088221469e+02
    -6.5028334123748417e+00 8.7699880158143877e+00
    5.2027655962368812e+01 1.2832395823193266e+02
    -7.8293195069187993e+00 1.5558322521053944e+02
    9.1999076229072415e+01 6.8297865511499026e+01 8.0411970711062253e+01
    1.3052281211856450e+02 1.9109082257589628e+02
    -1.0715440173184058e+02 2.9802482617170750e+01
    1.1874635831606594e+02 -3.1074136953925194e+01
    -2.7870462383807381e+02 -1.3980111120438758e+02
    -6.5077517081227725e+01 -1.8304051587715104e+01
    -1.8884107221765382e+02 -9.9646485103534914e+01
    2.6989122848707318e+01 -2.3492855047540335e+01
    -9.8776804033844982e+01 -1.6263889374345894e+02
    -1.1488954769711273e+02 -9.6859404016025550e+01
    1.2205409622576289e+02 -6.1434755464800887e+01
    -2.5502142587560510e+01 -7.7936533386020230e+01
    1.7100078692728289e+01 -1.0279291583905142e+02
    -1.9513315172928834e+01 -1.4153513170056007e+02
    3.6607876219058475e+01 1.1633272106349509e+02
    -8.9960350477791351e+01 -4.9092304287679923e+01
    4.8698892316923931e+01 6.3935821159792631e+01 1.7419172722823805e+02
    -2.9038564764273374e+01 1.3682086638107870e+02
    2.8977271732419490e+02 -7.1822856833339898e+01
    -6.9685182236378651e+01 -1.0301345877534744e+02
    7.9478210348252432e+01 1.3446749000888997e+02
    -1.4653017969295792e+02 -1.1282703323151374e+02
    1.3071845223038918e+02 4.5839082652286251e+01
    -2.3549717687947936e+01 5.1760990025268235e+01
    -2.7546969717046967e+01 1.1964570714704021e+02
    -1.4482520169199520e+02 -6.6644788196812044e+01
    9.0950571935565833e+01 -7.7692177570706676e+01
    2.3337210569146536e+00 -2.1036813959284268e+00
    -4.9716030629947390e+01 -5.2906208070000993e+01
    2.6608414969009933e+00 1.4031031229389558e+02
    -2.1771028357889108e+01 -6.0623112411462969e+00
    -2.4949895099660151e+00 3.8066773408155456e+01
    5.1578156736746990e+01 9.0403252660051749e+01 5.0885410818855668e+01
    9.4283466145911305e+01 -9.7159938351701314e+00
    6.7132865980594758e+01 1.1892379856484585e+01
    -9.4680217687981369e+01 -6.9504027306027396e+01
    -7.6216294592621054e+01 -3.8947410446717363e+01
    -7.0613117167706108e+01 -6.0052828859096067e+01
    9.7004085362826473e+01 2.5517740203998343e+01
    -1.2829267722686510e+02 4.2065950800823927e+01
    5.1716785953536892e+01 1.8523856994043092e+02
    -3.1000825002874961e+01 -3.7622815058322097e+01
    -6.6622785676348173e+01 -1.2517245615839073e+02
    -2.4519192356784760e+01 -5.3052519530441700e+01
    1.2783277715343134e+01 9.4989165190858742e+01 2.9058117318190231e+01
    1.3535215194695686e+01 -3.0795835063243935e+01
    1.3791515340928578e+01 -1.1983133066974744e+02
    -5.6677353531263606e+01 1.0209288367562708e+01
    4.9919722865959777e+00 -1.4383742698249600e+02
    -8.2314970891627894e+01 5.2554570473370717e+01
    -2.0834263492568098e+01 6.8545006481899861e+01
    -8.9564973957783678e+01 -8.3403663408518241e+01
    -3.4002031399138360e+01 -6.0359041286235140e+01
    3.8338446045983808e+01 -1.2525816719676957e+01
    3.4158736729020731e+01 -1.0490144766272317e+02
    -7.6417173669391175e+01 -2.7293134170650390e+01
    1.0754619844748900e+01 -4.1744227070922211e+00
    -2.7855826073993935e+01 -6.7147492535415637e+01
    3.8522139611361375e+01 -6.0188518340540753e-01
    5.8787313752020687e+01 -1.1712132623634554e+01
    -3.3343477459562038e+01 -6.8258533103981733e+01
    -1.5306622664460994e+02 -2.4733545920439560e+01
    1.1438386926211655e+02 -5.1595355171761831e+01
    4.3257080866174604e+01 2.1525576701540309e+01 2.6091805503475079e+01
    -6.4385515407148773e+01 2.8308770359892090e+01
    3.4204124761772462e+01 -6.2216659447716744e+01
    -1.7800148919313182e+02 3.4961836968204977e+01
    1.0916516263257209e+01 -1.7657186431000841e+02
    1.6553417150197683e+02 4.4900812705764054e+01 5.7123418883272244e+01
    5.7681724389866837e+01 -2.4917973487600548e+01
    8.8711789043719449e+01 5.0841333934363320e+01 4.8976434037518565e+01
    -3.9499335332193112e+01 -8.5057428714761897e+01
    7.9347614922962805e+01 5.8452404329446004e+01
    -3.9795813854795682e+01 -7.9388221863531612e+01
    5.7239203524837464e+01 -1.6329051713661389e+02
    -7.2956104305599098e+01 -2.2377220350146865e+00
    -1.4188120030887666e+02 -5.7226953151370248e+00</data></s3_1>
</opencv_storage>
