<?xml version="1.0"?>
<opencv_storage>
<s3_2 type_id="opencv-matrix">
  <rows>200</rows>
  <cols>1</cols>
  <dt>d</dt>
  <data>
    4.3567880681001247e+02 -1.1069218597007857e+03
    -4.0079780412762076e+01 -6.0278969236064040e+02
    6.3682988791784567e+02 6.0206976926947937e+02 5.5233018101969435e+02
    -6.2916045506977889e+02 -3.3344478543604339e+02
    -1.6031137673435293e+02 1.5942220613396515e+02
    3.3702212381705641e+02 -5.9534459418679182e+02
    1.5862621156306861e+02 5.0459780580845489e+02
    -3.4515327757163209e+02 1.9179884111419761e+02
    3.7976806137935665e+02 -1.9133464336082633e+02
    5.0556370360705955e+02 2.8954162089105989e+02
    -1.6680155143256863e+02 2.7520470832304756e+02
    2.8014457844001072e+02 2.9411097926583147e+02
    -1.3224025244976761e+02 -3.0614429427153965e+02
    -6.3071137907890829e+01 1.7431089524549346e+01
    1.3491280319829070e+02 1.7199695022256336e+02
    -3.0592087800042094e+02 2.4008754163456410e+02
    -2.3959911101082163e+01 7.4104999983474059e+01
    3.3651757617987251e+01 5.2364657563754893e+00 2.2754511795220676e+01
    1.1863829026987692e+02 1.0527633522914017e+02
    -1.0161251592805452e+02 3.9912976672524067e+01
    6.4622394944089010e+01 1.4803234676777933e+02
    -9.4768624337141304e+01 1.5455636690706908e+02
    -1.2849410946078017e+01 1.0226053673758210e+02
    -2.7433103357826976e+01 -3.2937164744442143e+01
    5.6104085587602633e+01 3.4903404662665096e+01
    -1.8116772627488939e+02 -2.1906242025624547e+02
    1.5804343356479254e+02 -2.5864301896074380e+02
    4.2083867672935142e+01 -1.0663505345672530e+02
    8.9037015118041339e+01 -1.6704089625225615e+02
    4.2491155556611204e+01 4.5611839001232838e+01
    -1.3752601263466806e+02 7.7265226123216578e+01
    -3.6726409581076155e+01 -2.5094336124692411e+01
    -1.1438158676610321e+02 2.9110500074691139e+01
    -1.0892178250850371e+02 6.1276628114721909e+01
    -1.3923578604437139e+02 -4.0468782140451211e+01
    -7.0474678513495419e+01 -3.8423832784898984e+01
    6.5301437972319277e+01 -1.3710239139552661e+02
    3.1773652239118825e+01 -9.1408812741389681e+01
    -1.9092121859272569e+02 -1.1043273003057982e+02
    -7.6110898084798833e+01 1.7624918252883313e+02
    5.3379685630949169e+01 -3.7117391935050197e+00
    -1.3409138469163778e+01 3.2729200043796965e+01
    1.5798237526725444e+02 5.1151778278983592e+01 1.1537411487976055e+02
    2.1182014147310664e+01 -7.5255269139291471e+01
    -6.2329259152787948e+01 4.4430335516374207e+01
    1.4196006989769495e+02 2.0183611604604039e+01 7.5663184924422382e+01
    -4.5640935028322914e+01 3.9224596726995678e+01
    -7.3588351950580986e+01 -1.1344220611825814e+02
    1.1827031378779845e+01 -9.5512363014432804e+00
    3.4825469804974958e+01 2.4191152176170576e+01
    -1.8712674068269968e+02 1.0278018141932453e+02
    -4.2097785639391411e+01 8.1151681824531863e+01
    -4.4731165409964817e+01 7.7197108291264087e+01
    5.5104774296120176e+01 -5.9810253297043516e+01
    -1.1629813885702431e+02 -3.7921190434371425e+01
    -8.2147272353684230e+01 2.5609620549480606e+01
    5.6921362515418487e+01 2.5818335082138535e+01 7.1089195010317852e+01
    -4.8174686976706326e+01 4.4867674395037980e+01
    6.9419571047002151e+01 4.9121786959170180e+01 1.7125929076099075e+02
    -3.6344233005437880e+00 6.8375282883268440e+01
    5.5134482876250473e+01 -1.1397729473203900e+02
    1.3461555661436594e+02 -6.5721140343108502e+01
    -2.2219270953735389e+01 3.7446746232514251e+01
    7.7354765368157871e+01 8.9648873200496709e+01
    -3.3570466115396130e+01 -7.8169990787785807e+01
    -9.7329452140244825e+01 6.5401706414401675e+00
    -5.5092709068176447e+01 -7.3721580192930489e+01
    -1.1190820728987998e+01 -1.3807590165896883e+02
    1.4009741686051959e+02 1.0798530819942202e+02 9.9737226080457813e+00
    -7.6121012041884967e+01 4.8544989194380168e+00
    -3.5211200252816646e+01 -4.8106450437604408e+01
    8.3750225291375671e+01 -6.8668181593431100e+01
    -3.2324969785017423e+01 -1.2849538335510752e+02
    -4.2508087589132977e+01 -5.8489299691094253e+01
    -1.2426685510989582e+01 4.6639978927205370e+01
    -5.0236919223968215e+01 -9.5584055005752376e+01
    4.8383517023887272e+01 7.3703719364484499e+01 4.9373068216749388e+01
    6.4536968350653140e+01 -4.7978688221490209e+01
    -6.5571495560162006e+01 -1.3661228669123440e+02
    1.6974896664812970e+01 7.1822816952679588e+01
    -1.5757222490280473e+01 1.1057181168014411e+02
    8.3184409901417325e+01 -2.5939423488796703e-01
    -1.1444574308315113e+01 7.3586371952587299e+01
    1.7071095345714994e+01 -8.7433207335774341e+01
    -1.5256873860636350e+02 9.6207841151001531e+01
    1.7096508427167418e+01 -1.4542963753379695e+02
    1.3121689206355489e+02 5.9823652493952061e+01 7.1407829801774099e+01
    9.5260221635343754e+01 3.0089613756557085e+01 5.2830996921328250e+01
    4.2333550049623518e+01 8.7893828557765289e+01
    -3.7050859780201044e+01 -5.3747465161620703e+01
    6.3417927885870050e+01 8.1060772443604108e+01
    -3.0335351746024820e+01 -7.9578051781358639e+01
    5.8717125674790708e+01 -1.5177393427673266e+02
    -6.2390219853086997e+01 -1.1351005139783183e+01
    -1.3338771972913045e+02 6.8010107265011515e+00</data></s3_2>
</opencv_storage>
