<?xml version="1.0"?>
<opencv_storage>
<s3_3 type_id="opencv-matrix">
  <rows>200</rows>
  <cols>1</cols>
  <dt>d</dt>
  <data>
    2.5646836973083373e+02 -1.2812275066267127e+03
    7.7073997915595669e+01 -7.5635845203132806e+02
    6.1673768201755411e+02 6.9208065659605393e+02 5.0029723867077621e+02
    -4.7306141944981078e+02 -2.3812894402981405e+02
    -1.0635617548755059e+02 1.0044921438054580e+02
    2.7102354399444931e+02 -3.6799410861914964e+02
    2.5635262058786242e+02 2.9714043480978899e+02
    -4.0025712095499080e+02 1.2873549308516331e+02
    3.8862553385799384e+02 -3.0208341014060022e+02
    5.2028698038449625e+02 3.6507403683424974e+02
    -7.0214802483138982e+01 2.5641617325128260e+02
    3.5125432115223276e+02 2.0349253185602373e+02
    -5.6956884227167016e+01 -2.5503936519631887e+02
    -2.3305239961346011e+01 1.4183093078359011e+02
    2.1284728197623045e+02 1.9500748370413731e+02
    -2.5917864390641080e+02 1.8110242684443202e+02
    8.6692984497690091e+01 7.5475069010416519e+01 4.7549119476684844e+01
    1.0460820998953989e+02 -1.7002998268313314e+02
    1.3603383407231780e+01 3.4181985098518538e+01
    -5.2123554321426312e+01 4.7292160993159968e+01
    -4.1634525541057805e+01 1.5865647492479386e+02
    -6.9035883125301311e+01 1.0864713766442692e+02
    -3.3614688372668788e+01 1.1512891331396276e+02
    7.1689414304275104e+01 -1.0762431273372781e+02
    4.6827959405059630e+01 -1.0215169490522928e+02
    -2.5671783644197939e+02 -1.1980798930857509e+02
    4.4418117155478576e+01 -1.6386981721360448e+02
    -2.8822790526421148e+01 -5.3729817091530599e+01
    6.0114904464368195e+01 -1.8357735636172990e+02
    1.5580647846790251e+02 -2.5827372986038007e+01
    -1.4839816624224360e+02 1.1334626091587795e+02
    9.7997919864049010e+01 -1.0123121813848365e+02
    -1.1456504719674672e+02 -3.9983505883389711e+01
    -2.1576852657564493e+02 1.6217261600059084e+02
    -4.9573777662796417e+01 -6.2009519322194869e+01
    -7.0900663563504560e+00 -2.3909477344181862e+01
    1.4124657671755435e+02 -1.2246208547354077e+02
    6.0561201463566903e+01 -5.3907109247022014e+01
    -4.6768380187081364e+00 -6.8177239178830661e+01
    -1.8853226618666989e+02 1.2929044578252967e+02
    1.2056950863905395e+02 -7.3721793905366965e+01
    1.3519342803194516e+02 5.1342430133547801e+01 1.5581619603677973e+02
    9.1562636356743113e+01 1.2818620223844101e+02
    -6.4149052251377682e+01 2.4936513735129694e+01
    1.5398576799134583e+01 -1.6456364481617476e+02
    -6.9582136195001340e+01 9.3138571878293348e+01
    2.2468292115969678e+01 1.7810156070948210e+02 9.9511821729376535e+01
    8.0037930593560578e+00 -2.3555786408500079e+01
    4.6579540917480770e+01 -2.7404768793603822e+01
    -2.2636677036774227e+01 3.2214460434921399e+01
    -1.2769376313194454e+02 3.5386008344449770e+01
    1.2123434162568216e+02 -4.1920068831379616e+01
    -1.3862282583684808e+01 6.3264070598264510e+01
    -4.5484320539199878e+01 -1.9996030644073409e+02
    -9.5160589323668447e+01 -1.2430358755234026e+02
    -3.8917521811046987e+00 4.4633891056703398e+01
    3.1840433961535069e+01 4.7471404425841071e+00 6.5017838996739684e+01
    -1.2415278810650343e-01 -2.1383084609827133e+01
    1.0064278279254586e+02 -4.7117259181948882e+01
    1.1528808253126908e+02 -3.7631213127815649e+01
    3.0646097134498742e+01 -1.2457027351861433e+02
    8.0664939532048283e+00 5.2473038748843038e+01
    -2.7565193856861633e+01 -2.3585880351057739e+01
    -3.2929182349482410e+01 5.8861061162527058e+01
    1.0178606551090488e+02 -1.0361889376001992e+01
    -5.2118579314446151e+01 -1.1376984607975979e+02
    8.4379949529249345e+01 -3.7415242208584807e+01
    1.6144601237271143e+01 -6.4627474792588615e+01
    5.3911706755153741e+00 1.2269857123905375e+02 4.3082847805340506e+01
    3.6206336078066890e+01 -5.9892694020981374e+01
    -2.7504531928287800e+01 1.3493328549059790e+01
    1.7898418282214880e+01 7.4146347684601892e+01
    -4.0240688095233743e+01 6.5265761931939167e+01
    -7.2080897796007690e+01 -6.9936518687493418e+01
    6.1384524376536874e+01 1.6331624773527277e+01 3.2481191549656508e+01
    -8.1223968530160775e+01 8.8315001059813074e+00
    -4.2630157560959752e+01 -1.1330830077891474e+02
    2.9065843747526978e+00 5.0065433347131425e+01
    -3.6868082440794922e+01 -3.9739534447613948e+01
    -1.4251604101533906e+02 5.0560711995493058e+01
    1.0759808712851208e+02 -5.8156680032513279e+01
    -1.4503710085267716e+00 -2.2292145977025655e+01
    4.2638225279302098e+01 -4.4702251026678809e+01
    -1.0967527971571252e+01 5.0341550966419099e+01
    -4.9571515143429670e+00 -1.6233250850741962e+02
    -4.8087406045945142e+00 6.9935823233096848e+00
    -1.4163008780604844e+02 1.9384547192841097e+02
    -9.3072704047615151e-01 2.9985375003042876e+01
    3.5080659439943886e+01 -7.0412810545663840e+00
    8.4087993921504264e+01 5.9517209036306575e+01 8.7293259172381539e+01
    -4.3470444357785595e+01 -7.2097995700538362e+01
    7.3212684172941309e+01 5.1940633726524702e+01
    -2.9069804681669911e+01 -8.1596625940303895e+01
    3.7973905077264760e+01 -1.5244206985481853e+02
    -7.7557222958006108e+01 -4.7827162379140553e+00
    -1.4970741601644158e+02 -6.4508357398630434e+00</data></s3_3>
</opencv_storage>
