<?xml version="1.0"?>
<opencv_storage>
<s3_4 type_id="opencv-matrix">
  <rows>200</rows>
  <cols>1</cols>
  <dt>d</dt>
  <data>
    -3.5379726395188948e+02 -5.9387557982941996e+02
    -6.9574231247099397e+02 -1.2325124043340891e+03
    3.3445800638635740e+02 7.6437493426806134e+02 5.4514852138774295e+01
    -4.3419773959690070e+02 5.1798430807666470e+01
    1.2796839901462731e+02 -2.4638946789992235e+02
    5.1908324457887602e+02 -5.0253011234977225e+02
    2.5341542658557469e+02 1.3972823377445445e+02
    -3.0482782464068663e+02 -1.2869555794733739e+02
    -3.2481329292716438e+01 -7.9192360069658719e+01
    4.3429362591958630e+02 4.5674489103454357e+02 3.8548680980131735e+01
    3.4566994800627491e+01 1.7824121569576718e+02
    -1.5410406927090576e+00 2.0411085425760584e+02
    -2.0119123752422288e+02 -2.1154847360550075e+01
    4.6421525590383720e+02 2.3786141136418262e+01
    -1.4323700580240393e+02 -4.3899352655379978e+01
    4.6158613382410726e+02 -1.3667076076759386e+01
    2.6085772648618160e+02 -8.0601549081100799e+01
    1.9869599711100352e+02 -1.3183270196722032e+02
    -6.7984078462118177e+01 1.9311979298187481e+02
    -1.3052468931928522e+02 -1.3628983773975285e+01
    7.8988736201448560e+01 6.5605182765609854e+01 2.0054302611115741e+01
    4.0200545198837631e+01 -5.4885567254763977e+01
    3.6711938482451174e+01 1.7071451263930019e+01 2.2047215446727762e+02
    -7.0555235841429180e+01 -2.9799945411742804e+01
    -3.5454744781501057e+02 -8.0404542626006744e+01
    -9.6917726145051844e+01 8.6830463340430939e+01
    -1.4574834644889856e+02 1.3805830626168594e+02
    -1.3556963091747801e+02 -1.5930327222868956e+02
    2.5548904278496306e+02 9.9044878279813318e+01 2.6585962726405995e+01
    -7.5981428513152309e+01 9.0997737630151477e+01
    -1.0391029896607077e+02 -4.1623388028337779e+01
    -1.6049505900625459e+01 -6.4443896223492558e+01
    1.3692769787412863e+02 -3.2502691435830151e+01
    -2.5987784010822548e+02 5.0200932608154595e+01
    1.2843620644225510e+02 1.2211366727645751e+02
    -1.1592151485092485e+02 7.7643597162638002e+01
    1.5074719956001309e+02 -2.8803073876274883e+01
    -8.4725983748893121e+00 -8.7203548541957531e+01
    1.1712518348844445e+02 4.3313920647615141e+01
    -9.1755433660457442e+01 1.0724811978501778e+02
    -1.1452286566235686e+02 9.5268856115251367e+01
    5.3845183252317796e+01 -7.3141861361754565e+01
    -2.2606483228588115e+01 8.1462487127192432e+01
    -2.0116666447470294e+02 -2.1437736776176191e+01
    1.4964933662389393e+02 1.2648152727021348e+01
    -2.4429065512055292e+01 6.2818419930385247e+01
    -1.1849478654816429e+02 5.5373483237470840e+00
    -1.2615592302070662e+02 -4.0572448018844433e+01
    -4.2057364742074910e+01 -6.6921166729933375e+01
    1.7921727556708547e+02 -1.4290915644543199e+02
    -5.7846617126922602e+01 6.0602369289444326e+01
    2.5217251437746533e+01 8.2757588171525740e+01 6.0655903745869011e-01
    -3.0834232271823289e+01 -1.0493855218223143e+02
    -3.2184995576618228e+01 -3.4161678882331984e+01
    -3.1275937004248835e+01 1.2079018939650499e+01
    1.5256243698678557e+02 7.7226955549839271e+00 4.8715050781965765e+01
    1.4567668318860743e+00 -2.7442501019794332e+01
    6.2509482386731946e+01 7.4495434830598001e+01 9.5235766561734579e+01
    2.4271063894080800e+01 1.8663252919611299e+01
    -4.0011479052894430e+01 -1.2796378090154600e+02
    9.0092355558368965e+01 3.7823980963548189e+00
    -6.5342278290253304e+01 6.9150203301670217e+01
    -9.9429618385997509e-01 1.7037640865305164e+02
    -3.6176720009054662e+01 -9.3705175424023352e+01
    -8.8265877822962338e+01 2.3527999461446953e+01
    -4.2888100756074117e+01 -3.3980226006442578e+01
    -2.6656381925759366e+01 -1.7698115630229864e+01
    7.1164440410983687e+01 2.0047847948413068e+01
    -3.2932859676559580e+01 -8.7110937537306185e+01
    -3.7904868151107898e+01 7.2101675116871903e+01
    -8.6910540686411977e+01 8.4423250232951503e+01
    -7.8528906135963155e+01 1.5858976797357140e+01
    -4.7172840266606848e+01 -1.1235670919153651e+02
    8.1096305931609763e+01 -1.9108622470464795e+01
    9.0259521975632452e+01 -4.7450394084450117e+01
    -6.3669834445252683e+01 -1.3438370451240753e+00
    7.1983409605245843e+00 1.8831151759139633e+01 1.4815030619756225e+01
    -6.1619043358668897e+01 -9.7899878485941343e+01
    -1.2865118782879219e+02 2.5070121647548888e+01
    1.0905915839072199e+02 4.9991640398369386e+00 5.7585515879672620e+01
    3.7827027774665787e+01 -1.1915103297122313e+01
    -4.3473483169238065e+01 7.0710257490236160e+01
    4.1402243573353950e+01 -5.3677087077850423e+01
    -1.6139049142701910e+02 5.7263343337012451e+01
    2.1884959897483942e+01 -1.4718855179239671e+02
    1.6933477561260483e+02 9.1961970066697560e+01 6.6038311554445812e+01
    7.2234177064316597e+01 2.6850682255744037e+01 8.8769551651292460e+01
    3.5988204970722947e+01 5.7095047440745169e+01
    -3.3000901715733981e+01 -5.6570162656112728e+01
    5.2079140472705667e+01 6.6775081936684444e+01
    -3.5794183710524386e+01 -9.2416686189074696e+01
    4.5386508632071276e+01 -1.5361750657615687e+02
    -6.3521433076268849e+01 -5.6772345379968847e+00
    -1.5248538813188696e+02 -4.4200083096218581e+00</data></s3_4>
</opencv_storage>
