<?xml version="1.0"?>
<opencv_storage>
<s3_5 type_id="opencv-matrix">
  <rows>200</rows>
  <cols>1</cols>
  <dt>d</dt>
  <data>
    -4.9785510694269061e+02 -3.8718505778798755e+02
    -8.4393357366371288e+02 -1.1646910635693498e+03
    1.1458296253923855e+02 8.6972854723218143e+02
    -1.5902366474658680e+02 -5.3009147480271770e+02
    -1.8159180673991099e+02 1.8213939106245039e+02
    -2.1499422560845017e+02 1.2607566560978236e+02
    -4.0511224329097490e+02 3.9299790040618041e+02
    9.3955164152158247e+01 -4.2226833042958481e+02
    -1.4429588130139231e+02 4.7750348747640750e+01
    -2.3542865431644830e+02 4.7362831610724663e+02
    3.5582164917033697e+02 1.6968694337970919e+02
    -1.4803503641129556e+01 6.6646954315016345e+01
    1.0680718796872763e+02 1.0731127449922917e+02
    -3.8779157569152335e+02 9.9293630642449614e+01
    3.5036601183344612e+02 -5.6667904187462163e+01
    -3.0086252690566488e+02 5.5049096246088418e+01
    9.5167896786724313e+01 -1.2186113796368517e+01
    2.4355691170476774e+02 -8.9526790220889936e+01
    2.6158758051146623e+02 -2.0047159877902249e+02
    4.9303645479054182e+01 1.2449453659725964e+02 2.4946148536178963e+01
    -1.1134652255396535e+00 1.2135691871356525e+02
    1.4483849978818085e+02 -1.4337298095063522e+01
    2.7171961849630890e+02 7.7798196191740985e+00
    -8.7675015591580646e+01 -1.6891457474048281e+02
    1.6189729428148101e+02 -3.5901496884014614e+02
    -5.1206351802718977e+01 -3.2035161636157409e+02
    1.7071319777098015e+01 -6.6457805383454840e+01
    1.0115980635458970e+02 -9.9484366380693402e+01
    1.4718874096118688e+02 1.4456067646210150e+02
    -2.9712407084014920e+01 1.5039137229646172e+02
    -1.0345020569650442e+01 3.2487115208494906e+01
    -4.6039664260923360e+01 2.6756503700123666e+01
    -2.7806275967882716e+01 -1.5028059313681592e+02
    2.5782990615708499e+01 -8.2341244603837495e+01
    -7.7327056862820072e+01 -3.9736787671280347e+01
    -1.6664236635347024e+02 2.0967383955399319e+02
    3.3143924938710214e+01 2.1948981676258037e+00
    -1.2061324377274057e+02 1.1384580938416562e+02
    2.3244990228701717e+01 -1.5120168196978742e+02
    -8.8418665970426531e+01 -6.5422406944615574e+01
    8.5974128989653025e+01 -5.4370773825941797e+01
    -5.2535948943090489e+01 -1.0692059687372830e+02
    -2.1115291627680480e+02 -1.1738899407119286e+01
    -6.2344409564011318e+00 1.7899015680421758e+02
    -1.1008579925800680e+02 -2.5501960905551758e+01
    -5.6096301700210205e+00 7.5186362956229431e+01
    9.5680815502635568e+01 1.7391303550305705e+02 7.0388371251841164e+01
    1.1707617354190339e+02 -8.3530158197545799e+00
    -3.2722555249474190e+01 1.5878515651461788e+01
    -2.5074922468341569e+01 -5.0334903953738824e+01
    9.3693310843727545e+01 5.2829133494566420e+01 8.0363959679057871e+01
    6.6925273250850722e+01 3.7963801712512444e+00 8.7646221052389173e-01
    6.1546584362797766e+01 3.9057906087580768e+01 1.7620754132594095e+02
    -1.5093554026673820e+02 -1.0522472367167602e+02
    -1.1635002020524186e+02 -2.4424060271905503e+01
    -2.0810094707545780e+01 -2.8717570496328392e+01
    2.4716104570287680e+01 -4.2460732386663995e+00
    -2.4540438612828016e+01 -2.9833157210559154e+01
    8.1288793210442606e+01 4.9145139884805520e+00 1.6569686970117897e+02
    -4.3851315633332092e+01 9.8797109095980424e+00
    -4.6125904324234881e+01 -8.3184327065171075e+01
    5.3028855480084275e+01 -2.2008751568424792e+01
    -1.2849408108355064e+01 5.4185476465675286e+01
    1.6220847791342732e+02 3.1844433149958441e+01
    -1.8207206584983872e+01 1.0174853011076150e+01
    -1.2287473135546189e+02 4.7103490759693003e+01
    -8.1170059256178646e+01 -1.3828618228504046e+01
    -1.5195711509773936e+01 -1.0343315650202699e+02
    1.2659217561541669e+02 5.7720013365187789e+01 4.5193520729891617e+01
    -1.3989930706083273e+01 -1.9435031639357284e+01
    -1.8479066289975968e+01 1.8348410010665038e+01
    6.4871891882012179e+01 -6.7195114381447638e+01
    4.4415344664219333e+01 -1.1864895517103064e+02
    -3.2414018110640022e+01 -7.1971111211567049e+01
    1.0106828277953441e+00 3.7847564907579340e+01
    -9.0366690015910748e+01 -3.8483212592113375e+01
    1.3878564466528005e+01 -3.9013537357333924e+01
    4.3107851269142550e+01 7.4788759050304108e+01
    -5.0536942922037163e+01 6.0276281298497105e+00
    -1.2245585281478745e+02 4.7908800394548535e+01
    8.5450655048770145e+01 -6.0371246824789353e+01
    3.5650907652544007e+01 3.0400130361303688e+01 2.4709202011865866e+01
    -4.0781332305846377e+01 -1.1231937709290296e+00
    1.7435645337850776e+01 -4.9411608369691706e+01
    -1.7294913536243470e+02 5.6603715144653293e+01
    2.2878737290955048e+01 -1.5364273449147373e+02
    1.5026251170265090e+02 1.9282512792197060e+01 5.9771744206528382e+01
    6.1220389955476890e+01 2.0516347772841829e+01 6.0191318997660794e+01
    5.5742636316012451e+01 8.8970936991899308e+01
    -2.0223875121412529e+01 -7.0748497534030506e+01
    7.0379974236811833e+01 6.0870562018848965e+01
    -3.1104205389864134e+01 -7.4384543847136769e+01
    5.3865964909512051e+01 -1.5945941076009370e+02
    -6.9988684394544151e+01 -5.7260653736277023e+00
    -1.3640485407350701e+02 8.8120272925304233e-01</data></s3_5>
</opencv_storage>
