<?xml version="1.0"?>
<opencv_storage>
<s40_5 type_id="opencv-matrix">
  <rows>200</rows>
  <cols>1</cols>
  <dt>d</dt>
  <data>
    3.1306397529999839e+02 -1.0430447497096243e+03
    -5.8697117524504847e+02 -1.0301907836433659e+03
    -2.2877038526786168e+02 6.7328828950106094e+02
    -2.0127813075501828e+02 -6.2478823801493218e+02
    1.3584452959956542e+02 -4.3073899843289064e+02
    -6.9879461008346539e+01 3.0004243323652850e+02
    -6.6852864328259272e+01 -6.5713408463472703e+01
    3.6744794464470116e+00 -2.9804351392515071e+02
    2.4652510680160970e+02 -4.5517679994072409e+02
    1.7783839683141269e+02 6.9414212605165562e+02 2.5280125375808575e+02
    1.4156243480389452e+02 1.9883640726916059e+02
    -1.3491713151702203e+02 3.4275981681313561e+02
    -1.3692774458365275e+02 -2.4621698605705907e+02
    1.4800810617770580e+02 6.7757320245794460e+01 3.1593458519627553e+01
    -1.5700508955066610e+02 -9.8551987820807355e+01
    1.5375126939625090e+02 2.8252323316807167e+02 1.3325476329219282e+02
    1.2131305085593550e+02 -1.7433313784080781e+02
    2.9562280765155134e+02 2.8390338106902408e+02 2.5224170766572527e+01
    -1.3142541033242799e+02 9.7980214373402617e+01
    1.0835684492460581e+02 1.5607906420952202e+02 1.1045897938949633e+02
    9.1866158055055905e+01 8.6213709018440156e+01 3.1107850301691993e+01
    -4.7597884048357415e+01 2.3103098933086553e+01
    -4.8467333245286554e+01 -1.4741593182884932e+01
    -1.7356943153347299e+02 -1.0330764232015136e+02
    1.2711610327066302e+02 -2.3942367497086128e+01
    -9.5645754975717821e+01 -9.3735700291906525e+01
    3.7766464513571599e+01 -2.4876795272094203e+01
    3.1596488137325360e+02 1.8753623552286257e+01
    -4.8920962552228772e+01 -1.0472340715054436e+02
    6.5529008783904539e+00 -6.6973697043572443e+01
    -6.3812291509259111e+01 -2.3190705356854983e+02
    -2.5191511046921687e+02 -8.8370888605141133e+01
    -1.6051837490861192e+02 -7.5769205459480020e+01
    7.8937343880992771e+01 1.0580863121709370e+02 2.0226727097621804e+02
    -8.2586029632970011e+01 -7.3041429739076822e+00
    1.4849543817681140e+02 -7.0248847035448861e+01
    -3.7247333505913353e+01 -9.6468824045622682e+01
    1.2852413775102104e+02 9.7766311006173368e+01
    -1.5382979312375446e+02 7.3423270998403567e+01
    3.3539260097298942e+00 1.7498411426412684e+01 1.9159135410151333e+02
    -1.5798758666967084e+01 9.3374714940616371e+01
    4.8138191835716064e+01 -1.6125211864469981e+02
    -4.7349203819327030e+00 -4.4313744316400978e+01
    2.6581108758925156e+00 2.3559603205687417e+01 4.9015702893751971e+01
    -3.0527561245801039e+01 6.7051871395243566e+01
    -7.6757552098646869e+01 4.2664378519675765e+01
    -7.0718890419902545e+00 3.8028927470732285e+01
    1.6800241737750235e+02 -4.9374125560616555e+01
    6.1685243877928734e+01 9.0317969507804719e+01 1.2763044549211253e+02
    4.9941947768277124e+01 8.6072029961130028e+00 5.1989014477796104e+01
    -1.1259132218290343e+02 -6.4123375816902524e+01
    -6.7092183477845182e+01 5.5342344732324690e+01
    -8.0853855002665512e+01 1.0223315714363848e+02
    -3.8237063417827969e+01 -1.1623899654534450e+01
    -8.9120737751408853e+01 1.0123531480574002e+02
    3.8032165899885463e+01 -3.1682822870060196e+01
    1.7972972929256545e+02 -9.4472765101468596e+01
    1.5777634363745678e+01 -1.9753832279425406e+01
    -7.8070827213394182e+01 1.7107242406971250e+02
    8.5413884153029898e+00 1.2328212055776582e+01 3.6520492297537885e+01
    6.5049326440110775e+01 1.9891723706250847e+01
    -8.8171951521298041e+01 -7.7722832921115142e+01
    -6.6926359084209565e+01 3.7553980145138908e+01
    -9.9321234213582017e+01 -1.8381471560317877e+01
    -1.0427950639155313e+02 4.6035132880502596e+00
    1.1941757623022602e+02 1.0153372722197297e+02 3.7175083046390611e+01
    -1.1081571707065544e+02 2.7170249650155078e+01
    -4.6697453725684184e+01 1.0440603038041907e+01
    1.0918585292164104e+02 -2.0709984052698136e+01
    9.4251480787007353e+01 -3.6258580910718436e+01
    -6.1942511314537185e+00 -9.4889181989660116e+00
    3.7616019579719421e+01 -2.2176928525850247e+01
    -7.6587175869161726e+01 -5.2524694762139816e+01
    8.9302279209515589e+00 2.2789936968713458e+00 4.6620993668290076e+01
    2.3268780404355180e+01 -3.8668160955575651e+01
    9.7661255876281139e+00 -1.1415406249508588e+02
    4.3823696527030002e+01 5.3666486294024452e+01
    -3.2588935372001359e+01 6.5137379428806355e+01
    7.1832611799336092e+01 4.2244152352085280e+01
    -6.7662128346539049e+01 -1.3364078691941279e+01
    2.7866636649488182e+01 -7.7410829593685889e+01
    -1.6101702265999242e+02 6.2024058857534044e+01
    -3.7742832441913443e-01 -1.5663819385875905e+02
    1.6417846878326014e+02 4.7814176460209751e+01 3.8749111353960011e+01
    6.3658353915593800e+01 1.8050980648722574e+00 7.2069456319168751e+01
    7.5053334778335184e+01 5.7552889343757904e+01
    -3.1048208392431331e+01 -7.8709977692552499e+01
    6.1750086600034301e+01 5.9752429151188657e+01
    -3.1282176128089461e+01 -8.9247747800038965e+01
    4.4556950195358354e+01 -1.5903349585447054e+02
    -7.2121311596023105e+01 -5.7200619476240977e-01
    -1.3971026362874107e+02 3.0014131665780308e+00</data></s40_5>
</opencv_storage>
