<?xml version="1.0"?>
<opencv_storage>
<s40_3 type_id="opencv-matrix">
  <rows>200</rows>
  <cols>1</cols>
  <dt>d</dt>
  <data>
    4.4439961611774919e+02 -1.6697430436736799e+03
    -3.2879579450987521e+01 -3.8481532021044916e+02
    2.1672167866110641e+02 3.7435942683449946e+02
    -7.9664568541000250e+01 -5.6151085327864837e+02
    7.1750098604009935e+01 -4.8815750260417809e+02
    -2.2008383211058302e+02 -2.2542512070126571e+02
    4.4642974793273133e+01 7.0545148740900345e+01 8.1561469256106108e+01
    -6.1242316823535350e+02 3.9967212782551536e+02
    -3.3819725062859936e+02 4.8956813963617975e+01
    4.3705041878038986e+02 -4.8876746536552496e+01
    -1.9657058404434824e+02 1.3463303264805251e+02
    2.0586000606188492e+02 -1.3140592052801466e+02
    -6.4002222405454798e+00 -2.6433999683102337e+02
    2.7410989180298913e+02 -2.7198498854798419e+01
    -3.8377625359536630e+01 1.7963693953913324e+01
    1.8666821290305603e+02 6.3887624391057777e+01 1.1475871064843814e+02
    4.3239954211011838e+02 8.1709900142995295e+01
    -2.3703050940754392e+02 1.4054115032662020e+01
    6.3698031764916990e+01 3.6866822884989219e+01 1.1697625313142979e+02
    -2.5174948129888538e+01 3.0636560644301209e+01
    -2.9820672430801313e+01 -1.1332970748412395e+01
    2.0699085664814783e+02 -1.3447729112397704e+02
    -1.6463953511092313e+02 -2.2021939421156083e+02
    4.4349739131975973e+01 6.6502475411682738e+01
    -1.1419325107138280e+02 -1.2319411497914636e+02
    -1.8567833395149248e+02 2.2904665257859250e+02
    -1.6463140208620464e+02 -1.3557437195989132e+02
    -2.1354690652428090e+01 2.3050509518299020e+01
    -7.8815826351170173e+01 2.5365386295324024e+02
    -2.5546165120626398e+01 -1.0009211153911760e+02
    -2.6405505117588515e+01 -2.0223063472908503e+01
    -4.1801583722828852e+01 -1.4936125445591861e+02
    -5.9741300251058718e+01 5.1527760685815158e+00
    8.6011251539808939e+01 -5.7230548551392850e+01
    -1.1476396245513463e+02 1.1226798227495610e+02
    8.8918064954666278e+01 1.7369071760328737e+02
    -9.5720488106075422e+01 1.1717830807728456e+02
    6.0344251120429419e+01 -1.5005364181540534e+02
    -1.1531905912237106e+02 -5.4893128902645202e+01
    1.2078951663134285e+02 -5.5439199490569145e+01
    -2.3536649648349552e+01 -3.1074330430900319e+00
    -2.1310233120155786e+01 1.2622592695855622e+02
    -6.1370682500222458e+00 8.3267997290360725e+01
    -4.4167844603590673e+01 -1.0154525142111640e+02
    -7.3620818513636138e+01 -1.4835833806809504e+02
    6.3374436160724848e+01 -2.3775872687262456e+01
    -4.0908285885869176e+01 1.1045691857025575e+02
    2.2366124057692748e+01 9.4476638644094511e+00
    -1.2622694756011666e+02 -2.8560559899273592e+00
    -6.0525752284438816e+00 1.1318361541831882e+02
    4.7699399120821447e+01 -3.9291635522794998e+01
    4.3952757013061081e+01 5.1898304888914675e+00
    -5.3199242882085635e+01 6.6980218699194509e+01
    7.7079049485240418e+01 7.7274419395806532e+01
    -1.4856753122931167e+02 6.2226300209039181e+01
    6.5149859661759368e+00 -4.1558838862023379e+01
    8.7022642168719941e+01 3.8392418781433243e+01 6.9303034772383088e+00
    9.5596116508478886e+01 -5.8670202846100324e+01
    -5.8187034447947511e+01 -2.8246026481911983e+01
    3.9626209648097728e+01 2.0852730878995447e+02 5.6768657871064192e+01
    3.2334247747372849e+01 -8.8967188786724563e+01
    -3.6749031355656307e+01 1.1987590046108975e+01
    -7.5874761386987444e+01 4.4821143612652136e+01
    3.6555633474404239e+01 1.4152028354804295e+02 2.9671240665018665e+01
    -4.3352430746269881e+01 1.1268174382985876e+01
    -1.5155039762303431e+02 5.1430465654041782e+01
    -4.0567723580577429e+01 -4.3321672105375484e+01
    -8.3715064421849078e+01 -4.9022119746711006e+01
    2.7284686814283962e+01 1.3525987918941522e+02 4.4592950478815844e+01
    -5.7141795738706072e+01 -1.3122736921515806e+02
    2.4046525651889915e+01 -4.3845871590282634e+01
    1.3985934240858884e+02 -5.2376521994456162e+01
    2.1067433836029906e+01 -4.8892006298975204e+01
    -1.4902324919962942e+02 6.2815201644750445e+01
    1.1665365947796104e+01 4.8054034884199005e+01
    -1.2729138970397141e+01 -9.9470810180571476e+01
    3.8245171454085849e+01 -8.3912284075772199e+00
    1.2120753092855496e+01 -2.1255889171502087e+01
    -1.9302759967309044e+01 -3.2279222744977254e+01
    -1.1847344827831307e+02 5.6968455129309952e+01
    6.4106775366953741e+01 -4.2742000991464799e+00
    -9.9979619155928789e-02 8.1649294106469100e+01
    6.7831097588084610e-01 -4.5230362968612710e+01
    5.6083458521753599e+01 2.4476262796672991e+01
    -3.4848684998929770e+01 -1.9366788249197262e+02
    7.0747355063441873e+01 2.2927946780797608e+01
    -1.6559837345806071e+02 1.9522189266808419e+02
    5.7635683668493023e+01 6.9137387982380631e+01 4.4264383493874000e+01
    6.9894039114998767e+00 7.7629554705832959e+01 4.6524873495278314e+01
    7.2474724867989181e+01 -4.3799552009266158e+01
    -7.0716011118664397e+01 6.1253833398569711e+01
    6.6562936083235925e+01 -3.3531641919835252e+01
    -8.1506293449012816e+01 4.3915883935214062e+01
    -1.6637522122184330e+02 -6.8216566045617000e+01
    -1.1754395712780283e+01 -1.4099172056384515e+02
    -2.5951464819016556e+00</data></s40_3>
</opencv_storage>
