<?xml version="1.0"?>
<opencv_storage>
<s40_1 type_id="opencv-matrix">
  <rows>200</rows>
  <cols>1</cols>
  <dt>d</dt>
  <data>
    1.8566271195962028e+02 -1.4443468697801723e+03
    -6.7713950059154149e+02 -4.1775090336545657e+02
    2.2490343334469401e+02 1.4525390569454365e+02 3.8728778186279237e+02
    -1.5529714026942142e+02 2.1656460346056525e+02
    -3.3553801103815829e+02 -2.5836949550658386e+02
    -5.3528443141381808e+02 -5.0173603510915619e+01
    2.7599603300944281e+01 2.9164282250349464e+02
    -6.2413199810178253e+02 3.4571411218552294e+02
    -4.1132683479498917e+02 2.8453877916002050e+01
    6.7645785336176743e+02 7.2074890889593959e+01
    -2.2956754995057133e+02 -9.6758432667771402e+01
    8.3394849134075471e+01 -1.6986567550646262e+02
    -4.3495979413707197e+01 -8.2344603292201946e+00
    1.1575994162291194e+02 -1.4722252062031646e+02
    1.5468470213391348e+02 2.2831011499488864e+02 1.7437427450873355e+02
    3.1486029320785299e+01 9.3751077417447419e+01 2.3353423242053995e+02
    -9.3582245294980439e+01 -2.7386237742453955e+02
    -1.1093439968860471e+02 1.1160845335380026e+02
    2.0313709134283056e+02 1.2248973157352412e+02
    -7.6874911873335947e+01 -1.3079072478255429e+02
    -1.2471665018640269e+02 1.0676678795248024e+02
    2.1062758370638315e+02 -5.6878824593660255e+01
    -1.1228091646122981e+02 -6.0319283142680057e+01
    2.6258067339137727e+02 1.1443505889286102e+02
    -2.8839807271350554e+02 -1.3919449679045246e+02
    1.6796407281728033e+01 2.4111354795808717e+02
    -2.9947873219521210e+02 -2.0223759440616385e+02
    1.0089586112748985e+02 -2.5218203115136917e+00
    -5.5987445842487425e+01 2.7247177315579779e+02
    -1.4339134045135350e+02 -6.6663888718874986e+01
    -9.3276490038046703e+01 1.3896543150891060e+02
    -5.6960082617001460e+00 -2.0232773109893466e+02
    -7.2504480678125546e+01 -9.6421447050037685e+01
    8.8051428293520047e+01 -1.0318044876246722e+01
    -2.0132906673654364e+02 1.4520701656695292e+02
    -1.4969426515757625e+01 1.0003224233203295e+02
    -7.2599593472216748e+00 7.7900332849491917e+01
    2.6932340914287405e+01 -1.1365827911360000e+01
    2.7678724671031336e+01 -1.2468120269292795e+02
    2.1750681550250576e+02 2.0160458717525461e+02
    -2.0902738584706100e+02 -7.3286097963273662e+01
    4.2976858926576746e+01 7.7084388086506451e+01 7.4424081845860570e+01
    3.2472205614165382e+01 -8.8601673161449199e+01
    8.7192780065498397e+01 -1.5321215667990168e+02
    2.4006358587301172e+01 4.2032449614172734e+01 1.1486837062975751e+02
    7.3250728328505815e+01 3.7353867576382363e+01 1.0804819477195831e+01
    -1.2803249194084296e+02 4.9794995520108962e+00
    7.5064896683814382e+01 -1.0641953157432630e+02
    -9.4175175925694433e+01 2.6556840717882761e+01
    -1.0382311399410808e+01 5.7353240853519537e+01
    2.1078227785949721e+01 5.4167008842641089e+01 5.1196779508375840e+01
    4.1177079786406907e+01 -2.7516936121432639e+01
    3.0112612300945699e+01 -1.2411414026935979e+02
    -1.0969584957137668e+02 1.8538275651179990e+00
    -4.0677201448624352e+01 -2.4657638278367344e-01
    6.0479308296600749e+01 1.0797211201594034e+02 3.8707374383731931e+01
    -3.9650292036166185e+01 6.9569217394166515e+01
    4.5312577678516925e+00 9.8840506412906805e+01 2.8083028020335536e+01
    1.0017316988434610e+01 -2.7942762798657675e+01
    -1.3941428666503737e+02 1.0758840736670280e+02
    1.6486214078263473e+01 -6.2068065944044307e+01
    9.0437674704786303e+01 5.0437162224198431e+01 8.3831298984439528e+01
    -1.5048145903341863e+01 -6.0741229281178207e+01
    -1.0767834822192145e+02 -1.5132852036139740e+01
    -1.3544565796363685e+01 9.0028250101991887e+00
    4.1995549735194677e+00 -7.7600366545762427e+01
    1.3982576838614085e+02 -1.3090601438054517e+01
    -8.3230497687587874e+00 -8.4475450538419182e+01
    -3.2632810977869745e+01 6.1841801129809797e+00
    -3.8376593944160511e+01 4.0633755747205306e+01
    -5.9214271630518219e+01 3.0556408987884556e+01
    -1.1743743077404082e+02 -3.0103797654586369e+01
    -3.9116280074525157e+01 1.0277518388021912e+01
    5.3786958529951860e+01 -8.6032856261452110e+01
    -4.5977316453980315e+01 -2.0416294876116670e+01
    1.7705489991632137e+00 3.3631799674419774e+01 5.0514388703602187e+01
    -7.6671724709119772e+01 -4.2352909832856611e+01
    -1.2743022242746117e+02 3.8274795115204007e+01
    1.2079361467029260e+02 -4.8775048679799333e+01
    6.0503396918492697e+01 2.9217939583999755e+01 1.9192641084244471e+01
    -2.4982442406924850e+01 8.1051915556581573e+00
    3.9214990607178791e+01 -7.3052352532930442e+01
    -1.4626991671456523e+02 3.7878533032621455e+01
    3.0471378528864941e+00 -1.3411031561233625e+02
    1.3825625925485917e+02 3.8578883349474374e+01 4.0268736917124528e+01
    6.7444271200696988e+01 -6.1329388422677278e+00
    7.2385353896629411e+01 5.3024964455789451e+01 7.6181611975468456e+01
    -3.6702936263624615e+01 -6.3665277706572041e+01
    6.7172715707286571e+01 5.8588580314843917e+01
    -4.1743473999792968e+01 -7.9045659477711865e+01
    5.3269770106068378e+01 -1.5391954110982039e+02
    -7.2421474218545583e+01 -2.1244654614088709e+00
    -1.3995585797994354e+02 3.7334850477150474e+00</data></s40_1>
</opencv_storage>
