<?xml version="1.0"?>
<opencv_storage>
<s40_4 type_id="opencv-matrix">
  <rows>200</rows>
  <cols>1</cols>
  <dt>d</dt>
  <data>
    -1.4036842865946360e+02 -3.1528621414232799e+02
    -1.5998419571145441e+03 -9.5965279292202717e+02
    -2.6439586186502817e+02 1.2807602250608878e+02
    4.4775885014318298e+01 -2.6156973603791067e+02
    -1.6529461630069702e+02 4.9482821534820687e+00
    1.9769673873122173e+01 -9.4473232958990806e+01
    -5.3359082254464147e+02 1.3252010867120001e+02
    4.1937047224018734e+01 -3.1491845192446442e+02
    3.5375623313553797e+02 -3.6992326896251376e+02
    -4.0211406118798487e+02 5.3871694465990777e+02
    1.0726610238703049e+02 1.8338743352193228e+02 4.1616969484460746e+01
    4.0958577057046689e+01 1.8548098231568036e+02 8.2699501439583003e+01
    -1.8007823737238044e+02 1.6762876189914937e+02
    -4.1700433053886044e+01 1.0362689356597048e+02
    -2.1361086691459479e+02 -2.1966134175319581e+01
    1.5584098053871438e+02 1.1969873973634449e+02 1.2180071716339333e+01
    -1.2474866626085847e+01 2.3082541174869753e+01
    -1.0294483974775306e+02 2.4831722441300531e+02
    -1.2814877988226615e+02 5.8692283504469964e+00
    1.5975731333138052e+02 -7.1823067860937741e+01
    -2.7172750785472598e+01 -3.7203609696420858e+02
    2.2900760485594085e+02 -1.4867359190093947e+02
    2.3628421290514652e+01 -6.1867800028410620e+01
    -7.1016525307819578e+01 1.3055313315940925e+01
    -6.8901193883386824e+01 -4.7040735868534739e+01
    -2.2307580490888776e+02 3.1454920973255912e+02
    1.0202064958675187e+02 -1.7512763879875837e+02
    -1.4810565458712185e+02 6.5560803470748709e+01
    -1.4468207870887306e+02 9.3100200292704017e+01
    1.2076383499297769e+01 7.4380898895662668e+01
    -1.1838453865368010e+02 8.1707301525630783e+01
    1.4203108344185017e+01 -1.2961461526873284e+01
    9.3990766454328689e+00 5.2626858456747001e+01 7.0279499287737067e+01
    -5.2078049051447856e+01 -1.8556427823463284e+01
    -1.3957424586245682e+02 3.3584605327569541e+01
    -6.2063780506435071e+00 8.1697967670524079e+01
    2.6374526123673155e+02 1.2014245118162705e+02 1.1121551471464184e+02
    -9.3443527430024190e+01 -5.9998225664525258e+01
    2.4895147105201974e+02 2.1090036957450575e+01
    -5.2648270374029764e+01 5.9427838961543920e+01
    1.0199068179262579e+01 1.9513094127908977e+02 1.5631488085036997e+01
    1.2121539657710069e+02 -9.1383619343258559e+01
    7.5950270676103315e+01 3.3655197182347727e+01 1.3096686562583889e+02
    1.3930481629021861e+02 6.8339211541561298e+01 8.7698307309078558e+01
    1.0337981380350124e+02 -2.5537565001072398e+01
    6.4263570557400726e+01 6.8345206607392029e+01 1.1288975644974943e+02
    1.5001735145179296e+02 1.2441444296388436e+01
    -2.4020069667933948e+00 -9.9818134756655539e+01
    -1.7239930635828159e+01 1.0971339602780368e+02
    6.8173838600088246e+01 1.1307374824273077e+02 1.3054559714695446e+02
    -3.1405406255821948e+01 -1.1578983432314070e+02
    -6.7443698920684611e+01 -3.7903137317014384e+01
    3.1479897298947090e+01 -1.7315939940562853e+01
    5.7418783088722423e+00 -5.2203046471577160e+01
    1.4566753348151289e+01 -7.9549815980497968e+01
    -2.3882957864736426e+01 7.4724037734350446e+01
    3.4237639363358632e+01 6.2630128876200658e+01 4.7807365728866413e+00
    -3.3554099238271583e+01 -1.3088615237313086e+01
    -1.5181888602746433e+01 9.3921643617790451e+01
    -2.3148604438826897e+01 7.0314519388116148e+00
    7.3413589668431015e+01 5.9811711112225332e+01 6.7870359091660831e+01
    -1.0757346035102722e+02 -5.7677803060647634e+01
    -7.5772915472342063e+01 3.5657890530754244e+01
    -1.0048527081390336e+02 -2.5787498095206116e+00
    -8.0855551216106369e-01 -6.4092408604818829e+01
    1.1442795106685131e+02 4.0075936064695121e+01 5.4112536888732706e+01
    -8.1965768938367560e+01 -3.2725497184460380e+01
    4.3292732965768252e+01 -1.0279897899890576e+01
    7.7836992831597271e+01 -7.8308341100028571e+01
    3.5116664740228074e+01 -6.4428079980786791e+01
    -7.7562133130596507e+01 2.4565843814167131e+01
    2.4400641685363746e+00 5.2172186708335680e+01
    -7.2574195639898889e+01 -3.6492975417697089e+01
    2.5826730573555629e+01 -1.4600614927176448e+01
    8.2249059320888790e+01 9.8550126205954705e+00
    -6.1216288246911411e+01 -3.7744129386503801e+01
    -1.2822254641513655e+02 6.4332021502777295e+01
    1.3097092850644259e+02 -3.3829850819670760e+01
    5.1328619563128171e+01 6.6273658262673337e+01 1.6325033213023701e+01
    -2.8280482096233282e+01 2.8512285870483208e+01
    1.9226962629419386e+01 -4.9066875253064644e+01
    -1.6790735936955153e+02 5.0479108553804785e+01
    3.2492020857522064e+01 -1.7005046189725286e+02
    1.5027999618214895e+02 7.4727163579755953e+01 6.7407909526409185e+01
    6.0007067145591442e+01 1.7786558784370392e+01 1.0411079340270859e+02
    2.1886047271020523e+01 5.0390967576931331e+01
    -5.1904021873041948e+01 -6.6919244117924748e+01
    8.6567470457059997e+01 6.9682165538528153e+01
    -3.1484437507687726e+01 -8.0122778748916787e+01
    5.3609178148577783e+01 -1.5079496733748604e+02
    -7.2021828612583263e+01 -4.1268609914306280e+00
    -1.3857104917646876e+02 3.8853919441735130e+00</data></s40_4>
</opencv_storage>
