<?xml version="1.0"?>
<opencv_storage>
<s40_2 type_id="opencv-matrix">
  <rows>200</rows>
  <cols>1</cols>
  <dt>d</dt>
  <data>
    3.5180047305095741e+02 -1.5314019339996205e+03
    -1.2125621311417969e+02 -5.3705525535407446e+02
    -1.9332088643017105e+01 6.7670990766331727e+02
    -1.6891947512775457e+02 -5.9999061096729372e+02
    1.3015115020760769e+02 -5.8033646283797964e+02
    -1.1661451207396519e+02 5.1135965381753579e+01
    5.7884458316530445e+00 -6.5858501571658508e+01
    -1.0043129122907129e+02 -6.6240936612489872e+02
    4.7419967285482352e+02 -3.7347067584133225e+02
    1.2515721240376114e+02 4.6715323349053256e+02 9.2833611154015614e+01
    1.9455178736968352e+02 1.5148295806324671e+02 6.2686795765691850e+00
    4.9522219259567741e+01 -2.2546946320395129e+01
    -2.8004140516777625e+02 6.9648586085984654e+00
    2.0296025133946793e+02 -6.3417443267311072e+01
    -3.1292235217603093e+01 1.8359320816787786e+02
    1.0746112616912333e+02 1.0670471647325111e+02 2.6877619580261523e+02
    1.6093670030505939e+02 -1.5040140889419240e+02
    1.9406533615186927e+02 1.9968131137002257e+02
    -2.5154476382128450e+01 -2.2991561368740541e+01
    -1.2918712363246099e+01 2.2707829167281815e+02
    6.2452425196973863e+01 -1.9120082836539915e+01
    1.8927887021200002e+02 -7.1784155294160172e+01
    -1.0503846690361372e+02 -9.9991505339179753e+01
    4.2795508044442798e+01 3.3363386288943900e+01 1.0890917327473011e+02
    -1.1960472681195078e+02 -9.7729410993552904e+01
    2.4633723430831583e+02 -1.2508742028990255e+02
    3.7220658863278061e+01 1.2014990630375863e+02
    -7.2367571005305507e+01 -1.0333985620882765e+02
    2.0241788330976149e+02 4.0266469888614211e+01
    -2.3646437290710036e+01 -3.9509443491616729e+01
    -1.1867392731337336e+01 -1.4409521534068895e+02
    -3.6412099314265404e+01 7.6528953893400256e+01
    -2.0462798618412258e+01 7.0324618596997439e+01
    -1.6425958324775024e+02 1.9501695676597578e+01
    3.6580679302111342e+01 1.7526475640685717e+02 2.0423958726764224e+02
    -1.8317026621747331e+02 2.0697806510917196e+01
    4.7961718405681438e+01 -3.0288276381982971e+01
    -8.8116626961084563e+01 -1.0232314967221461e+02
    1.0345645316569272e+02 -1.2134089444733573e+02
    -4.0304459613709469e+01 7.7274307308377288e+01
    -3.0409246262058673e+01 7.4337408548149909e+01
    7.0928444440067878e+01 5.4645360579078819e+01 7.0185103352936018e+00
    1.0364935518111011e+02 -3.3667241996091853e+01
    -2.5967998561379996e+01 7.5288676051713722e+01
    1.3109218791103972e+01 -1.0563239919527743e+02
    4.3988092492190219e+01 2.1263749278063944e+01 7.4078749666173508e+01
    -4.7192229154354713e+01 1.2838912436726946e+02
    2.7541052616320371e+01 1.7575209840155647e+01 8.0469046897604827e+01
    -5.3978508354676158e+01 6.9308587597550844e+00
    2.7280188391057251e+01 1.5435838376853820e+01 4.8682127037199777e+01
    7.4211309855863377e+01 6.6730041847107913e+01
    -2.4406989644613776e+02 -9.7757910979586484e+01
    -6.9745217690012439e+01 2.6031633128285767e+00
    8.0787495775945217e+01 1.9575608140974794e+01
    -9.3234177079329726e+01 -9.5800888934689232e-01
    3.7099006676211673e+01 -3.4312198587400697e+00
    1.3801161657352645e+02 2.1794872855507199e+00 4.7696261237037817e+01
    -1.0294768005777922e+02 3.2316624847917808e+01
    -1.1166960747308112e+01 -1.1718637876448122e+02
    -6.9404160048128478e+00 -7.2664278535692958e+01
    -3.9245577556465705e+01 1.1177380154207665e+02
    3.2916884584757511e+01 6.6425839008335387e+01 5.7193038180217989e+01
    -5.9738965390337036e+01 -8.5720148564195213e+01
    2.7790827360947091e+01 2.4361020837514982e+01
    -1.8341861970377312e+01 -4.9537959847626254e+01
    -8.3401478161719382e+01 1.3073914384494273e+02
    -3.3172809698705784e+01 5.9034107548438605e+01
    -3.9270424034226977e+01 2.2188501178402408e+01
    -6.5650296098863507e+01 -5.6783914264882711e+01
    1.2246688098987065e+01 -1.0216898815376760e+02
    -7.7746911760089290e+01 -1.3362275465584338e+02
    -5.1383673751644125e+01 -4.6760246531877222e+01
    -1.8004140865443290e+00 5.8216504601081432e+01
    -9.1247494641171514e+01 2.3587949019500506e+01
    -2.5932954120206478e+01 -6.6550028971821490e+01
    4.9236277550401574e+01 5.3113040564102548e+01
    -2.8277155218074956e+01 -1.4158204643030697e+02
    -1.4385307889964500e+02 1.3173482696218903e+01
    1.5189112780078187e+02 -4.4193642131530837e+01
    9.2714384731501625e+01 6.4895019143019095e-01 2.8361334062429268e+01
    -6.9051812068388214e+00 5.1197908496325702e+01
    5.9891172051111688e+01 -5.2144175896979107e+01
    -1.7465210718878259e+02 4.4469767539535596e+01
    3.8101063277024899e+01 -1.4549281955394710e+02
    1.4303035370006043e+02 4.9735107283995283e+01 9.3434353335006421e+01
    5.3854984197848069e+01 1.9616818552257484e+01 6.6863357760415411e+01
    5.5472002957699907e+01 8.4095358474620369e+01
    -2.3654354808983442e+01 -7.4699690619915174e+01
    6.7965666311147018e+01 4.9199400992104955e+01
    -3.6724124581256355e+01 -8.6600583432541001e+01
    6.7774539520466689e+01 -1.5793228648848648e+02
    -7.6615129395630873e+01 -5.1711189558111981e+00
    -1.4144850840305349e+02 3.3765645571264158e+00</data></s40_2>
</opencv_storage>
