<?xml version="1.0"?>
<opencv_storage>
<s4_1 type_id="opencv-matrix">
  <rows>200</rows>
  <cols>1</cols>
  <dt>d</dt>
  <data>
    4.1434318228663102e+02 -3.8518714655576218e+02
    -3.8199776014161716e+02 -1.4366327265928260e+03
    5.3064466665541613e+02 9.5854438907456449e+02
    -7.4723278574870349e+01 -4.9481991613174864e+02
    1.7173575634640687e+02 -2.3245829030356651e+02
    -2.0755299850733209e+02 6.0878956519789460e+02
    -1.6328931542876919e+02 1.6025175746475369e+02
    -4.1716203526803170e+01 -1.2549661219870300e+02
    2.4899196461916867e+02 -5.2083429716608578e+02
    2.3548248562940512e+02 2.8608538414403677e+02
    -3.9572729088615006e+01 8.8751203129582819e+01
    -1.7671623354293197e+02 -8.8734157143700585e+01
    -2.4308827322624947e+02 -7.7289063777618921e+01
    -1.8394044625239113e+02 2.4666506896490185e+02
    2.5073420250148641e+02 2.7269652233074061e+02 5.0113255190334272e+01
    8.2980932230677553e+01 1.8753721409594011e+01 9.4809726946487714e+01
    1.4516209062997345e+02 -9.1339769908948028e+01
    1.4478656127520789e+01 -1.2011010990558928e+01
    1.4922422708139308e+02 -1.6002868419196184e+02
    -5.3509512680091760e+01 -4.8837343730852730e+01
    5.2654682752125117e+00 1.3027729375638631e+02 7.6174253608937079e+01
    1.4633196597299008e+02 -1.2553577840685666e+02
    1.1693579668056651e+02 -2.3445091992154072e+01
    9.7239956784318295e+01 -8.8037059550709031e+01
    -2.4361451708150534e+02 -3.0905128193950361e+02
    -1.6303041859674050e+02 3.7620719388456934e+01
    -5.5072864279308455e+01 -6.5584675697361007e+01
    -1.5505336334922191e+02 3.4460784788720522e+00
    -1.2364430194613830e+02 -1.5299817524046651e+02
    4.9570854261435706e+01 -9.1852468137697514e+01
    1.4497701653712971e+02 6.8172934404215809e+01 2.5061661781147549e+01
    -7.1269519698951484e+01 -3.1125702603771845e+01
    -1.1935103358413519e+02 5.6659316251296175e+01
    -8.8477989882290288e+01 -5.8105716914691818e+01
    1.5824062983428048e+01 9.5303893680589951e+01 5.6116345071638634e+01
    -1.1265078490415252e+02 1.4358454688791787e+02
    7.4591465022209647e+01 -2.4641992721319784e+01
    -8.4362427976053198e+01 -2.1778281931577811e+02
    1.0682321953772551e+02 8.8193602767352914e+01
    -3.9489415098616256e+01 7.2393006175471925e+01
    3.0865984967347968e+00 1.0074522995409012e+02
    -2.2181285311642220e+00 2.5361298037836285e+01
    -1.5587390924249294e+02 9.0712035990659707e+00
    -6.2078431953908186e+01 -5.3914520918374315e+01
    -1.0945376729149807e+02 -2.0172944802575170e+01
    1.1269190100854550e+02 -5.6013370931843873e+01
    -9.8814410648062201e-01 -3.5181714736657035e+01
    -2.7996189806930214e+01 1.2636637982598396e+02
    6.3553899555232533e+01 -4.5317878609283255e+01
    1.8843272539348351e+02 -3.9439567944218673e+01
    8.6440377468601483e+01 3.7921488394441162e+01 1.5708214571529680e+01
    1.1293938820815107e+02 3.8554392654111389e+01 5.7092427515956864e+01
    -9.1125404505809541e+01 -4.1561829751061481e+01
    -1.3512909254771995e+02 -1.3674999331823437e+02
    -3.8685996612785338e+01 2.3332800792120082e+01
    6.8345793753540164e+01 2.1986564659622495e+01
    -4.5591568115851629e+01 -1.5622212604646069e+00
    1.2745714867381962e+02 4.6187817107298706e+01 1.3694213988655682e+02
    -6.2051765687872887e+01 -6.0048096870558652e+01
    -4.3777413942447325e+01 -1.2916389200491308e+01
    1.4103855448028051e+02 -1.0370893772755234e+02
    3.9041257824693176e+01 5.2565921288479089e+01 6.9289786112431287e+01
    1.5147346165525326e+02 1.1793582442991235e+01
    -2.0435725939344845e+01 -1.1823791887204231e+02
    -3.9260142302852920e+01 -3.2746045357211500e+01
    -2.5666931711974503e+00 2.5314832575284832e+01
    -4.2734989016935010e+01 -5.5667844565444913e+00
    4.9285222371309921e+01 3.2320545969805210e+01
    -3.9011041519965417e+01 -4.7545838583517927e+01
    -9.0243189755293329e+01 -9.1866926874247596e+01
    9.0080608467990544e+01 -1.2574521056018429e+02
    -4.1098512028380654e+01 -2.0911923214743084e+01
    -6.8299759205853917e+01 -4.3148924400095865e+01
    3.3391316411371228e+01 8.8437702612075626e+01
    -3.4735990910142753e+01 -4.7668833349919105e+01
    -2.6399300199061905e+01 -3.3961359220718379e+01
    3.7481847155695704e+01 -2.2246294369796416e+00
    -5.3238715914234355e+01 -4.7148690930662610e+01
    -1.2004637720370592e+02 1.2054925755496235e+01
    7.6185868000051812e+01 -6.3891417779826668e+01
    3.8248853228138422e+01 5.8115046133334992e+01 1.5496081030068433e+01
    -1.3701020043501007e+01 4.3548321681392601e+01
    1.5221330487035555e+01 -9.3167768772018135e+01
    -1.9813735603156596e+02 2.5582150247153510e+01
    -1.1707632624902740e+01 -1.6373506040644884e+02
    1.5198342990126667e+02 3.2790743681545379e+01 4.0950115239942583e+01
    7.5105899795310478e+01 -1.8567448539185957e+01
    4.6556601215075752e+01 4.6072591787380063e+01 8.6196095848984783e+01
    -2.8019085987885866e+01 -9.1919037678900182e+01
    8.9110108223822635e+01 6.6426681544403110e+01
    -2.5041141302420801e+01 -7.1248670108961988e+01
    5.7122632791965721e+01 -1.7091251054662317e+02
    -6.7116448444296111e+01 -6.9034246842729425e+00
    -1.3604039051648473e+02 3.6173656924072675e+00</data></s4_1>
</opencv_storage>
