<?xml version="1.0"?>
<opencv_storage>
<s4_2 type_id="opencv-matrix">
  <rows>200</rows>
  <cols>1</cols>
  <dt>d</dt>
  <data>
    2.6714694794006402e+02 -5.9579374921036867e+02
    1.7016303636722330e+02 -1.0981730909277517e+03
    9.8095940866149544e+02 1.1274744706598215e+03 4.7206261457375490e+02
    -4.1262286505144993e+02 -1.3579333387617044e+02
    -2.8189748931979125e+02 -1.3190290557250253e+02
    1.0966784299273041e+02 -2.0196689216926009e+02
    3.0235899582966493e+02 -1.4442479991801105e+02
    -2.7102597226434079e+02 2.8663747657415388e+02
    -3.6456418538316774e+02 1.5652706556804881e+02
    3.5841551218614256e+02 -7.4744313698442724e+01
    9.3752212378621465e+01 -6.1978860028038227e+01
    2.1974265045810552e+02 -1.1600234515397220e+02
    5.9549455724367014e+01 -1.5859455156324378e+02
    2.6650690961677589e+02 1.8551159070257037e+02 2.7264492183275280e+01
    5.1117324450690241e+01 -1.0114519596509744e+02
    4.4973491420728926e+01 -2.3882567050679143e+01
    -5.1326156478685780e-01 -4.5380352646798109e+01
    -8.5221977667202623e+01 -3.7723945147122791e+01
    1.3241560412795059e+02 -2.2915352059771436e+02
    1.4496372116446648e+02 1.3492121171957768e+02
    -1.8012711334774374e+02 2.3900799886177407e+02
    -3.6005450035270968e+01 1.3129812078465662e+02
    2.0975508181576279e+02 -3.6323491591075395e+01
    -1.0314701972720474e+02 5.6456781649867750e+01
    -9.9596715897214779e+01 3.4357931841135802e+01
    -9.0303533637073386e+01 2.2468501079976871e+01
    5.7237002062960620e+01 3.2885320648750550e+01
    -2.5185382073064366e+02 4.0454856476685734e+01
    7.6536402280807172e+00 -1.1594188673895945e+02
    2.1056949199106614e+02 1.0853803763885541e+02
    -1.3233356462915538e+02 6.0121967903522652e+01
    1.0900959602357759e+02 9.5371241031810399e+01 1.6147203924492706e+02
    -3.1241906805937646e+02 -7.8282651795309505e+01
    7.6108352661839035e+01 1.4461631159149238e+02
    -1.4867858673745459e+02 -2.0533374329614997e+01
    6.4088423827969450e+01 1.2878301724860904e+02
    -5.4778544226383774e-01 -5.4499025446123639e+01
    1.4556345651344697e+02 -5.4731818770407074e+01
    -2.2159598908669224e+02 -1.1322972868229581e+02
    1.9370634766082543e+02 -1.0302346942309034e+01
    -1.1268194433849780e+02 6.7270340695002968e+00
    -5.0842605741592195e+01 3.3222860841521232e+01
    9.6520729734559296e+00 9.1490105095005561e+01
    -8.8914721040275055e+01 1.0110794453136366e+02
    7.1381654797201790e+01 -4.1209595370713579e+01
    8.2507907412808066e+01 5.9754447220237239e+01 9.1402243930123408e+00
    3.1483057169881107e+01 -6.1173591372103346e+01
    -8.3749253401385616e+01 -7.1810114378812202e+01
    3.0761656677497587e+01 1.0390625040471487e+02
    -2.5288956504734013e+01 -4.1250005666309457e+00
    -1.2517728442873664e+02 1.0948338790075626e+02
    -1.8490714101076275e+01 1.5705557784684892e+01
    7.1079594092494062e+01 2.8849567094839912e+01 6.8906701080283156e+01
    -1.2551612174543928e+02 -3.2552519909582976e+01
    -1.1104776609380367e+02 -5.0063713796787441e+00
    -3.0176672116727815e+01 1.0555338962622184e+02
    -1.0494554730456980e+02 5.8412219010678626e+01
    3.6092697889345075e+01 -5.1218703652004407e+01
    8.6936868618293119e+01 -9.3407257963189380e+01
    1.2462640065980008e+02 3.5940274463727640e+01 9.8936873943251300e+01
    -2.2231604836734864e+01 -1.0181836514750975e+02
    7.5063439443892435e+01 -7.1650449402233107e+01
    -1.8953516277886504e+01 1.7961552685932467e+01
    1.1115057308348848e+02 4.6860150076291909e+01 6.5471472124789855e+01
    -3.3004573730858162e+01 -5.6598942834496384e+01
    -3.8270219875396435e+01 -5.4229967477934963e+01
    -4.9255373403868440e+01 -4.1494681281588939e+01
    -4.9654526382209262e+01 1.7777242830966767e+02
    8.7206105905572258e+01 5.4916820417288193e+01
    -1.0095586928191676e+02 -2.1585609701337514e+01
    7.9409366366866250e+00 -9.7806068573648830e+01
    7.5775039289498523e+01 2.6422121618288492e+00 2.0740471000259657e+01
    -8.2916510745152834e+01 -8.4731702221654331e+01
    3.4953231182698026e+01 -3.5336383025839886e+01
    6.6335503278389638e+01 -6.5449960908994399e+01
    -4.0080478213877690e+01 5.1009566141653750e+01
    1.1601716519856797e+01 -5.4932862402014830e+00
    7.1415726867261512e+01 -5.9015651204614386e+01
    -9.1550648081123754e+01 -1.2237456588118256e+02
    1.4423500721385761e+01 7.0499021260612054e+01
    -9.3512319684914900e+01 9.9262540510637535e+01
    6.0773300763206713e+01 4.5308136583729286e+01
    -6.1519965069161962e+01 4.1134826355143197e+01
    3.0921768325171747e+01 -2.9823177093410379e+01
    -1.6120639557039655e+02 4.3369928461587250e+01
    -2.7131419643795514e+01 -1.0966714737603758e+02
    1.3595172027247145e+02 9.0613674024487683e+00 6.3294427010708191e+01
    3.9903733316467104e+01 -1.6769929873134273e+00
    8.1745441979045822e+01 4.8059489800850990e+01 5.6739572338833689e+01
    -4.9062507126778172e+01 -7.1810099347466249e+01
    6.6091704483835315e+01 8.3027387877534423e+01
    -2.9201570547997257e+01 -8.1764934187844034e+01
    5.2767229736176766e+01 -1.4956371073152749e+02
    -7.5284466460964708e+01 -8.6006034012029460e+00
    -1.4777505107258375e+02 -2.6535597700743820e+00</data></s4_2>
</opencv_storage>
