<?xml version="1.0"?>
<opencv_storage>
<s4_3 type_id="opencv-matrix">
  <rows>200</rows>
  <cols>1</cols>
  <dt>d</dt>
  <data>
    1.0086535447315016e+02 -3.0453027476496425e+02
    -4.0381472090004587e+02 -1.3822158576292095e+03
    4.7016303778891671e+02 1.0024373061121640e+03
    -2.0688209505683062e+02 -6.8124373754557098e+02
    1.2304935833994404e+02 2.9628871929724944e+01
    -3.9828678997094613e+02 4.2189828308089852e+02
    -2.7554495320484642e+02 1.7709146373167388e+02
    1.6633502031865202e+01 -2.0564678239298470e+02
    1.5091337166928668e+02 -4.7637890300721477e+02
    1.6904679053772475e+02 4.1274363855892358e+02 3.8802874464618803e+01
    1.4314024139603902e+02 -1.7109603730519598e+02
    -1.3769996610074523e+02 -2.2422865251071511e+02
    6.3375810089925636e+01 -2.2665331755816766e+02
    1.6481342950042082e+02 1.9646377562214849e+02 1.7848902445411505e+02
    -1.3286242208911122e+02 3.3014772038546560e+01
    -6.4070347444800063e+01 5.3207753291026677e+01
    2.1186396872844568e+02 -1.2583745137391810e+02
    5.7510676717507621e+01 3.5420310215209916e+01 1.4582500010603499e+02
    -2.0082166606623397e+02 -2.2907784761986378e+00
    -1.8769973019496613e+00 -3.1791529732829233e+01
    2.1611152634284883e+02 3.3109226825758888e+01 9.7731693570412816e+01
    -1.1856477914690119e+02 2.4069700832542622e+02
    9.5445236021537994e+01 2.9685979424573038e+01
    -4.5343986049446720e+01 -3.9411736222013383e+02
    -3.3283786331911244e+02 -2.7448060938580915e+02
    1.6165500252456908e+02 -8.8429285538876584e+01
    1.6722790266159560e+01 -4.9480327543617250e+01
    -2.0614867712525791e+00 -1.0122099543171981e+00
    2.1539347586290784e+01 1.8134474692313560e+01 9.4375424752459068e+01
    1.4065834008259102e+02 -1.0225326738437685e+02
    -1.3120009012121125e+02 7.2792960700913753e+01
    9.1295180668120295e+01 -1.4288804111176956e+01
    1.6400894227250657e+02 -8.4280257512726791e+01
    9.8252157604523816e+01 5.5123323053073499e+01 4.9700033770867684e+01
    1.2283934681741387e+02 -9.5027008600089786e+01
    8.1323991575359130e+01 1.5060192525462168e+02
    -2.3967167402914693e+01 2.1277565306073207e+01
    -2.0620193599372857e+02 1.4441870512601886e+02
    3.9126145218870768e+01 3.3419987306965510e+01
    -9.3025659747936658e+00 5.5601297962985399e+01
    2.0211319095867371e+01 9.1853129961805166e+01 1.5659002564247910e+01
    -4.4456021172795637e+01 7.8925265584127075e+01
    -3.2231368018445757e+01 7.7915475758858690e+01
    8.7855011051127192e+01 1.0107365417937427e+02
    -1.3424645357923964e+02 6.2547685569689449e+01
    -3.2826031309264168e+00 1.8311134885205906e+01
    1.4053500956959875e+01 1.0067384331977092e+02
    -1.2548280494185693e+02 1.3277695663388002e+02
    -6.5693126946070102e+00 -1.2585773945606054e+02
    6.6385626530028318e+01 -1.7500112392231493e+01
    -4.5806629505348944e+01 -2.7492210612504042e+00
    7.8246819420216056e+00 -1.2965438095897918e+01
    -7.7307874066023274e+01 -7.7982911742226577e+01
    -3.0070044386117061e+01 3.1327424067983021e+01
    1.7224529790674001e+01 4.1718432321163668e+01 3.6511768888517651e+01
    9.1734028679885313e+01 -1.3282092262287746e+01
    -9.3234644631586448e+01 9.3312885409653049e+01
    2.5924235154700455e+01 1.4942160082042648e+02 3.4336815462357650e-01
    6.8043733161381866e+01 -5.2200248343205381e+01
    -1.4432144285632205e+02 7.6925913538785167e+01
    -1.6572541511177761e+01 -4.5940003614913969e+01
    -3.6162518568453073e+01 1.2108666677166235e+01
    -4.7670644530151812e+01 -4.8719754832329642e+01
    -8.8814245007127496e+01 -1.4128756004291745e+02
    6.8505225045331898e+01 4.6635833595885529e+01
    -2.4315042626361407e+01 -5.5619342174360398e+01
    -1.0271396924961864e+02 1.4123698047909974e+02
    5.9530291459857757e+01 3.2520901455824834e+01
    -8.6248456104374370e+01 -7.1954938572946332e+01
    3.4125379685590552e+01 -5.5150930594688042e+01
    4.1163492071380801e+01 -5.8415237289957886e+01
    9.7453249226617075e+01 -1.4322135725681238e+02
    -7.9262042968655535e+01 1.4452296803912278e+01
    1.0552892749211267e+01 -2.2588083253324676e+01
    -7.3152424485734997e+01 -3.7089882970654955e+01
    3.6607144979583907e+01 6.1258905085801082e+01 1.5698708533920293e+01
    7.6650385335090277e+01 -3.1001297185020572e+01
    -2.9165343094385815e+01 -1.2924437794877031e+02
    4.1034912055851692e+01 6.8707203285393419e+01
    -1.2931203863751874e+01 7.2029388491583916e+01
    4.5467400111656289e+01 3.4471396529962476e+01
    -7.2504426412261068e+01 1.9472278044488579e+01
    6.1528415807100792e+01 -3.7166849833926456e+01
    -1.7503014038641356e+02 3.6748636861902504e+01
    4.9780313522156652e+00 -1.5802209826518953e+02
    1.5496839438049889e+02 5.5506413610383412e+01 4.5175750448997704e+01
    5.5775096522179439e+01 5.7131569841820466e+00 7.0699798871712829e+01
    6.6530919872540579e+01 7.1084022778943478e+01
    -5.1832472177421465e+01 -4.9193367183386016e+01
    5.7782516867309511e+01 5.0266288079317803e+01
    -3.9269562368746456e+01 -9.1658239557115095e+01
    4.3979735171455786e+01 -1.6069374386294254e+02
    -5.7892223361799985e+01 -4.7368159281416080e+00
    -1.4668756576849822e+02 2.9508344326841378e+00</data></s4_3>
</opencv_storage>
