<?xml version="1.0"?>
<opencv_storage>
<s4_4 type_id="opencv-matrix">
  <rows>200</rows>
  <cols>1</cols>
  <dt>d</dt>
  <data>
    4.7808022731624504e+02 -9.2332365995519933e+02
    3.0667085525090715e+02 -1.0537426062077438e+03
    7.0006788297710591e+02 1.0760049764152068e+03 2.2635717911307111e+02
    -6.1250327350865803e+02 1.5544478797839898e+02
    -3.3444600669393208e+02 -2.9175407400572965e+02
    3.9647126677967907e+02 -2.7956950906080657e+01
    2.6407641440598724e+02 -3.1773060385575360e+02
    -3.1592974556213466e+02 3.3277543956142023e+02
    -2.3419401112138684e+02 8.2706989024871731e+01
    3.4231048415440927e+02 -9.8885402831410136e+00
    1.8683450874886361e+02 -5.0720219857729020e+01
    1.6947673341771227e+02 -1.0175956880259540e+02
    3.5501503171418555e+01 -2.1301374623113966e+02
    2.6969251442118582e+02 2.6400286419021747e+01 2.0620246152601311e+01
    -4.8021074099207155e+01 4.4304064871799490e+01
    3.8690948023139477e+01 1.0433233940747884e+02
    -2.7108859425353160e+01 -7.9603486999839845e+01
    -2.4274835585925153e+01 -1.0471132017456577e+02
    2.4535115743458445e+02 -2.4098989403912918e+02
    4.8590540833653989e+01 -1.4906743527990560e+01
    1.9291341598320908e+01 1.9720030128981975e+02
    -9.8552694932663584e+01 5.4582179711702466e+01
    6.3289500796174643e+01 -7.0685380020964345e+01
    -1.5303268925734602e+02 -1.7722934987798681e+01
    -2.2328359266246480e+01 1.7405087957755221e+01
    -1.7424507260866952e+02 -6.3252313778925483e+01
    1.1033789036358802e+02 -8.0353383656569726e+00
    -1.0679926243362175e+02 2.6136479154612921e+01
    4.6323427296522219e+01 -1.7902919314486348e+02
    3.7465914468146465e+01 3.3750138653712355e+01
    -1.1634050451528418e+02 5.8915733301023053e+01
    3.8789985753587644e+01 8.9467499133133401e+00
    -1.7346021989840782e+01 -1.4879422060755866e+02
    -9.9878044596385138e+01 9.5786055083650481e+01
    3.2219586873070433e+01 -1.2228400888326358e+02
    5.2302473689228371e+01 -1.1091342977995032e+01
    7.5497110800199366e+01 -6.6651429748318250e+01
    -4.7039381427656259e+01 5.0802983447331719e+01
    3.2363433131782259e+01 -5.0562088024555358e+01
    -1.4418730941484881e+02 1.1337110562691051e+02
    2.1045195042073445e+01 -5.7122298663344900e+01
    -7.0281008756258643e+01 4.2929864941235678e+01
    3.1977024694000612e+01 1.0672130984421288e+02 7.1436607008597377e+01
    -3.6168825680392303e+01 1.5808173097800967e+01
    -6.4470854095938330e+00 -5.4604682552404569e+00
    1.1335690942421633e+02 8.2636247565633312e+01
    -1.2632540175299258e+01 -4.2579656560555833e+01
    2.9420897586552307e+01 -4.7804273665267807e+01
    -1.1444590022878907e+02 2.5953048470878123e+01
    -7.5400586482465215e+00 3.9311172971372272e+00
    2.6628029604945429e+01 -7.9589523546873124e+01
    7.1177945378676839e+01 1.1922428045309577e+02 9.9213893359130179e-01
    5.6706035322099417e+01 5.3156195512775504e+01 2.0601114907770803e+01
    -4.7581669395016270e+01 -1.0536270176678018e+02
    -1.0857333804396532e+02 -1.0712716135364527e+01
    -1.6447215559534584e+01 3.5895672979956473e+01
    6.8250517485826052e+01 1.3871942531838144e+01 8.2336825310021422e-01
    -2.6080303470728051e+01 2.8867476794396545e+00
    7.6814333924212846e+01 1.9334092418026123e+02
    -8.4621399048608964e+01 -1.1510970551193493e+01
    -5.2816626047087931e+00 -5.1301067400442896e+01
    6.9831637358996332e+01 -3.2647733383965729e+01
    -3.0556202559695375e+01 1.2845546640777306e+02
    2.5444246869970488e+01 5.7569735802836540e+01
    -2.8338619367716102e+00 -5.6867031077153079e+01
    -1.3322254386676977e+02 9.6783003418759336e+01
    -8.0220215145671631e+01 -5.4070945510033745e+01
    -7.1149847377859402e+01 -1.0928032575660295e+02
    1.5732373848512725e+02 3.6154348492824262e+01 4.0906972652693128e+00
    2.9159162182821682e+01 3.4583544446873567e+01
    -4.0955499827645404e+01 2.3059951770140504e+01
    1.1750417661734460e+02 -4.8329104036446928e+01
    -5.8338945113075340e+00 -1.1931449722361805e+02
    -5.3662698104291756e+01 5.7195805490323608e+01
    5.8736664686681415e+01 8.7006574264592984e+01 3.6757627426150967e+00
    -5.1751260490261593e+01 -1.6821059151340265e+01
    -1.7327563047166045e+01 4.3107881515691233e+01
    -2.0569428435070884e+00 -1.3063704268375224e+02
    -2.9013290968137536e+01 -1.9142351125025104e+02
    3.4205111178141443e+01 1.7737354344968463e+02 7.2310633244618387e+01
    -2.0271309532521972e+01 -2.9785277880412327e+01
    -8.9682329071930376e+00 -1.0150139596992412e+02
    -2.4743496887468117e+00 4.8081295651864501e+01
    -8.1136876718194557e+01 -1.2279674065877998e+02
    1.2239386290528107e+02 8.4252625422666256e+01
    -1.4721871593671321e+02 2.1366411840480086e+02
    1.0055925574178086e+02 3.7573602746798592e+01 8.9348510879123097e+01
    9.5286111858221449e+00 7.7636324903597767e+01 6.4491395361073728e+01
    6.9118962352730776e+01 -6.5887895897540886e+01
    -4.8577526499029887e+01 6.8774608076725201e+01
    4.0257902551766655e+01 -4.7951853968010489e+01
    -9.1422064206359451e+01 5.2462110659357037e+01
    -1.4892131252718511e+02 -6.6502572004526868e+01
    -6.6798778977837747e+00 -1.4413664704508460e+02
    1.0629660667260406e+01</data></s4_4>
</opencv_storage>
