<?xml version="1.0"?>
<opencv_storage>
<s4_5 type_id="opencv-matrix">
  <rows>200</rows>
  <cols>1</cols>
  <dt>d</dt>
  <data>
    4.1320170835559111e+02 -9.4978225636453908e+02
    5.3132276077273150e+02 -8.6357590393980570e+02
    9.7229625849975662e+02 8.9025497413847233e+02 3.7947993334363099e+02
    -6.1765920542249319e+02 -8.0923595324053650e+01
    -1.4618492248972657e+02 -2.4123086543550744e+02
    1.2989743008997115e+02 -2.6238229729155495e+02
    4.2741396184926259e+02 -1.7142627257970918e+02
    -2.3757837880977360e+02 3.6086804200322888e+02
    -1.5878113530719176e+02 -6.5833979831549968e+01
    4.4721831585706411e+02 1.5951933739636763e+02 5.4529512922298899e+01
    2.8784031220874230e+01 4.0280142755162728e+02 3.7726824951707783e+01
    1.6350621503003671e+02 -1.7591312353750601e+02
    2.4152435774766758e+02 4.6867946133056734e+01
    -7.1190315121779236e+01 5.0527918518876433e+01
    -1.3402324368194994e+02 1.4816922208078914e+01
    2.3977414610102028e+02 6.1329771328533219e+01
    -9.1622544104156674e+01 1.5227888296527339e+00
    -1.0452136428052670e+02 1.3800391462606635e+02
    -6.5529915170301550e+01 7.7269093512271866e+01
    2.7259489953807805e+01 -7.8421573138416946e+01
    2.4298390846387923e+02 -8.8357586082818301e+01
    1.0950427793553135e+02 1.5794059877767634e+02
    -3.2526294052527199e+01 -1.6164473559518075e+02
    -2.2346194228232811e+01 -3.1837297575351034e+01
    -5.8376942824055185e+01 -1.7912474847758500e+02
    -4.7458601737858181e+01 5.5537451089121582e+01
    1.2194459603972594e+00 -1.3155552525979761e+02
    2.3185135809404251e+01 3.0145079236909790e+01
    -1.7420577753232294e+02 9.9157413939321515e+01
    6.2737335661887116e+01 -1.6272533455430755e+02
    1.7631149536633718e+01 1.0158322334555959e+02
    -7.1212217849825294e+01 -6.5590928634640477e+01
    -1.9820832145193594e+02 -1.1484377008916981e+02
    1.0043787554252447e+02 -5.1055110964045234e+00
    -1.2022185768156685e+02 6.4288454864831607e+01
    5.0888974552589389e+01 2.1479959479537177e+02
    -6.7626796604254437e+01 -1.4122590290815422e+01
    -2.7761085905906963e+01 2.8051675984861902e+01
    -2.8728054497195945e+01 -5.0990885584799202e+00
    8.4797977840844084e+01 -3.2861841598386647e+01
    -5.9449917837288822e+01 -3.9133301516824517e+01
    2.6228952818785107e+01 8.6911359065639999e+01 7.9885751689714070e+01
    4.3269819835086722e+01 1.1803461263062669e+01 1.1232204795276213e+02
    -9.4698377883262044e+00 1.1572740733136526e+02
    6.3180811105392117e+01 -1.3488359348438093e+00
    -6.5246464540749542e+01 6.5668984586661225e+01
    5.5294016638772803e+00 -1.1538620984228565e+02
    -4.5612402234694734e+01 4.4716146560723978e+01
    -1.2604038929568053e+02 -1.0782419464771186e+01
    -2.5750258474794139e+00 -8.8024942984826723e+01
    3.0408378118729694e+01 3.8309207241222296e+01
    -1.4551613507116308e+01 1.0174621583494687e+02
    5.2293720831176316e+01 -1.6712513875510020e+01
    -1.5770706920599525e+02 2.3628024528820994e+01
    -6.1494670978312229e+01 -1.6488619474711935e+01
    -2.3171757443020624e+01 -7.5667114445512560e+00
    5.9572031393591551e+01 1.2403215758080721e+02
    -6.8172056009188298e+00 -5.1784445731795984e+01
    3.9311639974816501e+01 5.8502785933648930e+01 6.3047115817824896e+01
    -1.1399220163043432e+02 3.7623151529736262e+01
    -1.1361302511206588e+02 -8.7672432143889111e+01
    -3.9838902369877225e+00 -2.1847455619628363e+01
    4.9484732673864642e+01 3.6538115706278219e+01 2.3597033276212091e+01
    7.6700033463154199e+01 -5.8599462208463265e+01
    -6.8597176630783352e+01 -3.3372768871149766e+01
    8.9270447025326021e+01 -6.0811165292301929e+01
    4.3784824371861703e+01 3.4548199023045740e+01
    -8.9842601630557624e+01 -1.9732668975436088e+01
    2.2493596775981487e+01 7.0545586123694406e+01
    -1.4212816907231490e+02 -2.3631371197344102e+01
    4.3555267058840450e+01 -1.8566056585876279e+01
    3.8284806744342049e+01 -9.5422905703081454e+01
    8.1916095950874546e+00 1.6545721197624765e+01 1.5483455064515448e+01
    -8.0288543486765207e+01 -3.0490886900340200e+01
    -1.6912063325621478e+01 -9.1926048554473240e+01
    -2.6024543058795274e+01 -2.5614802124612712e+01
    -1.4250041595699111e+01 2.1185972651988646e+01
    3.2326553641069147e+01 6.8710367860508924e+01
    -2.1224666487325525e+01 -9.5188420661995025e+01
    4.6891741465545394e+01 6.2471160314406760e+01 2.1138299538820579e+01
    6.6980431652824706e+01 8.0033713271809830e+01 4.0995857969503547e+01
    1.3011894318674582e+00 1.5193411882155941e+01 4.6296986987829385e+01
    -1.0749517998073757e+02 -1.8325774076375035e+02
    7.0279987388081224e+01 7.4393676208617364e+01
    -1.8608037332706550e+02 1.2534535331576318e+02
    8.3319353017089128e+01 5.8992466741255036e+01 7.9248207931580325e+01
    2.0283954169638609e+01 5.3178952623542166e+01 6.5941096052742854e+00
    6.7200112391547293e+01 -3.1144716582290737e+01
    -7.6284963843942847e+01 5.2810411333483614e+01
    5.6519052033926826e+01 -2.5007808199678141e+01
    -8.4558067853844406e+01 5.3261687890970414e+01
    -1.7351503820890773e+02 -5.9232111954361955e+01
    -9.4596350361926618e+00 -1.3525338725667351e+02
    1.3142827382862188e+00</data></s4_5>
</opencv_storage>
