<?xml version="1.0"?>
<opencv_storage>
<s5_1 type_id="opencv-matrix">
  <rows>200</rows>
  <cols>1</cols>
  <dt>d</dt>
  <data>
    -2.2524271645795142e+02 -1.2380383500166671e+02
    -1.5475206702343937e+03 -1.2093986459127216e+03
    -2.9468254449010576e+01 5.7115172118329717e+01
    -5.1833946151447797e+01 -3.4888410829148819e+02
    -2.3615099663489744e+01 4.2187946144429446e+01
    1.7842419015384249e+02 -1.2042928026514907e+02
    -6.5821903839007507e+02 2.0008015491644238e+02
    -6.4422171953771866e+01 -6.9531877246715180e+02
    2.6466650990951399e+02 -2.3518212431237677e+02
    -8.6974059460697760e+01 4.2491792322910987e+02
    -9.8343774623857556e+01 1.3309331527474581e+02
    1.3198842825956785e+02 -1.7721641964028871e+02
    2.7077335730784341e+02 -4.6871817128113612e+01
    -2.2434698981728997e+02 -2.0087776730568120e+01
    4.8451999006001650e+01 8.9170707820494954e+01 1.4027318438259334e+01
    -4.8674485053853381e+01 7.6143697352794405e+01
    2.0200437168298615e+02 -1.8949741799855339e+01
    -2.5130203304118645e+01 -8.4602280150304480e+01
    -1.3762093419630946e+02 1.0900559498951124e+02
    -1.3036683628874533e+02 -1.7755214616838390e+02
    -1.0523839322709780e+01 1.7764046700852245e+02
    1.4231409546072820e+02 -1.0704468818099768e+01
    2.7137835794962842e+02 -1.4499186011801939e+02
    -6.7315491688673347e+01 -1.6831278910790168e+01
    7.7293146195616941e+01 3.7539842301935522e+01
    -1.0478470031878320e+01 -1.3284878884218759e+02
    -1.2951324775417265e+02 1.0202521402692874e+02
    1.1248018879076284e+02 -1.0429621636855931e+02
    5.2278154947879592e+01 -7.4992362144055136e+01
    -9.9548663847647745e+01 1.1919208184717971e+02
    6.5093999849840500e+01 -6.7756396521964575e+01
    8.0579977160113629e+01 3.8749355957497052e+01
    -5.7110565991112907e+01 -6.0784574003025362e+00
    -6.9533739945832906e+01 -1.2786853800358493e+02
    1.2376976821514501e+02 -7.4400360481380901e+01
    -1.5359945826893818e+02 8.9551034831406156e+01
    2.5899437241034168e+01 1.8207459653041826e+02
    -1.6097364401701952e+02 -3.0201021646067030e+01
    6.1713758662335202e+01 1.4239658169097289e+01 5.5065518686487742e+01
    -3.7991848164457316e+01 9.2550831177836315e+01
    3.5361187608144213e+01 -3.8552069617168328e+01
    -2.6082736119507053e+00 -5.0055168769040101e+01
    -3.2916287404928667e+01 -2.4665118899351100e+01
    1.2508377036970944e+02 -7.1263727899249801e+01
    4.3383616586514018e-02 2.8461837991537674e+01
    -3.2240079176533371e+01 4.2142803677931049e+01
    1.0942580397331398e+01 -2.4873481358179358e+01
    -2.7382800266676934e+01 -4.7403226573934788e+01
    -4.6646303749196470e+01 -1.4024608940852758e+02
    1.7767344459022318e+01 -8.3820770333492206e+01
    2.3243391443106617e+01 1.5177378832576432e+01
    -6.3838351117446720e+01 7.8661151639356760e+01
    1.0142547847501067e+01 2.7837256416007417e+01
    -1.8912190774890671e+01 1.5530256414158583e+01
    6.4030384848476061e+01 -2.9428443686582121e+01
    -3.1710127222025307e+01 -8.5164272770067470e+01
    -2.2758650066518378e+01 4.7658096780695786e+01
    1.7458616378746470e+01 2.9598276272228929e+01 1.1179060657774478e+02
    -5.9281494019782484e+00 -5.2125893567355902e+01
    4.6912891469265098e+01 4.7236415847236131e+01 1.6068033335846866e+02
    -4.1912842426539548e+01 8.1129452639261615e+01
    -7.3582986126490994e+01 -1.0051677888135677e+02
    1.0202304410691349e+02 -7.1859464033303098e+01
    -1.2861065809907406e+00 9.4743383890870476e+01
    5.6437203124332662e+01 5.0620204825779460e+01 3.3110000451414527e+00
    -1.3849159205186942e+02 -6.3262123584916282e+01
    4.4669681346030494e+01 -1.4192446461331008e+01
    -8.3084105860934898e+01 -1.1467923085755827e+02
    -2.9231467840308184e+01 1.3758344363929430e+02
    6.1528550525796888e+01 1.7659074208215838e+01
    -4.6067558351102470e+01 -2.7874466425355626e-01
    1.3956987837561959e+01 -4.0456451239064002e+01
    7.3468372535503917e+01 -1.3211269120112838e+01
    -1.3865532060040195e+01 -7.5616370726944126e+01
    -6.0158194332518789e+01 3.1051087565533173e+01
    5.6355680120643534e+01 3.1712768891517907e+01
    -9.5280646218907762e+01 -1.0185919946546406e+01
    -9.9108363679468852e+00 -1.9103141691524797e+01
    4.2345400650878730e+01 5.0895775023898082e+01
    -5.1634437917148901e+00 -6.5562229953079012e+01
    -1.0375589912906601e+02 2.0719580222071460e+01
    1.0766904101052050e+02 -2.9838840245181832e+00
    -2.1794456704421560e+01 3.9153276321319666e+01
    1.6558987684446588e+01 2.5731122028033155e+01 2.6994968577175236e+01
    -8.4896145484059797e+00 -6.3140702845308098e+01
    -1.3510691406632324e+02 2.1242785748731698e+01
    -6.8115423444529213e+01 -2.4340685265512261e+02
    1.2924336676365070e+02 3.7061709920025365e+01 2.3798412366204357e+01
    8.8797398550123702e+01 -5.0290327254247863e+01
    7.8515349248343341e+01 -4.5273613130404023e+01
    2.0685865278689679e+01 -7.3395071327562505e+01
    -6.7557116496664250e+01 1.3911564098407021e+02
    6.1018076134927945e+01 -1.1533095130472766e+01
    -5.5921493052973858e+01 5.8079288929644015e+01
    -1.6768144384801607e+02 -7.3318187511072452e+01
    -3.6348890496192077e+00 -1.3410252526824956e+02
    1.1384974703153392e+00</data></s5_1>
</opencv_storage>
