<?xml version="1.0"?>
<opencv_storage>
<s5_2 type_id="opencv-matrix">
  <rows>200</rows>
  <cols>1</cols>
  <dt>d</dt>
  <data>
    -1.4985312289221093e+02 -2.7756790104615010e+02
    -1.2816775817727200e+03 -1.2280753420398835e+03
    2.8035580184873635e+02 2.6367673006538263e+02 3.9443377253869039e+02
    -8.9124653671002605e+01 3.2468490209200081e+02
    -6.0747794730291423e+02 -1.5475026438259935e+01
    2.0992550926434518e+02 -1.8699550442516943e+02
    5.0330629029326104e+01 7.2221807099106968e+01
    -7.0097491548845016e+02 2.5927506680235763e+02
    6.1404750680726067e+01 1.1505093553317831e+01 4.1214574754123907e+02
    -5.7010808668992034e+01 2.1073400518843658e+02
    3.3873848983506991e+02 1.0286326303785489e+02 1.0837485504457732e+02
    -2.6545916394434113e+02 -4.8773739041677277e+02
    -1.5046745877244592e+02 1.9513141294438799e+02
    3.0312767607197298e+01 -9.7157269617823388e+01
    -1.0978625485884719e+02 9.5390589684462157e+01
    2.7719171300362422e+02 2.2277373409122734e+02 6.1744191790199041e+00
    3.8084255962122818e+01 1.2403230268865072e+02 1.5866449689344935e+02
    1.0972006492042928e+02 2.0166385241749268e+02
    -2.2315808067739985e+02 -2.3455328683706316e+01
    9.9214633251617158e+01 1.0401910154554972e+01
    -3.8438565434574535e+01 8.9782451170048844e+01
    -4.9579806863473152e+01 -6.3352190797780594e+01
    -6.5360179983963826e+00 9.3053087039038545e+00
    -2.2206560628668757e+02 -6.1720564886752221e+01
    8.4013549256842008e+00 4.1713489655287638e+01 6.4628198298142095e+01
    -5.1998997573825889e+01 1.4371398725571993e+02
    7.2251805478397401e+01 -1.0741659520675458e+02
    1.3582789218612723e+02 6.6403595782707798e+00 1.1185259857998860e+01
    3.0017870157572184e+00 5.1824938924156090e+00
    -1.5050763057719976e+01 8.7299065300157750e+01
    -1.7921110384304106e+00 -1.3426734051930919e+02
    1.0857311295020558e+02 -8.4714855554734015e+01
    -1.0764316662624709e+02 1.1142264462241055e+01
    -2.4435636748537646e+00 1.3774196879973010e+02
    4.8935048930512561e+00 -4.8172537356593450e+00
    1.5097760463582188e+02 -9.8129169483174294e+01
    1.2327436158877110e+02 -1.6765365569157686e+02
    5.9231280725761948e-05 -5.8612848529604420e+01
    -6.1193271921325568e+01 -8.8764122785869972e+01
    8.5736830681123180e+01 1.4544998924520092e+02 1.6156186045628678e+02
    9.6531565664126191e+01 1.0043442930450769e+02 3.6084949059605229e+01
    9.2305603903196612e+01 1.2240693419819030e+02 6.2521058603026695e+01
    2.5592025918566690e+00 6.1375071492898321e+01 1.1331372341532108e+02
    -6.9444585995403145e+01 -6.9134016380774497e+01
    -4.8723642357327954e+01 8.5951433211547922e+01
    -7.0523430440899702e+01 -4.4086062587530115e+01
    1.1480867428311394e+02 -7.0526126407461447e+01
    -9.3269878056253575e+00 -2.2356080722424586e+01
    -5.3639646258796541e+00 6.9531768901823028e+01
    4.0539971538843517e+01 3.4014823874738646e+01
    -1.0513061347678936e+02 -1.0119992564174686e+02
    1.6739424718145528e+01 -4.7514322306970653e+00
    -6.0582460176215712e+01 -8.1023202135129111e+01
    9.2856861120820398e+01 3.6074638642554220e+01
    -3.3071997110342179e+00 -6.7252036879429697e+00
    2.0067247741407087e+02 5.6821179949428675e+01 8.5530079527348477e+01
    -8.5655885952973208e+01 7.7105139595507723e+01
    -5.2145646455701439e+01 -3.5750824552335652e+00
    1.1137626416428168e+02 -5.5163102255147351e+01
    2.5698786003153927e+01 1.0583051605126482e+01 1.0985959193219873e+02
    6.5354193205471233e+01 1.1981809831492381e+01
    -6.5903765150382654e+01 -1.7601772279557321e+02
    -2.8937730253078609e+01 -8.4325295270062952e+01
    3.7439176297651954e+01 -1.1610048759297090e+01
    -5.4477840653353367e+00 1.2726103006690263e+02
    6.6972781973345135e+01 9.2375545833486669e+01
    -5.2567991430922739e+01 -2.2887622168271751e+01
    2.8048847161174539e+01 -6.5257924441926235e+01
    1.2785912814881517e+02 -7.5988145417246877e-01
    -4.4894535269529456e+01 -1.0942826867461751e+02
    -9.1639324183205233e+01 7.5894981200541437e+01
    2.3368288192670967e+01 8.9002558546851930e+01
    -5.4492515546182560e+01 -6.3784663754898482e+01
    2.8833406719410931e+01 2.7628208946892311e+01
    -1.9657492137567317e+01 5.7154327046975837e+00
    -7.1937802501533412e+01 -5.7881852477701855e+01
    -1.0845598639370910e+02 6.5629323578163905e+01
    7.9501769338912482e+01 -3.5741462021723684e+01
    1.2378601789160721e+01 6.7591576967012401e+01 2.7021994990746467e+01
    -2.1052991973551372e+01 4.8280537741532605e+01
    9.9334106520798102e+01 -8.0031156889070417e+01
    -1.5901325134436649e+02 3.7560069352817031e+01
    5.0231374369415555e+01 -1.3662887380208272e+02
    1.5470365074474961e+02 4.8820765854624732e+01 4.9908527507226019e+01
    3.9587304331665280e+01 -1.0293229453295625e+01
    5.5345847528625107e+01 3.4116114947521517e+01 9.0291288551512380e+01
    -3.6970864690380544e+01 -7.1992949984595370e+01
    6.3133452686445537e+01 7.2047853481847454e+01
    -2.0631656856733109e+01 -7.5875298666636240e+01
    5.9651204434700198e+01 -1.6267447308858229e+02
    -7.2852152870291377e+01 -1.0773582908026841e+01
    -1.4238267584606876e+02 7.2750636299091811e+00</data></s5_2>
</opencv_storage>
