<?xml version="1.0"?>
<opencv_storage>
<s5_3 type_id="opencv-matrix">
  <rows>200</rows>
  <cols>1</cols>
  <dt>d</dt>
  <data>
    1.0420236809997077e+02 -4.6747360664586313e+02
    -1.1283190150191642e+03 -1.1585369805241678e+03
    3.2619708785966327e+02 1.2964616757839144e+02 5.3113307191151569e+02
    -1.9540135088431308e+02 2.2605573564765672e+02
    -5.6975723925428224e+02 4.7400929821238996e+01
    -6.5026219232276688e+01 -1.7430634248972675e+02
    1.7128655753588174e+02 2.3549859251149280e+02
    -7.8709945274066570e+02 5.7480097275865923e+01
    1.0307810413270778e+02 1.7973910919302900e+00 5.5447529324548395e+02
    -7.1525728784411726e+01 9.8323065881479632e+00
    3.7117450510242276e+02 1.2499546887010700e+02
    -1.1337960592590424e+02 -2.6274147631013079e+02
    -4.5799827969710657e+02 -2.8577030939457728e+01
    5.2618226924467805e+01 1.9949523875215604e+02
    -3.2307204956741082e+01 -6.3636529866476266e+01
    1.7885931225320380e+02 1.4052679178280076e+02 2.3423128357870178e+02
    -1.3256948923952254e+02 2.2408352983207035e+01
    2.7208800529128212e+02 -7.2234089190717068e+00
    -4.6423917803777748e+00 2.1816948503337247e+02
    -2.3663547923926157e+02 5.4967442958893365e+01
    -1.0045400628285918e+02 -8.8726289383621207e+01
    -1.6425690920567001e+02 1.9946463477734289e+02
    -4.5581022545434379e+01 -7.5722168431632852e+01
    6.4116170643239826e+01 -7.4266880120299831e+01
    -1.2685781792051307e+02 -2.4933498493926427e+02
    -1.3131814676143586e+01 2.2180160374686807e+02
    2.2501540864327563e+01 -1.2016394869681491e+02
    1.5466184606842448e+01 4.9454912329290870e+01 3.7334730160429729e+01
    6.6019323127559602e+01 5.8580705716380010e+01
    -2.5581015015824871e+01 1.1720716568687898e+02
    -9.0305297959160782e+01 -3.8675373574105279e+01
    6.9103417524692912e+00 -2.2557760633770577e+01
    -1.5179742935341466e+02 1.5433497919446151e+02
    -1.0941707805401001e+02 -2.3730950245137217e+02
    -1.4389175408141995e+02 4.9101378881159548e+01
    3.1853331202645496e+01 3.2876729265674975e+01
    -5.4611266377846214e+01 1.4967630877719304e+02
    6.0265032810014269e+01 5.8563260328300089e+01
    -1.6921524992119512e+02 4.0096555394916059e+01
    -2.4303119072760438e+01 -2.6800644319114322e+00
    1.3467889188496864e+02 -1.0453101448489276e+02
    1.5127196487908245e+02 1.6259780721815766e+01
    -3.3891842152670229e+01 -8.4610167823287938e+01
    6.1774193259318100e+00 4.9547904047949991e+01 3.5379806912919001e+01
    -1.5728649613228001e+01 1.6450387251964867e+02
    5.7552515296114017e+01 -3.7006335662991717e+01
    -1.0160527657055222e+02 -6.2064696609639547e+01
    -1.0073811276239708e+02 3.8288766110172574e+01
    2.3972094021093717e+01 2.7140560430805401e+01 1.7583494583927006e+01
    -6.1666892856867875e+01 1.7433812487309424e+02
    1.1354372472318082e+02 -2.0620848897689260e+01
    1.2172635684464680e+01 6.6327541647259636e+01 1.0868102693532074e+02
    -1.7917775345808565e+02 -8.8751094754025388e+00
    -2.0030242173735863e+02 -2.4240814048537054e+01
    -8.4538777141721120e+00 1.0837093393511439e+02
    4.2309610440724441e+00 6.3749945001087468e+01
    -2.1596840987109072e+01 -4.7352782089016728e+01
    -5.3552013732946811e+01 8.6815301052949092e+00
    1.4016886178740998e+02 1.7269059004142740e+01
    -5.6104467779017533e+01 -5.4175331178104244e+01
    -3.1166690182325993e+01 2.0578699433490367e+01
    -1.1857282445679143e+01 1.2972952693188217e+01
    7.0990437827548178e+01 3.6126802150928285e+01 7.2943289509178001e+01
    -6.9196224563299808e+01 -9.9895617705727005e+01
    -1.4618391930099904e+02 1.0140915753287773e+02
    2.3545712843673162e+01 -1.1739105929439930e+01
    -1.2363476063181338e+02 -1.1339052161748712e+02
    9.6612443455956438e+01 -1.0924456670074719e+01
    8.3685210719131975e-01 -7.0747126686822625e+01
    -2.9370139084885523e+01 1.4778671361561326e+01
    -3.4665592846901454e+01 3.8916774510700350e+01
    -6.2315917450840274e+01 6.1613785683724089e+01
    -6.6989875330855170e+01 -2.6326556721026691e+01
    -3.9306680777751964e+01 -1.3544381044795084e+00
    5.0716252212777654e+01 -5.1107874664641891e+01
    -2.3955617962880407e+01 -1.1173232907813013e-01
    -2.4427541870459365e+01 5.1535517220903941e+01
    2.2362664051656392e+01 -1.8919205968684508e+01
    -6.2639773485043207e+01 -1.7197743805955869e+02
    2.5854178742585550e+01 7.9791662200528975e+01
    -2.1126090206794906e+01 8.4126191519386012e+01
    8.8754267036664018e+01 1.1542209093562352e+01
    -4.3909460342254327e+01 2.0753030252983642e+01
    5.1725199598348826e-01 -6.5913977146621477e+01
    -1.8064283752615731e+02 8.2412405554414235e+01
    -8.5441653160022693e+00 -1.3876387147305624e+02
    1.2781621654375859e+02 4.5383000713055793e+01 6.2270576770959302e+01
    6.2871302599537103e+01 1.9057525168018937e+01 7.0472695352267252e+01
    5.3139173599115423e+01 7.3607436546848149e+01
    -2.2505562489745291e+01 -7.5756469752144611e+01
    6.6841101042138718e+01 4.8816470089375450e+01
    -3.5586930183266766e+01 -9.5543643999605379e+01
    4.6811286892731545e+01 -1.5250453448834381e+02
    -6.6524213617223367e+01 -3.0140232403886249e+00
    -1.4282325774345537e+02 6.7868364271698967e-01</data></s5_3>
</opencv_storage>
