<?xml version="1.0"?>
<opencv_storage>
<s5_4 type_id="opencv-matrix">
  <rows>200</rows>
  <cols>1</cols>
  <dt>d</dt>
  <data>
    -2.6649778104321030e+02 -9.8695180395622273e+01
    -1.5313932401774296e+03 -1.1363762392846795e+03
    -2.6095499944965447e+01 1.0096472082355130e+02
    -1.7075545767435628e+01 -3.8785873014742776e+02
    -1.3453864976367794e+02 -8.8319108409742427e+01
    2.6397889041545744e+02 -1.5529529074927416e+02
    -6.6809856095239297e+02 2.4211509485638140e+02
    -4.6646126918460588e+01 -6.7609050844566980e+02
    2.3735252761535105e+02 -2.0027447841673703e+02
    -1.4041462984053589e+02 4.0474035669685344e+02
    -1.4515522456902613e+02 1.1277462611063810e+02
    1.2568142531448954e+02 -2.3472355016893201e+02
    3.5459915357097179e+02 -1.0785952087008599e+01
    -1.9818271317056653e+02 -1.9701394098543755e+01
    3.0404534629111673e+01 9.9908207945227232e+01
    -3.4316969228489668e+01 -4.1683421627952221e+01
    -4.8490698113866088e+01 1.6122293236488818e+02
    -1.0238634891975157e+02 -3.7937040661058909e+01
    -7.8105364135721715e+01 -1.4162100861743926e+02
    2.1482878189850987e+02 -1.2868171303210244e+02
    -2.0393357027880032e+02 1.1594107617340744e+02
    1.7348442132404338e+02 9.0243669392525248e+01
    -9.4598766271811925e+01 3.0595996575762706e+02
    -9.9522457969439500e+01 3.5764887420732904e+01
    -1.3016802035590260e+02 4.5179289296947992e+01
    1.3584794160278369e+02 4.6220496928819806e+01
    -8.1529814656069135e+01 -6.4603027140530642e+01
    1.3720297853944132e+02 4.3611377937285113e+01
    -1.4146268248107199e+02 -3.9806770017471258e+01
    -2.9273863985894742e+01 -4.1604107061651469e+01
    1.3800153236975447e+02 3.9424076332264342e+01
    -2.2218464332473836e+01 2.2797567991020109e+01
    1.0416830557704070e+02 -8.0971383315978173e+01
    -1.3237139217570760e+02 -7.6344325873538310e+01
    -1.0557232330344375e+02 1.0549801812135159e+02
    -9.0432878130172057e+01 -6.1949933739821134e+01
    9.1716735619313113e+01 4.5798417361853652e+01 7.6626513949033878e+01
    -1.7073729232843766e+02 3.4846865919166177e+01
    3.5216226328280868e+01 6.0657285770843972e-01 3.6030025117876818e+01
    -7.5418085373761670e+01 8.2573662756108718e+01
    8.8099776828799136e+01 -3.4489419220678357e+01
    5.9417538671021628e+00 -2.1446678557764560e+01
    4.5476303122241944e+01 -5.5090221432162842e+01
    1.2806338026123740e+02 -1.5764966815511278e+02
    6.8443527792125636e+01 7.0110266333433859e+00 8.6040746369664944e+01
    9.0875717800432710e+01 -1.2318653717739555e+02
    -3.6964364863434291e+01 -1.6470613402943306e+00
    -7.2952490009641224e+01 -5.7896270199746340e+01
    -1.7367176674327072e+02 -6.1314354959019099e+01
    -6.9757871915613549e+01 4.9982926185780050e+00
    7.3367670306004285e+01 -4.0148231641114371e+01
    7.5728129780960813e+01 3.3300600736696964e+01
    -6.6852097721516841e+01 4.7424336900858478e+01
    2.0595191538432193e+01 1.3784968980742596e+01
    -1.7011223691767277e+00 -6.1159221204747197e+01
    -7.1667386435878470e+01 8.6283862055343707e+00
    4.1809213173960105e+00 6.2831204125588114e+00 3.4391463612383970e+00
    6.5526044201737889e+01 -1.8393794398956167e+01
    -5.4825935011571801e+01 5.5334186693852836e+01
    -1.0170793788710307e+01 1.5577776401723352e+02
    -4.1795459734047036e+01 2.4461377733519388e+01
    -1.2442289071060112e+02 6.9935235622742553e-01
    9.1233816922227405e+01 -6.9588917116150768e+01
    1.3609047400561225e+01 -1.4351121772439116e+01
    5.7918271720963496e+01 1.4400589928066640e+02 1.1337247571084417e+01
    -6.1225352423088211e+01 -3.3760588621602380e+01
    7.4497531221622125e+01 2.0898489152402085e+01 3.0293762875802798e+01
    -7.7919442623759920e+01 -6.3863752749866258e+01
    7.6507140179387292e+01 7.7581155699164214e+01 4.0663353188869671e+01
    -2.3949205695449738e+01 -4.2303994012631279e+01
    -3.1918555038150664e-01 -6.6088813187990041e+01
    6.1145143142102000e+01 -5.6327306408222469e+01
    5.5297037156627539e+01 -3.1337462485257884e+01
    -3.9676016971140513e+01 -4.9121976403538518e+01
    9.4780052225059599e+00 3.6129710359791972e+01
    -9.1491305161573955e+00 -6.8827569620311536e+01
    -2.8073115919769130e+01 1.4166157430881634e+01
    1.1184602280766427e+00 1.6237721821130172e+01
    -7.1886113181006763e+01 -7.0581833948327670e+01
    -1.9555295231619073e+02 4.4514222518291945e+01
    7.9965067226617904e+01 -6.8741585141711795e+01
    1.0464412430916308e+02 2.7834924212457892e+01 2.4346990818179464e+01
    -1.1913489400581125e+02 5.2706537909063620e+01
    1.0357757994828705e+02 -6.2411420984181895e+01
    -1.7617102546775277e+02 4.6131523697441629e+01
    4.9686707891912455e+01 -5.3340359490975182e+01
    1.4749130054822371e+02 5.8978511861195827e+01 6.7622683591381815e+01
    3.0987248132592502e+01 1.2202703579419179e+01 5.9557182210417658e+01
    9.5217554443704245e+01 1.1703528802134176e+02
    -9.6472866556596930e+00 -8.3095263218955452e+01
    1.6017612221849024e+01 4.8508420861094855e+01
    -4.4509120348640423e+01 -1.0260084219923124e+02
    4.3183351377826462e+01 -1.4846159436679486e+02
    -6.4274061371400009e+01 -1.0543556040197505e+01
    -1.4314978223885467e+02 -4.0995756104071575e+00</data></s5_4>
</opencv_storage>
