<?xml version="1.0"?>
<opencv_storage>
<s5_5 type_id="opencv-matrix">
  <rows>200</rows>
  <cols>1</cols>
  <dt>d</dt>
  <data>
    2.3108757188719659e+02 -8.8824552217594430e+02
    -5.3294230833636436e+02 -1.1634616526698990e+03
    -3.6013715456666425e+01 8.8040559478256213e+01
    -1.3195977874177939e+02 -8.2600528027145697e+02
    2.0396543467697194e+02 2.7670009464289177e+02
    -6.8167109527212205e+01 -1.2796724510285084e+02
    -7.3617815460748136e+02 2.7751461266585579e+02
    -1.0508835560137871e+02 -5.6629763083138778e+02
    2.7128476092047362e+02 -1.3645789633459390e+02
    -2.1811742159174210e+02 4.3161577361096130e+02
    2.1962231892693612e+01 9.8143424021352985e+01 2.0923513453549728e+02
    -1.2721814154422960e+02 2.1882293179634638e+02
    6.2648667448061545e+01 -4.4126465667148813e+02
    -1.6435882828743910e+01 -4.1768820339351276e+00
    5.6123534907376353e+01 8.6841500775901636e+01 1.5682028035201398e+02
    -1.1160355367155759e+02 3.4992015646405190e+02
    1.6609563643168741e+02 -8.6878815078107806e+01
    -5.1387019705330673e+01 -1.5299267903584266e+02
    1.5023214584137131e+02 -1.8132462840069692e+02
    -2.3179570302698747e+02 1.1681877055891280e+02
    2.7158015282951618e+02 2.1038935475030550e+02
    -2.8433552016906827e+01 2.6853850325907513e+02
    2.1340800654311177e+01 2.1579766920082630e+01 1.4363337010850358e+01
    4.2725988013958371e+01 -5.9432585597809755e+01
    2.7498520579739655e+01 -6.9656515271704933e+01
    -2.1097755154761688e+02 7.9364177958516478e+01
    2.2642552188595193e+01 -2.9039389474766273e+02
    -9.9483510437601922e+01 -8.7210840451396166e+01
    -6.0886014375017240e+01 -6.4589538445563960e+01
    8.6128843018272043e+00 -8.9791927716504972e+01
    1.1237149520803185e+02 5.8271398098229970e+00
    -7.5842547364377609e+01 -8.0675472153740074e+01
    2.9447396293015931e+01 -6.2452788977690702e+01
    2.1907049250362681e+02 1.6061892277390999e+01
    -1.0626096544301944e+02 -2.3100271848910734e+00
    3.3876857744783017e+01 2.8380478026619744e+02
    -2.1586763770054907e+02 -2.8625113827107224e+01
    1.7045845583320676e+02 -1.2748101030231457e+02
    -5.3167330750530205e+01 -4.8321101797931853e+01
    1.2010409235653417e+02 -2.6687261913684353e+01
    -9.6804171769874188e+01 -4.6680032491151158e+00
    1.4612003255817724e+01 1.7650238453826421e+02
    -5.1999258004852514e+01 -2.7645010185902965e+01
    -2.7017252641039835e+01 1.2846699828903382e+01
    -1.0091785384362007e+02 -1.6440606048065607e+01
    -5.9970775359610656e+01 2.0541824615266694e+02
    -2.6991994788592006e+01 1.4349404904878227e+02
    3.4660662067399990e+01 -9.8740029234078861e+01
    -9.3128527558072406e+01 1.4594764338577821e+02
    -8.7388664812437167e+00 -1.7359505709353249e+02
    2.2463804198860299e+01 -1.1201196030122925e+02
    1.6295872961876174e+02 7.6100764235676152e+01
    -2.3684523793662045e+01 1.6447826681548102e+02
    -2.6337012187888746e+01 1.1329215542484411e+02
    -1.5282849494114052e+02 7.9297786892002726e+00
    -4.2969319615125904e+01 -5.0750631172172113e+01
    -6.8345679012622412e+01 7.9202168039322032e+01
    1.0977998490581953e+02 8.1293261451560042e+01 1.3712821280236387e+01
    7.1262543272917739e+01 5.5721388082650392e+01 4.2013139249077497e+01
    1.2361918587404172e+02 2.1275495543486178e+00
    -5.8796362785925294e-01 -1.7603680993408378e+01
    -1.4692033984925902e+02 2.8189329568777669e+01
    -8.1120136361005080e-01 -8.6930459676574330e+01
    2.7727503758540909e+01 9.8117576160594325e+01 3.2575621062954085e+01
    -8.0261491798613918e+01 -1.1575258454045725e+01
    -1.8840922158907230e+02 -2.3420148924772278e+01
    -1.5176144194152883e+02 -1.1185807720066290e+01
    -5.9332467640708657e+01 -7.4135950152129993e+01
    1.2894950562042098e+02 -6.4596119682114077e+00
    2.0960343284598146e+01 -1.2224900753829289e+02
    -1.6839814974948965e+01 -5.5031466208265174e+00
    -7.2232550455276865e+01 7.2348779409418242e+01
    -2.9478917033890955e+01 1.5458150500032943e+01
    -1.2686489200988295e+02 -3.8370118000527533e+01
    3.7023927510132445e+01 -1.8452823547198694e+01
    4.8396513073442577e+01 -1.9116372603451882e+01
    -4.3342277407739125e+01 1.7745156686424234e+01
    -1.2673428925849175e+01 3.9869837122554834e+01
    3.7172883333608944e+01 -3.6937920996130998e+01
    -4.3693691947196776e+01 -1.2643122856725603e+02
    6.2681370025811269e+01 1.1468640558717163e+02
    -4.1182818606972404e+01 4.9855532962285764e+01
    5.6985225078969201e+01 4.9496780487467667e+01
    -1.4964912572769599e+01 9.9183674072610781e+00
    4.6328915977217584e+01 -8.3376495248267716e+01
    -1.7225139518780094e+02 6.1873856318104885e+01
    4.4184685423770325e+01 -1.3191423708207202e+02
    1.6936980051747173e+02 4.4987891578834876e+01 6.9428838650375766e+01
    3.8795523184872174e+01 1.0512791769309324e+01 8.1222154651529735e+01
    7.0165158265138132e+01 8.7131369806785486e+01
    -3.1279990493275452e+01 -6.9646649305163521e+01
    5.2655633731685128e+01 6.3944699559022979e+01
    -3.6653535018221930e+01 -8.9253130828901973e+01
    5.1743082688866359e+01 -1.5759460123682081e+02
    -7.0269056876185886e+01 -4.6274642063976339e+00
    -1.3983278567790165e+02 2.2885474313189609e+00</data></s5_5>
</opencv_storage>
