<?xml version="1.0"?>
<opencv_storage>
<s6_1 type_id="opencv-matrix">
  <rows>200</rows>
  <cols>1</cols>
  <dt>d</dt>
  <data>
    1.7289639648222776e+03 1.2476396604819561e+02
    -4.0817743000325942e+02 -4.4444106602001654e+02
    -1.8363259620042828e+02 1.6399873924232685e+02
    8.2113341813099214e+02 -3.1304384498217939e+02
    -8.0751709067145910e+01 -3.3763658541644531e+02
    -7.0826265968911116e+01 1.8832654653822880e+02
    -3.0915933377827866e+02 -8.2374181753425191e+00
    3.3016878104584754e+02 -4.4227049493792197e+02
    2.3721077281959589e+02 -1.7566503662081385e+02
    5.2487850721368670e+00 2.6084446109721193e+02 4.0147915684867321e+01
    4.4783274351707183e+02 3.3599803222709886e+02 3.2517230990140177e+02
    -2.0435235078937157e+02 6.2951652927163245e+01
    -3.2290746404653584e+02 8.2267130665502677e+01
    -1.0689260807166660e+02 2.3482209803646697e+01
    -9.6198125981744525e+01 -5.6672072649940120e+01
    -3.6584623990413995e+01 -9.0096636361865237e+01
    -6.0351050866574944e+01 2.2916281654778100e+01
    8.9471313078582938e+01 3.4347806711030664e+01
    -1.5437679296563857e+01 8.0709152226409330e+01
    7.0866451884565308e+01 1.0146472767681428e+02 5.6411575302712258e+01
    -4.0410889957421343e+00 -8.9807307581004920e+01
    2.2581100736807684e+02 -5.5274344020141001e+01
    8.2146308309369786e+01 -3.9807681407319620e+01
    6.4260138799585334e+01 -1.5369977097673305e+02
    -3.5050468475863106e+01 -2.2172943884166580e+02
    -2.0127008170164592e+02 1.4864349285335865e+02
    -1.7283328627563139e+02 -3.2115732976721418e+01
    -1.1577501659326710e+01 -1.8100284679095800e+01
    -3.3724119126542845e+01 1.2237263423056179e+02
    -2.0482657515996127e+01 1.0972854652169747e+02
    5.2765002363560114e+01 1.0903715745326240e+02
    -2.2839421167672878e+01 -7.9775549560968102e+01
    -1.1145828115779098e+02 -1.6807284313796939e+02
    1.7281861612479744e+02 1.2249384533698102e+02
    -5.6782521922479553e+01 1.0443981202861116e+02
    1.1526179207462218e+02 5.4960272579451001e+01
    -3.0048982330826327e+01 -8.4344774957761381e-01
    1.1969660026239151e+02 -1.7994445523385686e+01
    -7.3240445660822232e+01 -9.8360853300035089e+01
    1.8622734677398128e+02 1.1766846542522400e+02
    -6.5833852152938377e+01 7.0304935087949488e+01
    -3.5297191761458726e+00 4.6798756287578883e+01
    8.4911072653488806e-01 1.6909219512689187e+01
    -1.0842044949321374e+02 -1.5508868831559699e+01
    -6.7790555965565300e+00 4.2292734846631106e+01
    3.1556374641294997e+01 7.4074233016068078e+01
    -4.0081048762908964e+01 7.6407991073298849e+00
    1.1892660436447821e+01 -1.1272629851068546e+01
    -1.0490772020369972e+02 -4.7244525335893485e+01
    -6.9047498208274831e+01 6.1645575023165646e+00
    1.9345208876424326e+02 -6.0356970043688847e+01
    1.0153297886947831e+02 7.0004295599730895e+01 7.8170565767839335e+01
    9.3504387861242307e+01 8.8575346725466147e+01 8.6984215492206602e+01
    -1.1317594820109761e+02 -5.4178922649553293e+01
    -9.7054738014207686e+01 9.1143727996728430e-02
    -6.7240416595617674e+01 8.4779787431656004e+01
    1.0110610084959205e+02 2.8731369550552902e+01
    -7.9383917948691547e+01 -5.6533356583411056e+01
    1.0489618083839544e+02 4.9620683698859999e+01 1.6423392744294688e+02
    -2.2231069945932727e+01 6.9111334836594174e-01
    -8.0665914703892305e+00 -1.1886894163777646e+02
    5.2890952122414781e+01 -8.4019987424932495e+01
    1.6137747579332537e+01 5.3178761676793279e+01 5.5454074556523615e+01
    2.5524348894270695e+01 -6.6296806041778256e+00
    -4.0638769998141917e+01 -6.2783577713980762e+01
    3.5627290605493741e+01 -5.2277846423164107e+01
    4.6697609146610020e+01 -7.8360277242512765e+01
    -3.5605650724211259e+01 1.4505292486400171e+02
    4.4800482693021614e+01 -2.3423221542951410e+01
    -7.0861956638087818e+01 -6.3551035451688513e+01
    -2.8491608564707139e+01 2.3348240096929398e+01
    6.9834362864954670e+01 -2.2385038425627449e+01
    -2.3970296786995842e+01 -1.7706904642070299e+01
    -5.1871267522395350e+01 7.8612113987785762e+01
    -2.3081716191674868e+01 2.0733423516854174e+01
    -8.0084210011406654e+01 -3.7748355936934757e+01
    4.2734361654592107e+01 2.0825824359781755e+01 8.2766964191222229e+01
    6.8306215225671210e+01 3.8329555590959075e+01
    -5.4288729318924723e+01 -1.6459251406133819e+02
    6.8013139032129629e+01 1.1430772218916694e+02
    -6.1315777800114731e+01 1.8897344485615292e+01
    -2.8648769011343674e+01 6.6901440779151187e+01
    1.3688940751529165e+01 9.6784690384486382e+01 1.2936054346101838e+02
    -6.2166088723272765e+01 -1.8742738862433063e+02
    8.9201327260531500e+01 7.0745983077574095e+01
    -1.8789280114172925e+02 1.1580827991001107e+02
    4.1679227359646859e+01 1.0812136776755445e+02 3.4563741784873180e+01
    -3.8585176242713821e+01 2.5502384813462463e+01
    8.6409285306612247e+01 4.1465819819668425e+01
    -5.4150626347689702e+01 -7.0638713892550513e+01
    7.3148567535622774e+01 6.6816111991627153e+01
    -4.2349087263492862e+01 -7.0033985921053940e+01
    5.8910553498516222e+01 -1.6571594820853588e+02
    -6.2485855070510212e+01 -7.2078627362405143e+00
    -1.4201219202712539e+02 2.5436071295237372e+00</data></s6_1>
</opencv_storage>
