<?xml version="1.0"?>
<opencv_storage>
<s6_2 type_id="opencv-matrix">
  <rows>200</rows>
  <cols>1</cols>
  <dt>d</dt>
  <data>
    1.7120554853480214e+03 2.0901376749965257e+02
    -4.9083963499034746e+02 -3.8472049372955235e+02
    -4.2641545300342688e+02 1.8914078386555528e+02
    8.8343818232527826e+02 -2.0996288739594019e+02
    -9.6455557267781970e+01 -1.7816614943269838e+02
    -6.1464250033279896e+01 2.3080648040290140e+02
    -1.7364002321492575e+02 -1.2450083704087362e+02
    1.0813861543744956e+02 -4.1559383074660894e+02
    1.3444698497258625e+02 -1.7273476967198761e+02
    6.5249848084085002e+01 7.1935775431216896e+01 3.0870676587302487e+01
    4.5974651953538358e+02 3.0058627710039900e+02 3.1293821057440022e+02
    -1.2788449628970885e+02 6.6285584250590034e+01
    -4.8896433249835076e+02 5.5265115928709257e+01
    -7.3330855952293490e+01 2.6640123836230892e+01
    -1.2156458674612179e+02 -9.4633904743853819e+01
    -1.5515761081909685e+02 -9.4080443089943486e+01
    -2.6037401588673752e+01 2.6397876275519721e+01
    5.5627242648421870e+01 4.8510093159640796e+01 1.0101270474407279e+02
    1.5241729575615952e+02 3.7901601342547870e+01 8.1468320422519099e+01
    4.2118155508672146e+01 3.4426933184584804e+01
    -1.9432934356339061e+01 2.3791244489991669e+02
    -4.3748422132705215e+01 5.5586839440236020e+01
    -4.6598070921010994e+01 5.1795682345052441e+01
    -9.0243161326771553e+00 -5.4016899474798748e+01
    -3.2737211625516920e+02 -1.9147439875987547e+02
    7.0278368515127013e+01 -4.6535430468455239e+01
    -1.2069558674626350e+02 1.3156116074286428e+01
    -6.1257090869543369e+01 -1.1041426664032869e+02
    1.2551972155836239e+02 5.9042708110572633e+01 1.3128588145508598e+02
    -1.1183565190317866e+01 1.9886178725737864e+01
    -3.7909848047363832e+00 2.9856495402106802e+01
    -4.3882101743538129e+01 -1.4356223279182078e+02
    8.3618217399558787e+01 6.0714873029285712e+01
    -1.6308128197865204e+02 7.8665909950347910e+01
    1.9220902860164739e+02 3.3033336641772211e+00
    -1.2217447727883003e+02 1.1270968892057952e+02
    1.3642697041601591e+02 -6.0430801488729593e+01
    -4.6419003316238943e+01 -1.0952362288095097e+02
    2.1561163294193540e+02 2.7500645930221243e+01
    -1.0705009022378339e+02 3.3621259815113852e+01
    -1.6204182054812868e+01 1.1868270319357055e+02
    9.2564023226386865e+01 1.1096727381804104e+02
    -2.7161794767608953e+01 1.3517103996715738e+00
    -3.0850222195880967e+01 -1.5806762093472965e+01
    -1.0577655701862663e+02 1.8771726862443541e+00
    1.4238657807304973e+01 -1.8797937993676250e+01
    4.9760451331021706e+01 1.0925203096668886e+01
    -1.3727390620261659e+02 1.5372194471775651e+02
    -4.9616699112998340e+01 -6.4298027579760699e+01
    7.5620774818173416e+01 -1.5073247473814320e+02
    2.6322573236796075e+01 4.9393385891460191e+01 2.6576181820119945e+01
    1.4526881009235285e+02 -1.6490563113279450e+01
    3.5795334005079013e+01 -6.3257238294734890e+01
    -7.1140693155267215e+01 -1.1433724843175428e+02
    -1.6428460025838952e+01 -1.4868217933270891e+01
    -5.8201954509256467e+01 1.0036235330051491e+02
    6.3830588037060672e+01 -1.5562037614047551e+01
    -4.8791727267200380e-02 -5.4228201843585246e+01
    -2.1162035556064946e+00 3.7105875213829684e+01
    -2.7366736926261733e+01 1.2358610419266023e+02
    -1.7037510580156595e+02 -1.3289615568445328e+02
    4.0794399892571178e+01 -5.2208028288753923e+01
    -1.5174885868982141e+01 7.0732550933215578e+01
    3.7145796835622349e+01 4.6156833094683570e+01
    -5.8837207713563451e+01 -2.7422768249926577e+01
    -3.9727095672108774e+01 1.1989773147482920e+02
    -1.0111630893018281e+02 -6.0318720826962881e+01
    -5.6187268688308485e+01 -1.0128801324075192e+02
    9.6545439046609246e+01 9.5481859838914517e+01 7.7369651094912768e+01
    -8.9847533086508903e+01 1.4300824577023898e+01
    1.8032586177138505e+01 -7.0304347903188031e+01
    7.5103577840735383e+01 -5.6593056253744926e+01
    -4.2755691970857526e+01 -1.5199561805084093e+02
    -9.3894068191388698e+01 -5.7589744108730052e+01
    1.1500167316541953e+02 2.8944118511188094e+01
    -8.9331260987468283e+01 -4.0657213459047270e+01
    3.4710871687115933e+01 -1.1794230762782345e+01
    -2.7308093025394605e+01 8.8530652406286965e+00
    -4.9207702707893056e+01 -5.6508432235361333e+01
    -1.0629027805812491e+02 2.3368689430457618e+01
    1.1113712757204324e+02 -1.8508124365614776e+01
    5.5303856935533609e+01 6.2071768689068300e+01
    -8.5480369276348647e+00 -8.8334040743352730e+01
    8.8012229216862838e+00 -8.8241332070710747e+00
    -4.8062733005441252e+01 -1.6795116383421717e+02
    3.8006175351660090e+01 4.6782713424617373e-03
    -1.1840642055215507e+02 1.7029758134684920e+02
    1.4155455079524994e+01 6.5033344629436101e+01 5.6600359320123360e+01
    7.1267338866906584e+01 7.3436952111785715e+01 1.5318889789559771e+01
    9.0612084267181729e+01 -2.4559803571310123e+01
    -7.1157844392396441e+01 5.8040388254282242e+01
    4.6107548653715540e+01 -4.3740912552163529e+01
    -8.9698847230224132e+01 4.5494051458000946e+01
    -1.5124948881891899e+02 -6.6242029746960128e+01
    5.5127673357269735e-01 -1.4121085061308165e+02
    -7.8935661399150510e+00</data></s6_2>
</opencv_storage>
