<?xml version="1.0"?>
<opencv_storage>
<s6_3 type_id="opencv-matrix">
  <rows>200</rows>
  <cols>1</cols>
  <dt>d</dt>
  <data>
    1.6723769128813140e+03 5.7360001846809325e+01
    -4.1611252148525205e+02 -5.6495996598014165e+02
    -2.1159710761870568e+02 2.2705316879330550e+02
    6.5214340651266116e+02 -3.3841382801306344e+02
    -5.3020923384150002e+01 -4.4273354297202462e+02
    4.2693300721976406e+01 4.3676605066401919e+02
    -3.5252391395162965e+02 -1.3451667574567718e+01
    3.7055282461393352e+02 -4.0416651390513601e+02
    3.4334132311223959e+02 -2.0701597334315053e+02
    5.4669970553041182e+01 2.2362548457925232e+02 1.2171581638239298e+01
    4.4941924841892109e+02 4.4623253038836236e+02 2.2971271678973801e+02
    -9.6886230805180574e+01 2.5759481260711155e+01
    -3.7711920521556561e+02 3.1019636251783211e-01
    -6.5137164448340698e+01 9.3445590029725012e-01
    -2.4772027694953286e+02 -5.4372589539223767e+01
    -3.6527311080587509e+01 7.6285914448456316e+00
    1.2785641555643755e+01 9.6380161898731824e+00 1.0475259874367268e+02
    2.6519361914605732e+01 8.8764411781218087e+00 1.4325909757137342e+01
    1.0202987029514499e+02 1.4070632208825384e+02 4.3877746826765708e+01
    4.2859369961018459e+01 -9.3204925515879467e+01
    1.7001304441855083e+02 -7.8476014175443524e+01
    9.0455746283826642e+01 -1.2494966053995198e+02
    1.1968936177983102e+02 -1.5400780477849477e+02
    5.5256478009218284e+01 -9.7309948554714310e+01
    -2.2831755079160905e+02 1.9929334854387977e+02
    -2.1770749605265357e+02 -7.2707375365971629e+01
    4.0691808698410696e+01 -5.5311588127449278e+00
    -6.7874200889397599e+01 7.8442552302842557e+01
    -6.5206099928290673e+00 1.0133662060169215e+02
    5.1567822398784436e+01 7.8863233426544269e+01
    -1.5367375570373929e+02 -2.5839341835102360e+01
    -8.1314884304444092e+01 -2.2531643461203316e+02
    1.1849780069282586e+02 4.7370139887243838e+01 1.8718281425642093e+01
    9.9312404252537661e+01 4.0960414866056993e+01 1.2569051769281747e+02
    -6.9056254759526695e+01 -4.2398657576898955e+01
    6.5636800861372436e+01 1.6966140095958153e+01
    -8.0285925930466504e+01 -3.5058379022259473e+01
    5.1801885159665702e+01 4.5137735623623989e+01
    -4.7049636077659891e+01 2.1500965515431187e+01
    4.7243725311409669e+01 2.5971276453933903e+01 4.7497032784461775e+00
    2.2816969557094851e+01 -9.4154796556236917e+01
    5.2636179048702168e+01 -1.5442348916838707e+01
    6.0191430185457200e+01 1.8720348076082027e+02 7.0229116205586877e+01
    -1.1691399128464674e+02 7.8742876438160991e+01
    5.3382917361601905e+01 -7.0093025600628618e+00
    -1.4408503183431614e+02 1.8018049663223174e+01
    -2.0673326654141700e+01 -2.2265105456472075e+01
    9.5168104754736959e+01 -1.4703139470850997e+01
    6.2372153482454245e+01 6.5122693290769069e+00 3.0749700627055326e+01
    2.1784190159601376e+01 1.1339491007908354e+02 2.7233514818192987e+01
    -1.4921984056134596e+02 -1.1277141356067485e+01
    -5.6815860306470142e+01 7.3707701014738433e+01
    -1.8883249305902108e+01 3.1241728275190052e+01
    4.4166485270553132e+01 3.9332463796544246e+01 4.3317170920940193e+01
    -2.1488705188251323e+01 1.3238962168467262e+02
    3.0013424494862189e+01 1.0388939886138223e+02
    -3.7774179599300957e+01 2.3913609170862703e+01
    5.2211128876262087e+01 -1.0065342269972344e+02
    2.9594836935883333e+01 -6.2353191182577930e+01
    -1.1956640642647933e+01 6.9488654407438972e+01
    9.6481857853036118e+01 9.7643476564630276e+01
    -1.4387592417379892e+01 -9.6809304972604949e+01
    -1.4664923775211810e+02 -4.7964887927244874e+01
    -1.3219321608941463e+01 -4.8406041474173072e+01
    -2.3748915413629295e+01 -4.2493094959797958e+01
    1.4604826344175015e+01 3.4918703136460664e+01 3.9360701847319618e+01
    -4.7678514466554233e+01 -5.5212155582276210e+01
    2.9371184367488503e+01 -6.9902757808031467e+01
    1.0417881498134946e+02 -5.2562143316433314e+01
    8.5831401344776239e+01 -9.5422652861997520e+01
    -2.8423564559536993e+00 -2.5432097120248496e+01
    -9.3704161430542769e+01 6.6912938649835795e+01
    1.9962754230205078e+01 -7.0058178527496125e+01
    -7.0203708796466088e+01 -5.1100442599583609e+01
    2.0476744915691064e+01 2.7973554930088714e+01
    -8.3948986933902503e+01 -1.8844933402863308e+01
    -1.0078010412843150e+02 1.0464955104481160e+01
    5.1141576095843959e+01 -4.7614372750895804e+01
    3.6410958815636988e+01 8.1730906001802936e+01
    -1.0296454595587031e+01 -3.5685758203345806e+01
    -4.5222261374774050e+01 -2.3422029140371698e+01
    -8.6372908732744108e+01 -1.4400860491560348e+02
    2.6154863637152825e+01 -2.5294630505061853e+01
    -1.2404634639484232e+02 2.1639656772276712e+02
    6.4372371199329777e+01 -1.7797987299880020e+01
    9.8284013763031666e+01 -3.6117838847395349e+00
    1.2240182525451254e+02 4.0235400819244610e+01 8.5192907859041696e+01
    -3.9012751521614831e+01 -7.3749882679119395e+01
    6.1724237484960632e+01 6.5451167958330771e+01
    -2.4119898879586323e+01 -8.4855450981681571e+01
    5.2354860480072972e+01 -1.4639064906519056e+02
    -8.0059099848670940e+01 7.0145579890559628e-01
    -1.4229114246747261e+02 4.6494390228974689e+00</data></s6_3>
</opencv_storage>
