<?xml version="1.0"?>
<opencv_storage>
<s6_4 type_id="opencv-matrix">
  <rows>200</rows>
  <cols>1</cols>
  <dt>d</dt>
  <data>
    1.7561887618746844e+03 3.0207458229835023e+01 1.4947101729403281e+02
    -3.0803052495794770e+02 -6.6307106634711477e+02
    6.6570896501789818e+01 4.7543485554964440e+02
    -4.6638051740936834e+02 2.4006568768312141e+02
    2.6055630465225062e+02 -2.7170232267011352e+02
    4.8534693449086058e+02 5.8081362459204165e+01 1.1043198218564021e+02
    1.3673935316410621e+02 -4.4315914317086751e+01
    -4.7067374967681047e+01 -2.0397883486826251e+02
    1.3695920483067340e+02 3.3453751137286012e+01
    -9.1207371844105900e+00 3.2058527561450796e+02
    3.7711090906084473e+02 4.7815584633409935e+02 2.5032484198366166e+02
    2.4432023476376304e+02 -3.2670818268429031e+02
    2.0067353062061164e+02 -6.1265656331619375e+01
    -9.6858633973017916e+01 -3.9890058354523468e+01
    -2.8554455493519274e+01 2.5102668460577881e+01
    3.1625767872488701e+01 1.6114157844344089e+02
    -1.4039933757755540e+02 -4.8790792012067485e+01
    4.7911726568832314e+01 -1.3056398901726846e+01
    -1.1937572349964208e+01 -1.5968475835897800e+02
    -2.7332974280466896e+01 1.0863703281730693e+02
    1.4403061393290898e+02 1.8399866636235632e+02 1.5498329448935746e+02
    1.7037077654405870e+01 -4.0006794295702306e+01
    -7.3425948684571253e+01 1.4487599664116291e+02
    3.0107073163231480e+01 -7.7547770985865753e+01
    -2.5157530484762665e+02 -5.4547952194432582e+01
    1.8196163096847354e+02 -1.4862628867767100e+02
    -1.7451123255974301e+02 9.2627843388548285e+01
    -4.3564342668695389e+01 -1.1841475611408764e+02
    7.5907261656881801e+01 1.1000452750051508e+02
    -9.8422208642283536e+01 1.3527327156757812e+02
    -2.4787948370860459e+01 -1.4626670388112802e+02
    -1.2748173233134852e+02 -9.1607195362597878e+01
    -2.0039566766502185e+02 -3.7589344885851403e+01
    -2.2603604419243544e+02 -1.4275645889888403e+02
    1.1858596513810381e+01 2.4602669905307476e+01 1.4626733743101238e+02
    -7.1929096813129675e+01 1.1767233702712997e+02
    6.5482955332201470e+01 -1.2655561148367548e+02
    2.2087018301452211e+01 -7.8221733598316661e+01
    1.8256375228498788e+02 -6.1377013935793592e+01
    -1.1398644298924754e+00 -6.4620929578152570e+01
    -5.1073390333811393e+00 1.1286075055166360e+02
    -5.6170012814683092e+00 7.3537476913030787e+01
    -8.5181747491577568e+01 -2.3016556534160248e+01
    -1.9711456971925756e+01 4.5282308922889300e+01
    1.3468020454610630e+02 1.1349252524558878e+01 1.0218339829375074e+02
    -3.3068732767677808e+01 -7.0169912273742511e+01
    -6.7910231642249769e+01 8.3350223894603658e+01
    1.4973730978549673e+02 4.9141401354378743e+01
    -1.1185996775949199e+01 -1.8533354067499996e+01
    -1.4007857408571633e+02 4.6270671030658448e+01
    9.4650885186629338e+01 -6.5394616881485746e+01
    3.6228954912727694e+01 -1.5431726210948204e+01
    -3.3187394478748224e+01 -8.7109800011576354e+01
    -2.9260474283125536e+01 -9.0331377442848947e+01
    2.2298957340961906e+01 -2.9529292769140913e+01
    4.1424906992269904e+01 -7.8163356955777871e+01
    -4.8980821028469910e+00 6.1742265099922513e+01
    -6.3603720927509517e+00 3.3900366170065915e+01
    -1.6613331110316746e+01 1.6590156534944600e+02
    -5.6341480299093277e+01 -2.3783685336515344e+01
    -1.3299636968942573e+02 -1.1644599536188743e+02
    1.2242205244258896e+02 -7.8595330855019734e+00
    -3.7783263962367357e+01 1.0328116971736449e+02
    1.3889002145641950e+02 1.0222723826828212e+02
    -7.5398311557274482e+01 -2.9619414360011266e+01
    -1.1031262266119791e+02 8.1710421996343392e+00
    5.1257481591888032e+00 -3.6425855141427974e+01
    -1.1675946682009001e+02 -5.8326352364429844e+01
    8.1903258147311035e+01 8.6487845085253056e+01 1.0085907092500368e+02
    -5.3091638461863809e+01 -5.7301028034406706e+01
    8.6146208356409826e+00 -1.8614421441731089e+01
    3.7906714013250905e+01 -5.6839868280226163e+01
    4.7639780065448598e+01 -7.9458095489588089e+01
    -5.3964360503281974e+01 7.5591996715784461e+01
    -1.0323960298834718e+01 1.0062365030793514e+02
    -6.3799147049757519e+00 1.9612737755489317e+01
    -3.7612792394975031e+01 2.8456984194391762e+01
    1.9459591335863763e+01 7.0360130637595688e+01
    -7.4157992307721514e+00 -3.6910704665469531e+01
    -1.0728213119075174e+02 9.9484387862894309e+01
    1.1516530376888159e+02 -3.2223717237001530e+01
    8.0871270500871177e+01 2.4436854855980386e+01
    -1.3983810275726977e+01 -3.9620171277658869e+01
    1.7097172370419209e+01 9.0091861472318982e+01
    -9.2250377398520541e+01 -1.4516962446862615e+02
    4.0619564821175217e+01 2.4616256507188574e+01
    -1.4502889961390974e+02 1.1806895662330652e+02
    6.6252538552992561e+01 6.3804472537605029e+01 5.3848078016271820e+01
    -4.4166750479827179e+01 7.0615710503320287e+01
    4.8161460454167681e+01 8.2393106542591923e+01
    -5.3988362197196992e+01 -8.1848800682015110e+01
    7.9645784803192285e+01 6.8274912845174669e+01
    -2.3013878083300014e+01 -8.0369697725423322e+01
    5.5912242672896220e+01 -1.5924656562674835e+02
    -7.0808432853461767e+01 -9.2513655746465417e-02
    -1.3539549339402811e+02 4.9088266121523576e+00</data></s6_4>
</opencv_storage>
