<?xml version="1.0"?>
<opencv_storage>
<s6_5 type_id="opencv-matrix">
  <rows>200</rows>
  <cols>1</cols>
  <dt>d</dt>
  <data>
    1.7786237348237671e+03 -2.8680115142458374e+02
    -3.2725149601561370e+01 -5.1293553730987935e+02
    -4.5832988564429183e+02 1.4305724707705005e+02
    1.7117412804771450e+02 -5.5336090332773222e+02
    2.2053132160635508e+02 1.7225540518377062e+02
    -6.8980076027714702e+01 6.3558553895272576e+02
    -3.7048247983936801e+02 1.0097313714749981e+02
    6.7218346844572551e+01 -5.8221375675259786e+01
    1.9739955631231314e+02 -2.3596544491341493e+02
    9.5721098429617669e+01 2.5254219138173460e+02 1.2051786995287345e+02
    1.8392233963060988e+02 2.5244553627814696e+02 3.3255476271904286e+02
    1.3785517819752877e+02 1.1727124299621056e+02
    -4.2916660439589430e+02 1.1977888210591053e+02
    -4.5322347579242894e+01 -1.5803652843911613e+02
    -1.0506186431141383e+02 2.7366852306409392e+01
    9.0508979121649716e+01 5.4101446748904905e+01 1.4300813222683573e+02
    -2.4356599694718091e+02 7.0144317601013420e+00
    2.2067407623356226e+02 7.3369492305521135e+01 1.2177253447832092e+02
    -4.5351456884665758e+01 4.4026142409052724e+01
    -1.0828513167955846e+02 1.8866917026046568e+02
    3.1088325968648146e+01 2.2242673627933573e+02 4.2459259924380305e+01
    -8.6444634204460897e+01 8.0692104033882629e+01
    1.4897214160729607e+02 -3.3955468546387881e+00
    -5.5339517881617226e+01 -3.0000960953516466e+02
    -1.4144896118423154e+02 2.5668901653558726e+02
    -7.5364086833081430e+01 -1.1269603421732660e+02
    1.1173867351897103e+02 -1.3051884143920750e+01
    -1.2329722473029408e+02 8.8210940357392005e+01
    1.1422335092438718e+01 -1.0646986912798693e+02
    9.1565760321035796e+01 -2.1601487162392338e+01
    5.2798301338693250e+01 -1.0263597552539925e+02
    -1.2619196301255897e+02 -9.6730770239480464e+00
    5.9644081001285434e+00 -2.0495416373128034e+01
    -6.2169601072170067e+01 1.0435935764640206e+02
    -4.1014597756031620e+01 1.5492931836467054e+02
    -1.2242324912957221e+02 1.2431530648490609e+02
    9.6828995550747550e+01 -8.6867994647632699e+01
    2.3793960784905167e+01 -4.9047864543562085e+01
    1.6914480266582731e+02 -9.2540214278009394e+00
    -1.3004187470513503e+02 -4.4916346365539049e+01
    -4.4597657140327719e+01 7.2177047803031869e+01
    -3.6745926871013509e+01 4.9864170061507451e+00
    -5.6788957327042596e+01 1.3879302268971287e+02
    1.9344882543804999e+01 -7.3716025846737381e+01
    3.4524944012197032e+01 -7.0610268139238784e+01
    -2.9199743832832421e+01 8.1904598712260679e+01
    -1.0647372410267691e+02 -7.3243562314419378e+01
    -1.2183276483050348e+02 3.7803665381141805e+01
    6.2763286267342401e+01 -4.6686762081851931e+01
    -4.9090594259701533e+01 2.3045809092295134e+01
    8.9414179316718659e+01 -6.9497491438658173e+01
    -4.9138905290643926e+01 -2.6240181452762556e+01
    8.6840272965310863e+00 -4.3867419976531274e+01
    -1.1653827985149974e+02 -4.0677030168130258e+01
    -9.5423337652333686e+01 2.4791629741638708e+01
    4.2482973812821633e+01 3.8540943492907942e+01 7.7382062198190411e+01
    2.6987365586216512e+01 -1.5523780253862537e+02
    -5.6219710784064432e+01 6.6971076737231783e+01
    4.0287536226065775e+01 1.1433626705769233e+02
    -2.8108808817942254e+01 -9.8877804101856235e+00
    -7.2513498468639725e+01 2.2770807685545346e+01
    1.0784618736463972e+02 -2.3413509563989287e+01
    -3.2729628250506693e+01 -7.6905514796007893e+01
    4.9072758081748326e+01 2.2802491754570539e+01
    -4.4924355349050501e+01 -3.2023445563996319e+01
    -1.4366694015603247e+02 4.5022061986083116e+01
    -8.7151478678778922e+00 4.6461516604123808e+01
    -1.5689962078660176e+00 -1.8405456558939111e+01
    1.2203782365265093e+02 -4.9334591157370589e+01
    1.1075396760418919e+00 -7.6474712904705342e+01
    5.3297392044306648e+01 -3.7896836252737707e+00
    -7.6991011200287033e+01 9.4632061027013947e+01
    1.6952218058118817e+01 1.5759826835810951e+01
    -1.0753362392556711e+02 -2.6782286574157911e+01
    -1.0307452749692477e+01 5.1242300480454361e+01
    1.2309099699486751e+01 -5.7561450514781249e+01
    -8.1374506405143165e+01 4.4380542528433828e+01
    -7.8307867712831140e+01 1.2491308245989116e+02
    -1.0995365500063421e+01 -8.4579609753690974e+01
    -1.1308706390849223e+02 -1.7934921302602532e+02
    -5.2885080554731418e+00 5.5865491476462473e+01
    -3.6330848681705220e+01 4.2683190905916980e+01
    4.6847276300143655e+01 4.5084755453057639e+01
    -4.4508518592938433e+00 4.0284231944776259e+01
    3.1307919341636435e+01 -3.3883939466668359e+01
    -1.4893394879787490e+02 8.3974762186793797e+01
    3.2518587586797167e+01 -1.6474430811615218e+02
    1.3303825970711333e+02 5.9767993845705405e+01 2.7835036581107349e+01
    6.6907561021791750e+01 4.0857943396912049e+01 7.8665803335497188e+01
    4.9795503097320598e+01 6.6753866640148118e+01
    -2.4596500485203983e+01 -4.5242410718699603e+01
    8.1623550808586756e+01 6.8723539392233363e+01
    -2.9567885184921039e+01 -8.1766446305528319e+01
    5.2362894281978150e+01 -1.5322673248830102e+02
    -8.1967344142256195e+01 -2.0209452748555961e+01
    -1.4118045043915990e+02 6.0751756733693361e+00</data></s6_5>
</opencv_storage>
