<?xml version="1.0"?>
<opencv_storage>
<s7_1 type_id="opencv-matrix">
  <rows>200</rows>
  <cols>1</cols>
  <dt>d</dt>
  <data>
    6.6594644445389463e+02 -1.0605613974148646e+03
    6.9400899341432148e+02 -7.3417473275952864e+02
    -5.0597477943227148e+02 -2.5660735984935435e+01
    3.0873538584526102e+02 -4.2048764363182659e+02
    1.1799931512850752e+02 -4.6760398528658493e+02
    2.2123541899461648e+02 4.8677669516697085e+02
    -9.1571169616114133e+01 3.6834467807074498e+02
    2.9619010840042375e+02 -6.6857293008414615e+02
    2.7115399484154301e+02 -1.3651711814386903e+02
    -7.3135445986991755e+01 8.7272017818459153e+02
    2.1560700418067074e+02 1.9453618147737112e+02
    -1.8893049305854532e+02 -2.9344874677224947e+01
    -4.7016918428042310e+01 1.4361027733666424e+02
    -1.0293624305018729e+02 1.2818856287230511e+02
    1.0653760522334710e+02 1.3752273834944004e+01
    -2.6892577908509395e+02 -8.1743094270063370e+00
    8.7150573666559211e+01 6.6315113948420134e+01 5.5759028333052676e+01
    1.0103848125304410e+02 1.4474179532361157e+02
    -2.0153249692033543e+02 -2.9444144693656149e+01
    2.9249164031366540e+01 -1.3367505507742246e+02
    -1.1179053328038665e+02 -5.5458771034246418e+01
    1.9973689621008981e+02 9.8965110390695358e+01 1.8008183287521970e+02
    1.0545686398231739e+02 -8.6671885697711588e+01
    -4.6535991269008676e+01 -3.6744946981025592e+01
    -4.0974559427851290e+01 2.0980102331599770e+01
    -1.7798672424900934e+02 -2.5367146227253735e+02
    2.2883433484614363e+02 -6.9881720016061251e+01
    -5.2740361537411808e+01 3.8015510861097454e+01
    -1.0639867461697971e+01 -1.2836459047402559e+02
    5.6441861906106496e+01 1.4243242259934359e+00
    -1.9014406470119386e+01 3.7321590405375545e+01
    -3.7027556070152464e+01 -7.1837284304691735e+01
    1.1617776569071689e+01 1.0483117764536942e+01
    -8.5580440191892123e+01 1.1293365439349400e+02
    -7.7640155928419617e+01 -1.7495270500563973e+02
    1.3369587280191664e+02 3.4027891623179578e+01 5.1755381728183295e+01
    -4.2300540481188619e+01 8.0515616964749185e+01
    8.0320614781453344e+01 -3.9527635676589405e+01
    -7.0650347710442858e+01 -1.0275931869772012e+02
    7.9670700287836993e+01 1.1562307570146722e+01
    -1.1282465529319643e+02 6.4910578289098552e+01
    -2.3776745258757011e+01 1.9102760268986376e+02
    -4.3880872604296968e+01 2.8690394052956396e+01
    -8.6786745132475161e+01 2.7047044605217991e+01
    -3.8544815586709539e+01 -3.6291887913546494e+00
    8.8828178417752866e+01 2.2466198978937452e+01
    -1.9251326346887588e+01 4.0289547190066905e+01
    -3.1945539282361633e+01 -2.4604925270365044e+01
    -9.0205427462577390e+01 8.2063306989360825e+01
    -1.5040660171677079e+01 -2.1455550336478542e+01
    1.6579022277913257e+01 -5.7352675677792838e+01
    9.8636649466831557e+01 3.3286805678547317e+01 6.1282198087807593e+01
    1.2098919726806207e+02 1.1884753221282334e+02 1.8862000463565842e+01
    -1.5065287495690887e+02 -7.5569034952522017e+01
    -1.0501291604164433e+02 -5.7291115254750302e+01
    -1.7887112880698549e+01 -4.0160260371280927e+01
    -4.4772687191375553e+00 8.0530348081690661e+01
    -3.9298483891493042e+01 -3.8901667733972737e+01
    6.0198716696490941e+01 4.3545377089223884e+01 1.6880681915217650e+02
    -1.0355686536252053e+02 5.7535378037679585e+01
    -6.9454283065983191e+01 -8.3902033680196567e+01
    6.1083322346278479e+01 2.0605219645666352e+01
    -1.6607055139193921e+01 4.5011814874582349e+01
    3.7280708810305136e+01 4.3889783856385215e+01
    -2.3400421649089655e+01 -5.2247858018259372e+01
    -1.2328124258778975e+02 3.3545555302777139e+01
    -7.9305116157714494e+01 2.6241722108477862e+01
    -3.8188215489128844e+01 -1.3079472769178089e+00
    1.0419143358608120e+02 1.1414215610084246e+02
    -5.7102567593609148e+00 -8.9349633027448363e+01
    -4.6728677692803622e+00 2.1921613774005944e+00
    -3.8025683444673959e+01 3.0818532342032128e+01
    -4.2627877845504024e+01 7.5235251299888773e+01
    -1.0652537924198666e+02 -1.0463912611195573e+02
    -2.9336136213255497e+01 5.0223808537981427e+01
    7.8290860934170766e+01 -8.7601514934183442e+01
    -7.1267093108015914e+01 1.3264412054893446e+01
    -2.4615831602357222e+01 -3.6195506123058898e+00
    6.7092552024259192e+01 -6.5574697172309129e+01
    -1.1883115915405507e+02 -1.5200921618122425e+02
    3.7535441534103292e+01 5.5020619183796548e+01
    -3.8469815519253835e+01 5.4144341012770155e+01
    1.5455987359923940e+01 5.3179473343945176e+01
    -3.6014320369812417e+01 -2.2341568115979786e+01
    5.9536022180824403e+01 -1.3976522076572999e+02
    -2.1648125730593046e+02 1.3554967852359886e+02
    -6.0508044055390037e+01 -9.8713385821031267e+01
    1.4851714947306422e+02 1.1846133953618261e+02 3.4926810226169749e+01
    1.2968682980166037e+00 -3.2726673450435115e+01
    3.4078832731238045e+01 5.1682189038031421e+00 7.5020762473397369e+01
    -1.3491058632368316e+02 -1.2164121674391134e+02
    5.6357706279475217e+01 6.6786045614734277e+01
    -2.1502894993292099e+01 -1.1465402942337130e+02
    5.0127877561490664e+01 -1.6322773488198558e+02
    -7.5805183142522779e+01 -1.5202780180767817e+01
    -1.4358568101233078e+02 1.2629553785889010e+01</data></s7_1>
</opencv_storage>
