<?xml version="1.0"?>
<opencv_storage>
<s7_2 type_id="opencv-matrix">
  <rows>200</rows>
  <cols>1</cols>
  <dt>d</dt>
  <data>
    4.3198169158705201e+02 -8.7851126740642485e+02
    6.4648149217198670e+02 -8.3328536864575869e+02
    -4.0702395312447965e+02 1.6558241537031955e+02
    3.3218441847490016e+02 -5.4889107217825233e+02
    1.5721483661752575e+02 -5.9721808166310348e+02
    3.6903088592069338e+02 6.3120524064979520e+02
    -3.6095591309652292e+02 2.6262629992754449e+02
    1.8286131322137737e+02 -6.6913896779908521e+02
    1.2416764215128648e+01 -1.2553074127374380e+02
    -7.1198987640819283e+01 8.2840090237923391e+02
    1.9052855873475320e+02 2.8516852464760910e+02
    -2.0682450025611257e+02 1.1805712636325202e+02
    -6.6880905779315356e+01 3.0162381547326945e+01
    -2.8204731574287308e+02 1.7114383735905739e+02
    1.5139643242401425e+02 -9.7420943007796353e+01
    -2.4118938584118837e+02 5.2980833177508963e+01
    9.8598893817963670e+01 4.9647942695150498e+01
    -8.9036076635697768e+01 8.7532861711006447e+01
    -7.1819022663359590e+01 -1.7051394455917770e+02
    1.9634877618634022e+02 5.7714743001584729e+01
    -1.8409068117091917e+02 -1.5265163130376803e+02
    -4.1198342369339152e+01 1.3850493370137956e+01
    -8.8034555442421208e+01 1.9543996213482359e+02
    1.0995605237785772e+02 5.8569998595894823e+00
    -9.2317257962695692e+01 -9.3731049455786728e+00
    -5.2054287313024140e+01 -9.3355193035219330e+01
    -1.1658560077965394e+02 -1.8250437362928889e+02
    1.4934223866973298e+02 3.7733752623541861e+01
    -1.3522249826059908e+02 2.0419444240381459e+01
    7.3762694092526473e+01 -1.5382733726103478e+01
    4.9093183660757418e+01 -1.2269040460854356e+01
    -1.9424075122080393e+02 -2.5775079824831376e+01
    1.2966868098251393e+02 -1.5450094116775364e+02
    -1.3996569477942614e+01 3.0541959500621878e+01
    -9.0602431394407361e+01 -4.8689986151316269e+01
    -2.0288456073986907e+01 3.8203613581071343e+00
    -9.7874068624671978e+01 7.4664832455605804e+01
    1.2642038586374998e+02 6.9760253352638806e+00 8.6648005283139852e+01
    9.7710775227872404e+01 -1.7288901817551087e+02
    8.5166357054768980e+01 -5.5447036577780196e+01
    2.0441420635755131e+02 1.3307914902859764e+02
    -1.0297697793968287e+02 -6.0197016209073681e+01
    -3.8354131800083255e+00 -5.0018395793790901e+01
    1.5536656298956981e+02 2.2511367949884172e+02
    -8.9839151202786223e+00 1.8308613634066063e+01
    3.8104344597877500e+01 4.7963245395327938e+00
    -7.1514065856319590e+01 1.6437449889922920e+02
    6.8757758216525175e+01 -5.2952859331601481e+01
    2.1685041190525887e+01 -5.2689195460933242e+01
    -1.1603165301639758e+02 5.8328250518560040e+01
    -8.1031789518005098e+01 -3.4976607073848998e-01
    1.2107523798227601e+02 -8.5042027158096118e+01
    1.1982727022855558e+02 -1.5680388221306417e+01
    -7.6060889888139343e+01 6.5481781638029863e+00
    -4.9490492724352492e+01 2.6571766577616639e+01
    -7.9035728444541988e+01 5.8793451100061375e+01
    -8.4385159747228016e+01 6.8352521608461629e+01
    5.8928821954583377e+00 6.8827019997946380e+01
    -2.3885543797730779e+01 -6.2133480906898356e+01
    -5.2437581318760039e+01 -3.1198005523191899e+01
    2.7450931081932456e+01 3.9040893948582415e+01 1.0298218734173581e+02
    4.9039099550869707e+01 9.5634636532966670e+00
    -8.5397340892788364e+01 -1.1418587746506681e+02
    8.4077306347960899e+01 -5.5437740701191998e+01
    -1.6587109754701974e+01 8.0455142881615700e+01
    3.2038941972112646e+01 1.0979933027026695e+02
    -5.1611932174185418e+00 -4.2584085394499539e+01
    -1.0971233935925986e+02 1.3908113948582203e+01
    -4.6860313151886672e+01 -2.1596083246268517e+01
    3.9321292638563740e+01 -5.1097593630685509e+01
    6.9844257128182278e+01 -1.9725029572777448e+01
    9.0051252498773607e+01 -4.6421963963206750e+01
    -7.6799011309552426e+01 3.9010515091596849e+00
    -2.6646935331598868e+01 1.4236504672481067e+02
    2.0373561747485638e+01 1.7807696564232529e+01
    -1.1206832852456130e+02 -7.2185174242381834e+01
    1.6872597041841306e+01 -5.7713670688618691e+01
    -3.7615140131493391e+01 -9.0897459740093112e+00
    -5.2075417900435088e+00 -2.1201261417558641e+01
    -9.8032266803326751e-01 2.1599529107314414e+01
    1.4821989016851987e+01 -1.0453884016695859e+01
    -1.2229808114219799e+02 -1.6220628419144620e+02
    6.7818781796587089e+01 1.2118470839253457e+02
    -2.5117901244561185e+01 7.0160172931321640e+01
    3.4735852662990787e+01 2.8086515427853680e+01
    -9.4718875139096994e+00 4.1932074586742360e+01
    3.1331849259661329e+01 -4.9186017812227945e+01
    -2.1535788001978435e+02 6.4012212216082176e+01
    -2.0813647682987462e+01 -1.4259086459710173e+02
    1.8942110583303378e+02 8.3275300294541381e+01 6.5935131710115144e+01
    7.0870435407303617e+01 1.0177843097584921e+01 7.5064741970053959e+01
    3.6435153608693433e+01 6.9523298143562798e+01
    -2.8778877141425102e+01 -6.9323337753535483e+01
    6.8077599821176719e+01 3.8086946985794889e+01
    -3.2874456212041551e+01 -9.6122185843012232e+01
    5.4927729198245864e+01 -1.6280168991019417e+02
    -6.0183360890909988e+01 -4.2235285916349703e+00
    -1.4392569298981527e+02 6.5951254265774812e+00</data></s7_2>
</opencv_storage>
