<?xml version="1.0"?>
<opencv_storage>
<s7_3 type_id="opencv-matrix">
  <rows>200</rows>
  <cols>1</cols>
  <dt>d</dt>
  <data>
    6.8907000688129756e+02 -8.8927033503718246e+02
    6.7014524508344527e+02 -9.1487711879779044e+02
    -5.2046709423794005e+02 2.7153536731903387e+01
    2.2519400563071758e+02 -3.5658465939062171e+02
    4.5207503816933539e+01 -4.9681945714846927e+02
    2.3813814701549887e+02 6.6330807679121335e+02
    -5.6749804627190485e+01 3.2510986664523364e+02
    3.0929247683802208e+02 -6.5159594966502766e+02
    2.2856290949408486e+02 -2.0065141847429777e+02
    -2.2237170739173596e+01 8.8494364712380047e+02
    1.8506917299196289e+02 1.7242815773199234e+02
    -7.1742338269609803e+01 7.2534711773926304e+01
    -9.9968542732091947e+00 8.4851577430255588e+01
    -1.5393757813365156e+02 1.3979554754281725e+02
    1.3757558533252626e+02 5.1736388139237384e+01
    -2.3795152104544371e+02 -7.0642852851235901e+01
    1.1380080449497416e+02 5.7151648690783780e+01
    -1.3232576144116067e+01 1.0905567185933320e+02
    1.7295956333677566e+02 -1.1746550434176633e+02
    9.9989344963166587e+01 -1.5194526497207020e+01
    -1.1554346334211438e+02 -1.1727833741650936e+02
    -4.2430553270622362e+01 1.2760229981171429e+02
    5.1518093484437145e+01 6.7247946054579131e+01 1.9012995678196387e+02
    -9.2492976249625983e+01 -4.6188064447575144e+01
    5.0951887090949995e+01 -7.3289279252864121e+00
    4.1526062394284040e+01 -1.5160074527163678e+02
    -1.7062888397929527e+02 1.9433768959099726e+02
    2.3591509420197852e+01 -6.7795738053785868e+01
    2.4130963968357932e+01 -8.1412739806658450e+01
    -1.3563830094570994e+02 1.4780762241041501e+02
    7.3932292603928872e+01 -1.1873023493140623e+02
    7.2963192745799574e+01 -8.8118594400054988e+01
    -7.0999773542643482e+01 -2.1355881082667203e+01
    -8.6316079896239984e+01 -1.2870650979221605e+02
    9.1050434568176172e+01 -1.7279352525284725e+01
    -9.4024604851359399e+01 6.1457775732603139e+01
    -1.9384774744603956e+01 1.3491960571461951e+02
    -6.1898624745152098e+01 1.2777360016139983e+02
    7.2887601812806025e+01 1.0024905023238381e+01
    -2.8174498409867788e+01 -2.2829186383804736e+01
    1.1979446490013733e+02 -4.3134105799358956e+01
    -1.4965187947871462e+02 7.0523567453369878e+01
    -7.5059020565132812e+01 1.1674691965835397e+02
    -1.2308451770990452e+02 5.3438339002097507e+01
    -3.6388271011976636e+00 8.8517755248171497e+01
    4.3938685056334359e+00 8.7995921742545704e+01
    -5.6492074831167125e+00 8.7717662721757733e+01
    1.3987246042334059e+01 1.1892307329015125e+01 2.3136301313797940e+00
    -9.2353037486213594e+01 -1.2721779114680794e+02
    8.1230927565797913e+01 1.5434805206862174e+01
    -3.6538915502870211e+01 1.4566087945383566e+02
    -1.4708709307419490e+01 4.9120597133453948e+01
    7.5221530185022758e+01 -2.4907246543251991e+00
    7.5997147482799974e+01 2.0693664948416037e+02
    -4.4282539690595698e+01 -4.1159557318697949e+01
    -6.1398339558167820e+01 1.1586747375678408e+01
    -9.8198098532111686e+01 5.4407754454997095e+00
    6.0295546817685022e+00 6.4837207964619807e+01 5.5399537235745321e+01
    -5.2528903378325545e+01 1.8176967503563738e+01
    -4.3002436160420260e+01 -2.6619031927341371e+01
    2.4713519634483671e+02 -5.0977232690615146e+01
    1.0134453924413189e+02 -4.8572387809861297e+01
    -3.6501707321053843e+01 7.4937664775035287e+01
    -6.5434718099463211e+01 -7.1969515874861600e+01
    7.8205539009188414e+01 9.7543607104742112e+00
    -3.7970120413146439e+01 4.8354056473378449e+01
    -6.1339748945339075e+01 -8.5857385763755033e+01
    1.8193490731831059e+01 -5.5829021760814701e+00
    4.0185963247537920e+01 -4.8157295447785550e+01
    -7.3207656558746322e+01 1.4185914933845939e+02
    3.3470746891041024e+01 2.8203012747531464e+01
    -7.3215215760642593e+01 -7.3516349697982662e+01
    2.4028223905144550e+01 -1.0482331146320797e+02
    5.4783694052269887e+01 -1.0414834116521801e+02
    1.7571520603150855e+01 -1.0361628855776030e+02
    -5.6859877372146848e+01 7.6518949841019381e+00
    1.7074112702301903e+01 5.8651170241646071e+01
    -1.7863259671018152e+01 -1.4633116838723542e+01
    -2.9311360394420827e+01 1.9176839679236956e+01
    8.5464199058557824e+01 6.3616655910925715e+01
    -6.7524389427537955e+01 -2.5439485370632449e+00
    -6.5813707508388191e+01 9.2457819605935867e+01
    6.5560983321434378e+01 1.9441009461044562e+01 6.5753773310641677e+01
    6.2236304547812004e+01 1.7525338310952307e+01
    -5.2062805468721415e+01 5.1268125390781066e+01
    4.1305397009826358e+01 -3.2736506435452071e+01
    -1.5539340248164589e+02 -4.2183302287290829e+01
    6.8896521877038523e+01 -1.7521355249090334e+02
    1.6096042668714992e+02 -1.8748414264750327e+01
    6.6022673709426968e+01 9.0850483408929236e+01 7.7384684243926216e-01
    9.5792761025855825e+01 8.1677871091221462e+01 7.9126963329747781e+01
    -5.1395933657321073e+00 -6.3114364677115425e+01
    7.0857598046049461e+01 6.4510527744802800e+01
    -4.0176837532114014e+01 -5.7606384321285937e+01
    5.8481479609037109e+01 -1.5467527341377013e+02
    -6.2592675999114846e+01 -8.9927290328354204e+00
    -1.3959686176859080e+02 -7.8086242953756724e+00</data></s7_3>
</opencv_storage>
