<?xml version="1.0"?>
<opencv_storage>
<s7_4 type_id="opencv-matrix">
  <rows>200</rows>
  <cols>1</cols>
  <dt>d</dt>
  <data>
    6.8466318600490024e+02 -1.3095191553402274e+03
    6.9967382996193521e+02 -5.9454978884204729e+02
    -3.2233522073614188e+02 -2.0719544050562661e+02
    1.9265573725605046e+02 -2.9899697151954877e+02
    2.1578971481071278e+02 -4.8001009023289248e+02
    7.8829331385593676e+01 5.1488963882196038e+02
    -1.8543340631452830e+02 2.5631217728547506e+02
    2.4907545629497614e+02 -6.4068348440219120e+02
    2.9597243236175456e+02 -2.1221531420918060e+02
    2.1801424784447555e+01 7.1934786300397957e+02 2.0681733269148918e+02
    2.2978097071661117e+02 -2.0193237907283154e+02
    1.1110356377417141e+01 -1.5933601286339422e+02
    1.4657252553997316e+02 -1.9310167588848179e+02
    1.4009460238927178e+02 1.8455886867167149e+02 1.3377313545687738e+01
    -3.6239801733777989e+02 4.7569634728988277e+01
    6.7643200317331591e+01 6.2888872702637304e+00 2.3943170749569824e+00
    4.0629078195557469e+01 2.0459435522376182e+01
    -1.5067223645821815e+02 8.8826980907519257e+01
    1.6570080083398867e+01 -6.3368868219348236e+01
    -2.8997348406240739e+01 -8.4667419452461665e+00
    2.0229974192085632e+02 -4.6247239985825942e+01
    2.7241625176987071e+02 6.7714516857705448e+01 7.4808279287614088e+00
    -8.5345429973726734e+00 -8.2189790216624470e+00
    -2.4328177287802404e+01 8.5582814648151626e+01
    -2.1088000463289521e+02 -2.2812816260316910e+02
    1.7297182993163949e+02 -9.0682355943591986e+01
    -3.4066529785889102e+01 -4.1808139617922457e+01
    5.7259925096516049e+01 2.2291970198194811e+01
    -1.1439738230681491e+00 4.1641723997512422e+01
    -6.8548679272809025e+01 -2.2925710623148184e+01
    1.1736435192045157e+02 -4.9843356571931494e+01
    -5.6773380512049151e+01 -3.8101298602688422e-01
    -1.5969883606597945e+01 1.6832802383823619e+02
    -1.0791637404587489e+02 -1.3088762761537328e+02
    1.4889826288562818e+02 3.2492085255211435e+01 2.1712211406981774e+02
    -5.8788610640394381e+01 -3.9390488991496568e+01
    6.0397823863383287e+01 -1.0998331484547582e+02
    5.9538043715906419e+01 -1.6540941677882716e+02
    6.2672457914396603e+01 4.3474490794781659e+01
    -1.1919906285258593e+01 2.5494724192690217e+01
    -1.0586357056022651e+01 1.0128100694694548e+02
    6.7544960905485127e+01 2.8343141902868858e+01
    -6.5520361795461923e+01 7.0567112841303619e+00
    5.4492264483622726e+01 3.4963122017647116e+01 1.1884305260128235e+02
    -1.9433452126214672e+01 4.9170434843274109e+01
    9.4543856699345852e+01 -1.3336297508597727e+02
    -1.9694769043289027e+00 -3.8279756003918529e+01
    9.2755341726360413e+01 -4.8098443597328661e+01
    -4.5717024608380939e+01 1.0505495517025336e+01
    -1.0309418733637028e+02 2.0845670463724019e+01
    1.0913824104503347e+02 6.5593289163485579e+01 4.3104223190527868e+01
    -7.4219741958226493e+01 1.3052771786173830e+02
    -6.0431097530095201e+01 -3.2359854581665061e+01
    -1.3748227695789456e+02 3.1981669111647154e+01
    -3.0072821168532258e+00 8.1597007282081051e+01
    -3.0443114753103067e+01 1.2890460866496167e+02
    8.2261659490438845e+01 6.8263741957110948e+00 1.0399220434833688e+02
    -5.6321735143624664e+01 -1.0303923230547076e+01
    -3.8881174720877048e+01 1.3983513695280662e+01
    -5.1546243445482489e+01 -6.1647683430794373e+01
    7.6556773734375938e+01 -2.6959447945519187e+01
    5.3146004172916768e+01 5.2222209765080805e+01 5.6896506437626378e+01
    1.1303926312300356e+02 -2.7969737877495653e+01
    -5.4533640971206637e+01 -7.4908512582969834e+01
    5.6310365439560137e+01 -2.4999742591239055e+01
    -6.5324994254015337e+01 -4.4376920787942495e+01
    -2.4379998474529029e+02 6.7663808212550009e+01
    4.2204688294355620e+01 -3.2106514828797188e+01
    -1.1512431042403591e+02 -8.3639964573477343e+01
    -5.9211243528508291e+01 1.8446282681513797e+01
    5.8885029855275540e+01 9.8519102051722971e+00
    -7.7923767483680777e+00 -6.1172277635936020e+01
    -1.6675518226555862e+01 9.2975072866510274e+01
    4.7500904362227011e+01 7.5790856437400677e+01
    -8.6584625435726849e+01 -1.0690570341779825e+02
    5.5108335195291858e+01 -4.2357910454011424e+01
    8.0472446347065201e+01 -1.9980232585970118e+01
    -5.8609263992525371e+01 -2.6460564099763101e+01
    -1.1662961874147678e+02 4.9849084226057144e+01
    2.6826428713051950e+01 -3.8518165042126768e+01
    4.0049517000815761e+01 5.4334754009514498e+01 7.3347676307980780e+00
    -6.0662806794374326e+01 4.6903581637425418e+01
    4.3392278734535260e+01 -4.4159861243180806e+01
    -1.3612145598996551e+02 3.5178286254393974e+01
    4.5538225156248515e+01 -1.7094528615846468e+02
    1.5277998240634025e+02 3.2824521397132478e-01 2.0771967012113066e+01
    6.1109361664292791e+01 8.5716930162654403e+00 6.8067360477741275e+01
    5.7383946497853302e+01 1.0123387402708688e+02
    -3.3345564721674286e+01 -6.2795490636031083e+01
    6.9184222145614953e+01 7.6224302058841090e+01
    -2.5638249641411377e+01 -6.8657384308489824e+01
    4.0069921031938158e+01 -1.5122783387569180e+02
    -8.4923187510518090e+01 -5.7441989675881775e+00
    -1.3307615477364843e+02 -4.2503931449498094e+00</data></s7_4>
</opencv_storage>
