<?xml version="1.0"?>
<opencv_storage>
<s7_5 type_id="opencv-matrix">
  <rows>200</rows>
  <cols>1</cols>
  <dt>d</dt>
  <data>
    6.3191863874033618e+02 -1.3236611965862646e+03
    8.4061298959933310e+02 -6.0920349230974807e+02
    -2.9662518609622902e+02 -1.4112575715556525e+02
    1.1092515816856461e+02 -4.5181830714562665e+02
    1.8228039045400766e+02 -4.4659569119602367e+02
    1.1577057936978163e+02 5.0146917996771049e+02
    -5.6054415687943184e+01 3.7107565690048028e+02
    3.2803611146608546e+02 -6.2486720498740124e+02
    2.1653704698156525e+02 -2.8814983994716005e+02
    7.3085094597703289e+01 7.6109492180215329e+02 2.0059468280654605e+02
    1.4098193886981997e+02 -2.0404734439182886e+02
    -5.5550548105580290e+01 -1.1390746757701035e+02
    1.2102088635636278e+01 -1.4107742529273338e+02
    6.0660586973195599e+01 9.4945128363143084e+01 1.2819359922318270e+01
    -1.7989817300484418e+02 8.1690719917040980e+01
    3.7962394763626243e+01 4.0371522301100583e+01
    -1.4458669344151794e+01 4.3158921859708812e+01
    2.8515659910028116e+01 -1.7419678016687192e+02
    -3.8295109909611758e+00 6.5881066255587129e+01
    -8.9333922237513363e+01 -1.9990600927223827e+01
    2.8035091307893520e+01 2.4354560207483885e+02 1.7389512582072545e+01
    1.2345779659925061e+02 3.2205655018728677e+01 7.2206669250910576e+00
    2.0559155202972331e+01 -1.4174555778097382e+00
    -2.8890673993364771e+01 1.7083203132506199e+01
    -1.1271529907000824e+02 -2.1152499312039149e+02
    1.4335319525579030e+02 -8.3104390720517316e+01
    -4.9458902029051082e+01 2.3375820784017922e+01
    -2.7412827130110365e+01 -6.8903896813383099e+01
    1.0162307363127395e+02 6.0583411330633723e+01
    -1.2610941746798677e+01 3.0118356687404443e+01
    -6.7076694215265684e+00 -6.2507815269024132e+00
    4.4376131133075404e+01 -3.0045226292142818e+01
    -8.1592235476267007e+01 1.4740486829822336e+02
    -8.8641314678020549e+01 -2.0723167233139668e+02
    1.0617180148825294e+02 5.6156513040576336e+01 7.8683871863185217e+01
    3.2172067620187839e+01 -2.7594098536995190e+01
    3.6826379667708899e+01 -5.7794403034999881e+01
    -3.1622347317289666e+01 -1.1267957040416059e+02
    5.6982251523949827e+01 8.6285903633927418e+01
    -8.7816950149667903e+01 -4.3426413182904913e+00
    2.8684419730887075e+01 8.2653295977867089e+01 4.9607813780922257e+01
    1.9403889149472744e+00 -7.4136785819300528e+01
    -2.1349242183123657e+01 1.4034226515253135e+01
    2.6840018534336160e+01 8.5306878312965310e+01
    -3.8323217149445902e+01 -9.1021804414209893e+00
    4.1050450552808265e+01 -1.0196238561417118e+02
    -4.6958599905709200e+01 -8.8914503717056760e+01
    4.4436823268884211e+01 1.3295394084008457e+01 2.5742488721107222e+01
    -7.5887594461993075e+01 -9.3939640735811963e+01
    1.4038748817729922e+02 2.5116143871099368e+01 5.0370417125162625e+01
    1.0875716555737169e+02 1.1807624197538455e+01 4.1009852808298941e+00
    -1.7920969043153235e+02 -9.8948703260130344e+01
    -8.8213691909399330e+01 2.9257871587880036e+01
    -4.9493159299989564e+01 3.6567130965904980e+01
    4.6705122933310207e+01 9.5719841962952430e+01
    -7.0692899949336933e+01 -7.4462141254670470e+01
    1.0733825669330813e+02 1.0028191944587080e+02 1.5148519966892059e+02
    4.0471594363168897e+01 -1.1966463820337214e+01
    -2.4873633367461217e+01 -9.1268437147744493e+01
    9.5673278189181758e+01 -2.2590222762791079e+00
    1.5664042812243913e+01 2.0576198403686119e-01 1.3871798989654155e+02
    1.5044445613738441e+02 -9.6493944400864393e+01
    -3.2398699190548228e+01 -1.1689527678095793e+02
    2.5947400613425742e+01 -6.2556051702552935e+01
    -4.8155080809546888e+01 -1.2960261258343883e+02
    4.7276629836903219e+01 1.0763207124769588e+02 5.1263196980365095e+01
    1.0550399507041965e+02 -3.5129794841084447e+01
    7.0311466746089138e+01 -2.0764771545166269e+01
    -8.8202137093459626e+01 5.7942790100091827e+01
    -1.2509423760242117e+02 -5.5952024055624809e+00
    -7.8421605529956537e+01 -7.5962102385304462e+01
    -5.8582419064131770e+01 -1.3653316772856856e+01
    9.7251976277648531e+00 -2.5620116312921649e+01
    4.2899963104185819e+00 4.3080580884257618e+00 2.2536465172188745e+01
    -5.1751373922033444e+01 2.8725258322593838e+01
    2.0433972636187516e+01 3.4574824383774768e+01
    -1.6416371826571972e+02 -1.9277631507868556e+01
    1.8217564281354754e+02 -1.0261912641284107e+02
    -2.0926932495761679e+00 6.7241440515071218e+01
    -8.6429411329747108e+00 -2.5024085816587050e+01
    3.0929508255046127e+01 5.1519156216895666e+01
    -5.7477492004408868e+00 -1.1784355124919922e+02
    2.3225364177789032e+01 5.5666880778242451e+01
    -1.5750278805860006e+02 1.4460386163602377e+02
    5.3747665243842619e+01 7.1494800337961763e+01 6.6747502134406957e+01
    3.5460091294327427e+01 8.8361502948706487e+01 5.3149096688574801e+01
    4.7978408029674696e+01 9.3457902844932619e+00
    -3.1511642007123545e+01 7.7436629959391340e+01
    6.2490110206208378e+01 -4.5344504309940348e+01
    -8.0249150498259866e+01 6.0257259488454977e+01
    -1.6180207485225006e+02 -6.2293429143981875e+01
    2.9412181107712745e+00 -1.5163812643114446e+02
    -3.7872178946555568e+00</data></s7_5>
</opencv_storage>
