<?xml version="1.0"?>
<opencv_storage>
<s8_1 type_id="opencv-matrix">
  <rows>200</rows>
  <cols>1</cols>
  <dt>d</dt>
  <data>
    2.4407327099285359e+02 -7.3462556236625346e+01
    -3.4112011780584635e+02 -1.6133605270836908e+03
    -7.2495045945145125e+02 7.2538287881520444e+02
    2.5230797857220102e+02 -5.3929703351225248e+02
    1.5056398488688455e+02 -5.7015858158119818e+02
    -2.0882447911632985e+02 2.0174278105201370e+02
    2.2335085669731541e+02 -9.7321373835822939e+01
    1.9057028062839709e+02 -3.5536018985707429e+01
    1.1359285104859313e+02 -2.9969100937840017e+02
    -1.2286587215083480e+02 6.2136178184173139e+02
    1.9429061645413483e+02 -1.2057844009734816e+02
    1.8122664851522021e+02 2.4200820388833910e+02 1.6871527931108083e+01
    1.8744675656562244e+01 3.8989329832353707e+00 5.0106679661092549e+01
    1.7407013644344579e+02 1.1796390974485861e+02 2.7833977574210934e+01
    -9.1259113011130893e+01 3.4994421403012865e+02
    -7.1802876763166537e+01 1.9261864603785588e+02
    -9.6661105418839512e+01 -1.5876467140505446e+02
    -1.7055528153674788e+02 2.9539462342476246e+00
    -3.6014650977891987e+00 2.4252203430848546e+01
    -5.3617411463643961e+01 1.2650789618608648e+02
    9.9462238233160889e+01 -2.0776364688542685e+02
    7.0941851819260805e+01 -5.2289042454450319e-01
    2.0059460191903327e+01 3.4482059930990140e+01 1.6181156080719951e+01
    1.2360342515172825e+02 1.0045067104054034e+01
    -2.0705787854501051e+02 -2.1452662837688939e+02
    1.0445686710848462e+02 -2.5952173272751772e+01
    -2.0715269170146632e+02 -5.1589526252634570e+01
    -6.3201154106896887e+01 -8.7405613258902903e+01
    9.3945583985352968e+01 2.4773412176103388e+01 3.5636194085190982e+00
    1.9815524709525231e+01 -5.1214938343105445e+01
    -2.9756087039795361e+01 -1.2822947254831913e+01
    -6.1506761989784984e+01 1.4123399754274986e+00
    1.4123609832006741e+02 -2.7147952241779329e+01
    -3.3632069962163705e+01 1.0270866040022625e+02
    9.9747289409587225e+01 4.9670842572361387e+01
    -2.1015108004142169e+02 4.9443468903866034e+01
    7.5544734255518520e+01 -1.0919524203401514e+02
    -6.9430965837106143e+01 -2.3944653094382129e+01
    2.1302537933704144e+01 1.3660093341615539e+01
    -4.4051955370688496e+01 6.6541735342564570e+00
    2.6749043102949049e+01 1.6088385853782955e+02 1.9033014140438070e+01
    1.2984076242288930e+02 -8.4784922864239931e+01
    6.7652847749272013e+01 -2.6774649877455900e+01
    -3.1325714973892282e+01 -8.4588039207612340e+00
    1.4915750486308383e+01 3.2608957098303996e+01 2.8872957070319341e+01
    -1.0244883882612886e+02 -5.2101809579177612e+01
    -1.0273746059776333e+02 2.9259823950384185e+01
    -9.1749217292251231e+01 2.1399449330021962e+01
    4.8068006927219628e+01 -6.9358335846353199e+01
    9.5603967833790634e+01 -3.0887496937957604e+01
    5.4856283001095669e+01 7.4002739271438642e+01 8.5253666946159981e+01
    1.9795613562481588e+01 -5.1154800860264572e+01
    -2.1477158248401359e+01 -1.2265574748392469e+02
    7.0178952351205751e+01 -1.0781035836115549e+02
    -3.6266560330834521e+00 4.9067657268922943e+01
    1.2523273029470450e+00 6.9510901343741054e+01
    -6.5245502128021954e+01 6.2985561773527031e+01
    5.5418516117850210e+01 1.1106058471920073e+02
    -4.5379194927861917e+01 2.0475144881116663e+01
    -5.8424759275910191e+01 -9.8311565701856154e+01
    5.3749057302443468e+01 -4.2966660028801726e+01
    -8.5851649418357994e+01 5.6110845223837856e+01
    4.8940024181476907e+01 6.6130036892722671e+01 5.1993778319239450e+00
    -1.6205116671656853e+01 -8.8353835060083313e+01
    3.9378831673206875e+01 -2.6149133409550551e+01
    -5.2140118597679127e+01 -3.1325812963017810e+01
    -6.1644434090487849e+01 1.7767078910663105e+02
    4.7638113696440222e+01 4.6394551448905112e+01
    -5.9260061328782143e+01 -2.5925664560960698e+01
    -1.1121299983635858e+01 6.1956282237271285e+00
    1.0226056718392356e+02 -4.8384478883176378e+01
    5.1638625955882604e+00 -8.2423582040047719e+01
    -6.0017261111572438e+01 9.6790114965640175e+00
    1.7766973123174040e+01 7.9660297546929428e+01
    -3.4429694043331779e+01 -3.8977541747594103e+01
    -9.1107501851326300e-01 -4.9899885197424156e+00
    4.3528006625674315e+01 4.2763137441676653e+00 1.9719238477299481e+01
    -1.7552679541572566e+01 -1.9105396945959910e+02
    5.7386433422253845e+01 4.2413526485552779e+01
    -4.2589580345090347e+01 6.4252291625158236e+01
    9.1398715594508303e+01 3.9950382200885393e+01
    -1.2659308128552129e+00 -2.2792844575864102e+01
    4.0457399539854570e+01 -5.3506632425429558e+01
    -1.6904966243931980e+02 3.2928358759028306e+01
    6.6516006810997382e+01 -1.6049676219577191e+02
    1.7745885894006864e+02 3.1666049984589765e+01 5.5800046215354321e+01
    4.9933914890896325e+01 -1.1554983835961188e+00
    7.7672659019730375e+01 5.2276057680646588e+01 3.8550853230045604e+01
    -1.0466719811603076e+01 -1.1103008181949546e+02
    1.0285142294991718e+02 3.9535245410927693e+01 4.4290451269297783e+01
    -1.7152460136032172e+02 8.6283727934043569e+01
    -9.0761652500829740e+01 -7.3169808680974867e+01
    -3.0210735475301714e+01 -1.3128816260552210e+02
    4.9161826785329588e+00</data></s8_1>
</opencv_storage>
