<?xml version="1.0"?>
<opencv_storage>
<s8_2 type_id="opencv-matrix">
  <rows>200</rows>
  <cols>1</cols>
  <dt>d</dt>
  <data>
    1.1142023022817966e+02 -3.9617857308477184e+01
    -4.3190574700052093e+02 -1.5783626173883060e+03
    -7.7776423828182737e+02 7.7308631341306466e+02
    3.5474912315972585e+02 -6.6140077557782763e+02
    1.5111172396480418e+02 -6.2653223538360487e+02
    -9.2045276627625697e+01 1.9078063039268940e+02
    2.3635360603515090e+02 -9.6004479009378855e+01
    9.4200729293684034e+01 -6.7989118647681636e+01
    1.9170126662492808e+02 -1.8141303054372196e+02
    -8.2328868441513777e+01 5.4385654103617344e+02
    2.0700556436192002e+02 -6.3564867231144540e+01
    2.1823647550165191e+02 2.3200757669691950e+02 1.6398339983234362e+02
    -4.5960890732446387e+01 -2.1005588245425781e+01
    -4.2064545342462885e+01 1.7097865773573099e+02
    1.1255273120367644e+01 -2.1277030906722651e+01
    -2.4913085398305942e+01 3.3071991798783671e+02
    2.6350875434470073e+01 2.1900420751613291e+02
    -9.1257093404455219e+01 -9.1485652616075043e+01
    -9.9893094742652295e+01 5.7021829109494504e+01
    1.5194466110878610e+01 -1.3225676580183157e+01
    -2.7588434076495254e+00 3.2728716490738606e+01
    1.1850737864040499e+02 -2.1457346551072268e+02
    9.4892084639159165e+01 2.2640318685134485e+01 6.0274815054416031e+01
    -7.7716260118054592e+01 1.4564039813470069e+01
    7.1858184197923308e+01 -3.7868469980827326e+00
    -1.8561908774316751e+02 -1.6495530358709951e+02
    1.3698480943915808e+02 -4.3161811844477540e+01
    -1.5407706790401173e+02 5.6939342076432586e-01
    -3.3772687624954607e+01 -4.3701224045119396e+01
    4.9424495809653827e+01 3.5480768266706583e+01
    -1.0831504916744143e+01 3.1855278494518579e+01
    -5.6102827362050206e+01 -3.8010665830357844e+01
    1.4247279002066662e+01 -3.8942955332005162e+01
    -4.7308020149884051e+01 1.1638071658721600e+02
    -5.2770164461470003e+01 -8.2734700338127482e+01
    8.4807143538917444e+01 1.4536523041360624e+02 4.5386372700711959e+01
    -1.7644859117565991e+02 2.9863077228689811e+01
    5.6135227339284292e+01 -1.0160922502749787e+02
    -6.0751134853480210e+01 -4.3084463197516520e+01
    5.7390750581997416e+01 3.3219401531426278e+01
    -1.0969478944824303e+01 2.5023492769127284e+01
    -3.9407559422247109e+00 1.2986999082583358e+02
    -1.1558480011082418e+01 9.9479927988043215e+01
    -8.6860761540334408e+01 7.6869372804433368e+01
    -8.6477599227786506e+00 -1.2715521256529460e+01
    2.9182728006851253e+00 1.7337388156771699e+01 7.5431982117179803e+00
    4.1962434852556029e+01 -5.3023066446970219e+01
    -5.7779424403924061e+01 -7.7296800319640980e+01
    3.2127767343593455e+01 -8.4499120913413677e+01
    4.7695265396005855e+00 5.8944097836168552e+01
    -7.1567361790334687e+01 1.2519912351093521e+02
    1.8897148510680076e+01 -9.1542630361320505e+00
    6.2296534767361649e+01 1.0518453389941826e+02 9.1432401223194546e+00
    -8.2257162924998710e+01 3.5483330907478376e+01
    -1.4556740490944750e+02 4.1699914328562322e+01
    -6.1291472552527480e+01 -3.2513283174027890e+01
    -1.3888188802614509e+01 1.0012216841734734e+01
    4.8738647409747095e+01 -1.9902758818899596e+01
    5.9563721274946786e+01 1.0456853280430392e+01 9.6303293051507097e+01
    -5.2050134553250302e+00 4.8418149096055210e+01
    -3.7638118963259217e+01 -7.7953291823634473e+01
    3.7246869887192481e+01 -2.4488560607567109e+01
    -5.7961159588096152e+01 3.8664402012870205e+01
    5.7300350054101152e+01 1.0658471152590323e+02 5.6864153946034417e+00
    -2.7874822702603932e+01 -7.8528043711150332e+01
    2.1973756406645602e+01 -7.3749797768817473e+01
    -3.7052760302770771e+01 -3.9912627058811800e+01
    -5.4772591823240312e+01 1.6305252089561245e+02
    1.9264010334179531e+01 3.6017784184818694e+01
    -7.0941704885626763e+01 -2.2257102162164792e+00
    -2.0905468417478872e+01 -2.5485847371616401e+01
    9.0454255306988301e+01 -3.9935223075699746e+01
    6.5918069855184186e+01 -1.1264686248267782e+02
    -3.7435382980421956e+01 -2.4966064958343587e+01
    4.3750814795617387e+01 5.0450818016306030e+01
    -4.0764425647290452e+01 -1.7857139837223055e+01
    -1.8475463875959488e+01 8.0960225871185685e+00
    1.7095458398034001e+01 -3.2725851271390546e+01
    -3.7826517894072545e+01 -5.5055946636525356e+01
    -1.4145854631365532e+02 6.7396501160214555e+01
    5.6599790455705531e+01 -6.6515028962130572e+01
    5.0089730877014858e+01 6.0329654618168469e+01 1.5040502574079500e+01
    -2.4019178130933113e+01 3.2812422638617335e+01
    5.4633875762924902e+01 -8.8033033068582256e+01
    -1.9219840458236345e+02 5.4208600314350015e+01
    3.9877604620321463e+01 -1.8235994461676842e+02
    1.5988723247778270e+02 6.9238707204824564e+01 3.2323416601323977e+01
    5.5601447368263557e+01 -2.0714154713230619e+00
    8.1013175816906610e+01 4.2913389013326800e+01 7.0785691173030330e+01
    -8.0514958077335805e+01 -1.9543034143914984e+01
    5.0699115449695213e+01 9.9920437964574290e+01
    -1.4281475949252092e+02 1.3617994359779068e+01
    -7.1144270918960224e+00 -2.2617753934360141e+02
    -7.4220577479327346e+01 2.4787902794371039e+01
    -1.5047505327260620e+02 3.4743862641806826e+00</data></s8_2>
</opencv_storage>
