<?xml version="1.0"?>
<opencv_storage>
<s8_3 type_id="opencv-matrix">
  <rows>200</rows>
  <cols>1</cols>
  <dt>d</dt>
  <data>
    3.1658027357152525e+02 -3.0735346341487673e+02
    -3.4539027689715929e-01 -1.5526113604558177e+03
    -1.8608842026743918e+02 9.3058087451893346e+02
    1.4157491125249999e+02 -5.5243146830375849e+02
    3.2372722615634751e+02 -6.3706661037880735e+02
    -2.2214436848685440e+02 2.8845478136480023e+02
    3.5727710835020822e+01 1.7144260309928836e+02 1.1418821379638572e+02
    -3.1325258834936682e+02 1.1046946660123324e+02
    -4.1800537441045242e+02 -1.1304790038325099e+02
    6.3903547539599924e+02 7.3872932778970892e+01
    -1.3652233730892905e+02 5.7526728017881972e+01
    1.8418643943631625e+02 1.2978730332585903e+02 1.0175648713309305e+02
    -2.4046978276690470e+02 -4.2015607738981494e+01
    1.5400736074755815e+02 -1.0589044793986258e+02
    -9.7495251749195504e+01 -4.3892280507126429e+01
    8.7175087166760832e+01 1.2776974927331760e+02 1.0113686861355255e+02
    -2.8331975654046808e+01 1.2106402354881300e+02
    -1.4354258952447028e+00 1.4767171844639395e+02
    -1.3491418973560414e+02 5.5281576724697125e+01
    1.2915278426673751e+02 1.7464231449483049e+02 1.6538257201096144e+02
    -1.4794375320999291e+02 1.4605289650523176e+02
    1.3232401707342342e+02 -1.5723822384334113e+02
    -4.3440052120604072e+01 8.3834137468912928e+01
    7.8768388342440730e+01 4.7131659246136877e+01
    -1.3811652152056809e+02 -1.3260327846537393e+02
    1.5602574766449573e+02 -2.2548887150607717e+02
    -1.8254678762502863e+02 1.2947934881355675e+02
    2.5461923591634749e+02 -2.1292396922620148e+02
    -2.6285860994917822e+01 -2.1287770889896343e+01
    8.0634038643167756e+01 1.9374543424948442e+01 1.0800978232811796e+02
    -6.3007651338502512e+01 -1.4212169100202735e+02
    -3.3479639615880352e+01 -9.9183515002834724e+01
    6.1968265059697437e+01 -4.6384528720878436e+01
    1.7007161410356769e+01 1.9132909355227980e+01 1.2173315234095703e+02
    4.3394043446031112e+01 -1.0044317893359543e+02
    1.0227787260332521e+01 1.0737319240547231e+02
    -4.4857224807670136e+01 -3.8800488892859875e+01
    -3.4753209326929102e+01 1.0933334999281334e+02
    4.6360976765012786e+01 -5.0255073716057908e+01
    -4.8520798420448642e+01 -1.3711431376658286e+01
    5.4754260394008092e+01 4.1491147927612666e+01 1.4025325187931147e+01
    -3.8637084098805552e-01 4.0463467952683800e+01
    -7.3171388898601739e+00 2.1868075875580281e+01
    5.7381470888954649e+00 9.2473010701248466e+00 4.6860017052582201e+01
    9.7882748842148715e+01 -4.1708366128705672e+00
    -5.2514273515351150e+01 -1.2722067815268689e+02
    5.4434637200822344e+01 -3.2348769117276355e-02
    -5.7494235531752302e+01 1.0370332734249730e+02
    -8.7889381809449915e+01 -7.4168071603786316e+00
    5.8825497549288464e+01 1.1420555416013688e+02 3.4330542762609191e+01
    2.0079163871036705e+01 1.1624641280455842e+02
    -1.0703137904560435e+02 -6.3416138453215531e+01
    -1.0308167794818343e+02 -3.0235110191072096e+01
    3.3030917656045176e+01 1.9665879458781781e+01 6.1390955267832076e+01
    9.2186501100905488e+01 -1.1900239537107677e+02
    -1.2182770485851344e+02 2.1387083920523587e+01
    9.5616217840786007e+01 1.2496144355656787e+02
    -7.7956709163888760e+01 4.7465988134352557e+01
    -1.1524129462939695e+02 -4.4801159794495611e+01
    4.6463440551302291e+01 -4.7619253456929080e+01
    1.0094248372522031e+01 5.4531478248001505e+01 7.6312856040609617e+01
    9.6138420833484176e+01 -5.9305626623053449e+01
    -5.4240122477931259e+01 -9.8067524683439785e+01
    -2.6970780227391309e+00 -6.6418480638896042e+01
    -2.4163696343315053e+01 -7.1147363965451689e+01
    -4.7575592023379876e+01 6.2798761986916737e+01
    2.4117824038517821e+01 1.4973978155528723e+01
    -1.0481506457777050e+02 -7.2878792282413428e+01
    -5.2524604813330438e+00 -4.3935935768397847e+01
    5.0095208148789299e+00 7.7989487906452686e+00 3.9747522082462318e+01
    -7.6912570548728141e+01 -4.4427435160800137e+01
    1.2305530474063029e+00 1.9238747921281767e+01 8.0852509019369691e+01
    -2.7154706384459232e+01 2.3633482563073141e+01
    3.7693095982540449e+01 3.3289903871574623e+01 1.3494894161869455e+01
    4.1960909088778443e+01 -6.1841457902821553e+01
    -4.4731083550687615e+01 -1.6811367771736207e+02
    4.8798408437861760e+01 1.1550840863887615e+02 1.1487849595592007e+01
    5.9007903945004792e+01 2.8311160886916326e+01
    -3.0874120675316923e+00 -2.4481723924880607e+00
    -9.1605826545334033e+00 4.1077802937251590e+01
    -4.7424828807638036e+01 -1.8180426008108807e+02
    -8.4951677380643886e+00 -7.2169045261787033e+01
    -1.4021744692080327e+02 1.0989848360903839e+02
    4.3909723741823669e+01 1.0331823236260318e+02 5.3187625328476592e+01
    -2.0828052272928318e+01 8.5142187427778538e+01
    8.2168247058018977e+01 1.1163298022520841e+02
    -6.5962887540806904e+01 6.4340726806573073e+01
    5.3037681530154082e+01 7.5666424315380127e+01
    -6.0379136431379408e+00 -9.2536173478362556e+01
    2.8353150828609390e+01 -1.2560557790098987e+02
    -7.3874940029970929e+01 -1.6521116518358888e+01
    -1.3816489798788314e+02 -6.5437413305725634e-01</data></s8_3>
</opencv_storage>
