<?xml version="1.0"?>
<opencv_storage>
<s8_4 type_id="opencv-matrix">
  <rows>200</rows>
  <cols>1</cols>
  <dt>d</dt>
  <data>
    2.1074462264986303e+02 -1.0063239976336353e+00
    -3.8118115638223668e+02 -1.5224864590208283e+03
    -2.9414700245609106e+02 8.5527074141609933e+02
    4.7364163274421918e+02 -5.5764971565897690e+02
    -5.1967988166459584e+01 -6.1724559375700130e+02
    -1.4323803888495027e+02 -2.5448269678304687e+01
    6.4962951701566070e+01 3.8149083863592369e+02 2.4825348352192626e+02
    -1.7105145724909943e+02 -2.2240974928447332e-01
    -2.7801052773038413e+02 -1.9781312762698536e+02
    6.6569082071178150e+02 8.3776498592971933e+01
    -1.9456172109917904e+02 9.2591654051323829e+01
    2.5021886734915691e+02 1.5945138443386867e+02 4.9323424329416099e-01
    -1.8608912963344062e+02 5.7696166501592451e+01
    1.0954134786575632e+02 9.6730530473102945e+01
    -2.1873193321007753e+02 1.0044527230590678e+01
    5.3152419327922523e+01 -1.4171060498592433e+02
    9.8750322430120235e+01 -4.8363490470957636e+01
    7.2065308039084019e+00 1.0345945319787141e+02 9.6533837984946320e+00
    -1.0998023365901432e+02 -1.7028603409769307e+01
    -1.0611385173969483e+01 1.2015267479213378e+02
    2.5186680793811897e+02 -1.0743237159976306e+02
    1.7778323043530821e+02 6.7429991992272278e+01
    -1.2363023074403301e+02 -2.7969998250221187e+02
    1.0527936581738684e+01 8.0187237673608536e+01 4.6717859925698001e+01
    -2.5896374113506050e+02 -1.6050647188825207e+02
    2.8018386467211201e+02 -1.5638984755010384e+02
    -2.3083239001726918e+02 -7.0723250754794577e+01
    1.2472618871164532e+02 -3.2225522734149706e+01
    3.2142056083310301e+01 9.8344346076743108e+01
    -1.6349214753699762e+01 5.2345526905484675e+01
    7.7268359691862528e+01 -6.9853118302608735e+01
    -1.4690307854856135e+02 -1.2242127750751006e+01
    -1.0007938798178166e+01 2.1327405160814223e+02
    -4.6790678042071221e+01 -1.7068813249897380e+02
    -9.6157560258214218e+01 1.0761090018303490e+02
    1.0539850545643409e+02 -1.0167552356525634e+02
    1.2643406671402418e+02 5.9257800722659148e+01
    -7.6068245156864364e+01 -8.2091978464866088e+01
    -2.9588856319895257e+01 1.0975124377642423e+02
    -4.9374451150870037e+01 -9.4761973754502662e+01
    8.5062061756996684e+01 -1.3888896881018875e+00
    3.4523549904849673e+01 1.1250164161453489e+01 3.3905130544681612e+01
    -4.4650231356852181e+01 1.6038956800814287e+01
    3.4130498247198915e+00 6.1501318924801303e+01 1.0938906377982329e+01
    1.0944835414746012e+02 -7.6615602543980913e+01
    7.5795627768641467e+01 -8.6253706663844412e+01
    -5.8369845432975268e+01 -7.1291913826950989e+01
    7.2976179471818554e+01 -1.1368694491904613e+02
    -3.2490676485962048e+01 1.3932827318852560e+02
    -6.8403987496142420e+01 7.4223193460006172e+01
    1.9824132255626715e+01 -1.3109286798411995e+02
    6.1919852036819272e+01 6.1608719029472944e+01
    -3.0923241184342224e+01 -1.0631244317198238e+02
    -1.2742677045410676e+02 -1.0996163022703263e+02
    4.2802025285317178e+01 -4.8934881758993043e+01
    2.6272502855400202e+00 -1.1628441972887171e+00
    1.1785505408911752e+02 -2.4522700115779980e+01
    6.3377802546759987e+01 6.0355119748969770e+01 3.9860874203909127e+01
    1.2355341543385231e+02 3.1350376875876895e+00
    -4.7526228786324062e+01 -5.7685555004962623e+01
    -1.0445961829524373e+02 9.4109852102955642e+01
    -1.0487535315476126e+01 4.4302197474941970e+01
    6.4776159880884649e+01 6.4807070835037635e+01 6.6296339531246375e+01
    -4.0006930307589002e+01 -9.2108523807784906e+01
    -1.1261858672672689e+02 8.7608684750618995e+00
    -1.1278104417664110e+01 6.6903647045245918e+01
    -8.6419111333358984e+01 -8.6401063984668625e+01
    2.1451165090938844e+01 8.6067975131776024e+01 2.9656965292779834e+01
    -5.8445170139437181e+01 2.1720620444155667e+01
    -3.9996093926123621e+01 -8.0140347033303200e+01
    1.4212485155105583e+02 2.5421140892718284e+01 2.8918696697291765e+01
    -9.6974699316523512e+01 -7.9846507455558992e+01
    -3.3588142474401351e+01 2.2178147793372464e+01
    8.8112096105150908e+00 -8.7620984411163093e+01
    -4.3234822995893346e+01 4.3146698715651979e+01
    -2.8438114493840974e+01 -2.1280217853704073e+01
    6.8783618681370555e+01 -8.6864850192675206e+01
    -7.6672054654847528e+01 -1.3207273434714921e+01
    5.2042678279854307e+01 8.4599023752176237e+01
    -8.4931991798189841e+01 3.4324741010187054e+01
    -5.3666454041499861e+01 1.8714081753890738e+01
    -6.4271674140945663e+01 9.1072087874241149e+01
    4.8140787992727816e+01 -9.5633168608094678e+01
    -1.0116263097313048e+02 6.6313536863657490e+01
    1.6095004648812800e+01 -1.5411174728495203e+02
    1.8742795342346196e+02 5.0731365413164859e+01 4.0568385947156635e+01
    7.3719561207482329e+01 2.2847722747954414e+01 7.0196561624248616e+01
    5.1415454557216798e+01 1.8378389729873689e+01
    -1.9295034861756946e+01 -3.7278950895112573e+01
    9.4093136268842102e+01 4.8615345437774039e+01 1.7381685106151190e-01
    -8.8573749704485536e+01 7.5932916534307438e+01
    -1.6243718429044660e+02 -6.8424432162551241e+01
    -3.3934493168420499e-01 -1.4845716098970604e+02
    5.7708011240963863e-01</data></s8_4>
</opencv_storage>
