<?xml version="1.0"?>
<opencv_storage>
<s8_5 type_id="opencv-matrix">
  <rows>200</rows>
  <cols>1</cols>
  <dt>d</dt>
  <data>
    -1.8657274270853677e+01 6.0768549207186219e+01
    -6.7782913255129742e+01 -1.6078079599074949e+03
    -1.8029953422439513e+02 1.0380200203470297e+03
    9.3332801962295903e+01 -5.2251809119757559e+02
    1.9113509306400530e+02 -4.9670302581803736e+02
    -2.9940146639235854e+02 2.6205217350844367e+02
    7.9714528786396768e+00 1.7667593687419460e+02 1.9483928862153007e+02
    -3.4422488680973686e+02 2.0074593736250762e+02
    -4.0719639653166860e+02 -2.4445418177656101e+01
    6.5193338540020750e+02 3.1416651753655234e+01
    -1.5364563598337742e+02 5.5253177880610210e+01
    1.4493546332086467e+02 1.6305972393888021e+02 8.5320509542778638e+01
    -2.2309140711617914e+02 -2.0145930935559861e+02
    1.3437444719696234e+02 -9.1026699831653445e+01
    -8.5628688234307077e+01 7.4577998598012414e+01
    1.8686725715775043e+02 1.2125842379536708e+02 1.1037014724341051e+02
    5.1963338877682276e+01 8.3126524573435375e+01 5.7992868017608309e+01
    1.2315049378826360e+02 -1.7181569855898817e+02
    3.2485155448789655e+01 9.3203859661095265e+01 1.1357491717034823e+02
    1.8316366141466742e+02 -6.3112844225165205e+01
    9.2939301751001111e+01 1.3635550684613182e+02
    -1.3678925213269011e+02 -1.3078618046437654e+02
    1.0307183547058399e+02 -4.9118022852943710e+01
    3.9295444782028106e+01 -2.0536142510093472e+02
    -1.8577702058534231e+02 2.3710049498025589e+02
    -2.1464297657147543e+02 -1.8590976302269044e+02
    6.0298707174457974e+01 1.8865077382785606e+02
    -1.5671131104883438e+02 -1.1045837216769630e+01
    9.7276524136285531e+01 5.7228207863775665e+01
    -4.5218430909094444e+01 2.9429299825286581e+01
    -7.4170520566106688e+01 -1.8087088601136338e+02
    -1.8503094133099747e+01 -2.0868124297447133e+02
    5.9388813059149733e+01 3.9085438067153762e+00 3.2244952970600814e+01
    5.3258500406252985e+01 4.6722992708116280e+01
    -2.2036095739106841e+01 -4.5495457777356272e+01
    2.3327972413339271e+01 8.3604157104657205e+01
    -1.0594218295408642e+02 -1.7583106821225186e+01
    -1.0350623704881295e+02 1.1714956256566261e+02
    -1.2214595005290073e+01 -6.1478053388226968e+01
    -6.6620406647237445e+01 -7.1266512296589524e-01
    1.0834072222148862e+02 4.4815941720262265e-01 1.0715689350007337e+02
    -2.3439625943986574e+01 4.0386903045629872e+01
    -1.5490471755687455e+01 5.7043870649594703e+00
    3.7661884161479890e+01 1.0925730009144694e+01 1.3866943454979760e+01
    1.3094249688821963e+01 -1.4500992287171197e+00
    -7.1907208961039984e+01 -9.2696863366147213e+01
    7.1787081154798344e+01 -1.8089584673855445e+01
    -3.5046715115864941e+01 3.9867488480680436e+01
    -1.4166706173002535e+02 6.8400860454417554e+01
    -2.4210629183106036e+00 8.6494918529094363e+01
    5.7688412395956156e+01 1.0565790950294403e+01 4.5378710373735622e+01
    -1.2860299026173635e+02 -8.1185309518335714e+01
    -7.5332956446014322e+01 -2.2994545293272967e+01
    5.9781840359277609e+01 5.8352423083793212e+01 4.8553299690265916e+01
    7.3115283598176646e+01 -3.5374559878570643e+01
    -4.8453999310800683e+01 7.3581352346987657e+01
    -3.4311483653066922e+01 1.2171314370877127e+02
    -1.9274149131530883e+01 -3.6042108319342994e+00
    -6.6482629764102398e+01 -8.2185803338176953e+01
    1.1805472922028142e+02 -6.6436449969864952e+01
    -4.3284632258482866e+01 2.7483425873636055e+01
    4.0399976825913747e+01 6.2988431203163131e+01
    -9.0435934528368975e+01 -5.8899614298613415e+01
    -6.5145432081743238e+01 -8.5515735546367448e+00
    -7.8933099612845055e+01 -2.2761249808026633e+01
    -6.2156100596196630e+01 -5.1643113653481187e+01
    7.8560599996535586e+01 -2.8876575340529542e+00
    -3.5157240124001241e+01 -5.6904334577526647e+01
    -3.0677073759734125e+01 5.4882563923362028e+01
    -5.8112577238277694e+01 7.6977994853758993e+00
    -1.9043013348129897e+01 6.1814146276417176e+01
    -1.3417898208989445e+02 -4.2356826359276184e+01
    5.4606873877057268e+01 -9.4448907366104145e+00
    1.0743880867516150e+01 -7.7618218203699897e+01
    -5.3579591116598387e+01 -2.3906174010027925e+01
    7.2454972348413484e+00 4.6851337020191366e+01 1.3771164345381608e+01
    -8.5972258158330863e+00 -2.8806792549148582e+01
    -1.4761005924327543e+02 5.9447305506187629e+00
    1.0584208791979174e+02 7.1212210863797694e+00
    -3.2814318479671847e+01 4.4101574945835090e+01
    -7.3634429954105212e+00 -5.1077869281988328e+01
    9.2789932147399639e+01 3.2254013694457399e+01
    -1.8163636601147335e+01 -1.6143121099100563e+02
    4.1801032663220582e+01 3.8776963320546372e+01
    -7.8119921580575124e+01 1.4178911803863184e+02
    2.4927188432851306e+01 3.8915165296863037e+01 4.4557753822857954e+01
    -1.0366551485851758e+01 6.4113102807709410e+01
    -1.2081117430724920e+01 5.7831514904658398e+01
    4.6248162037097966e+00 -2.2356659828279689e+02
    6.6444066288990214e+01 3.8761302451230243e+01
    -7.0751854435318975e+01 -6.9925258386532576e+01
    6.7833787522866174e+01 -1.8004132571333187e+02
    -6.9582964268518907e+01 8.5702157603938076e+00
    -1.4981767995810114e+02 -1.5681541277127375e-01</data></s8_5>
</opencv_storage>
