<?xml version="1.0"?>
<opencv_storage>
<s9_1 type_id="opencv-matrix">
  <rows>200</rows>
  <cols>1</cols>
  <dt>d</dt>
  <data>
    1.0166986611260900e+03 -3.4887598680173511e+02
    -1.9802511684386786e+02 -7.0657413943909580e+02
    8.6917275981127227e+02 3.3296150328470907e+02 7.2674621287813602e+02
    -8.4150618922378180e+02 5.4279733351366190e+02
    1.2395305318428881e+02 -1.0762893484759195e+02
    -8.7094444934006489e+01 1.2783198536351924e+02
    9.6112218510864381e+01 4.6855920761498101e+02
    -4.9310038573977306e+02 -3.5867568702719218e+01
    -4.4410702655388383e+02 1.0344985995810585e+02
    3.9008398542117936e+02 1.2920681537071894e+02 1.6594518282225135e+02
    -2.5625203654824951e+01 -2.3627578022120858e+01
    -3.8759921240556316e+01 -9.5039768235360370e+01
    -3.0448721526373174e+02 2.3132785450118678e+01
    5.2142681754935620e+02 1.1811880873711880e+02
    -1.6018761705955089e+02 -1.2610872216615826e+02
    2.4192051576446016e+02 -9.9495951492495351e+01
    3.5493656790388741e+01 2.0952370196666502e+02
    -1.7628553297082044e+02 1.6855441348122886e+02
    8.2320694969412884e+01 5.3116863942979357e+01 2.8518902306171323e-01
    9.3799994496930907e+01 -5.5387271696445303e+01
    1.3412689200053617e+02 -7.0372131304487993e+01
    1.9763007744743729e+02 5.4082870981960944e+01
    -6.5989106147037901e+01 5.1486316936172351e+01
    -2.6981663510465552e+01 -3.0017886375179803e+01
    7.2125579547509355e+00 -1.1424801527926726e+02
    -8.4416307591590638e+01 1.3095426273354070e+02
    1.1237527406258208e+01 5.9591280605795468e+01
    -4.4554672936774431e+01 -8.3818786509974984e+01
    -1.7626098968398531e+02 1.5802031793176735e+02
    1.2466574922999938e+02 1.3433868725735149e+01 7.5160584409368781e+01
    -3.2333452128581676e+01 2.7572725667925489e+01
    4.8304908335665395e+00 -4.9449257659544628e+01
    -1.0061596438426635e+02 1.2893328758850845e+02
    6.2280328253514824e+01 2.2266948872816844e+01 6.3050970873561468e+01
    -8.4173180223750194e+01 2.2817258051886191e+02
    -1.0337374662877825e+02 8.5872173534001021e+01
    3.8123239595260777e+01 -1.1948955547370323e+02
    -8.9829090796762046e+01 -7.0047715933687755e+01
    2.1651758301168985e+02 5.5243133144389681e+01
    -1.1624821612380927e+02 7.8572044533180147e+01
    -5.2432347019123675e+01 9.8313146097991947e+01
    -6.2661816661500254e+01 1.5711873898321954e+02
    4.0765343468578848e+01 -3.6726020115829670e+01
    6.9129855698346141e+00 1.7967345210630576e+01 3.1316545090734706e+01
    5.9452018959603890e+01 5.6422186481694006e+00 9.3246236216327873e+01
    -1.1394778429822276e+02 1.0020222360865074e+02
    -2.7035497110350306e+00 -9.1598532372872512e+00
    -2.3190716342476271e+01 -2.8473105226830011e+01
    2.3893539124838338e+01 -1.2005243227380996e+02
    8.4908881202859078e+01 -2.6484660417781711e+00
    -2.5885006776372006e+01 -3.1196360825276340e+01
    1.2574293175360884e+02 1.5725175624419927e+02 5.0889741657018988e+01
    -5.4951627477212149e+01 -6.2620910187025586e+01
    2.7105320998932264e+01 -2.5849715368817887e+00
    4.9914361372080599e+01 1.2318954443396922e+02 3.2432146745229211e+01
    -5.7414409781136078e+00 9.8752812882982006e+00
    -1.2170812043317518e+01 5.3397973952943069e+01
    1.3629431897830082e+02 -4.5884268341916030e+00
    -1.2369279437203906e+02 -3.0444762338484168e+01
    -9.4646405050110900e+01 6.0653772355777647e+01
    7.1725358822448761e+00 -1.6686862413477904e+01
    5.2730611336497752e+01 1.3290755674952567e+02 7.1139097438132040e+01
    -1.0326980107192439e+01 -9.3184860412499930e+01
    -5.5288912057193315e+01 -1.2264130921423792e+01
    -7.3574180595162701e+01 1.8778791025743082e+01
    -7.7017421054047244e+00 -7.7157642145509897e+01
    5.8842218781706272e+01 -8.8527366536007346e+00
    4.0758048060682142e+01 -7.0208521010213744e+01
    -4.2863029612067827e+01 2.7753397360535570e+00
    -4.5793761388995335e+01 9.0732128377737116e+00
    -8.9360380060095537e+00 3.7132017517737751e+01
    -8.1068438211167773e+01 -3.8576456913685526e+01
    -1.2965753287226979e+01 8.7264306180665443e+01
    4.4091103084050260e+01 -3.4723039191413953e+01
    7.4054569603147624e-01 4.0902493917395075e+00
    -5.5662252861843790e+01 -3.6833063274769849e+01
    2.9967311201170372e+01 -1.2480598207332910e+01
    -5.3238565003652944e+01 -1.2131507909038166e+02
    -1.1680386080420970e+01 1.0883493873549440e+02
    1.0113603578960877e+01 3.2896427101122669e+01 4.9454703565811798e+01
    7.3937873488403829e+00 -6.2503073966242930e+01
    2.3817643899769514e+01 9.0189050221024729e+01
    -1.0560260574705164e+02 -1.8539353193218901e+02
    3.5974749509938526e+01 2.6145241104365020e+01
    -1.4739225330096230e+02 1.4810360228794389e+02
    8.4356767142816139e+01 4.5628326156989715e+01 6.7695044888284093e+00
    -2.4953482419176044e+01 1.2810849291279391e+02
    2.6918499064267827e+01 9.0120197100686852e+01
    -8.2018279240593408e+00 -6.6007713675109926e+01
    6.4361713538870575e+01 6.6751753326815034e+01
    -3.0366147463733153e+01 -8.6125316855277418e+01
    4.6782066514091589e+01 -1.5781977826988813e+02
    -6.9276883743359406e+01 -2.7855825219667452e-02
    -1.3480965468424293e+02 8.5546020046669273e+00</data></s9_1>
</opencv_storage>
