<?xml version="1.0"?>
<opencv_storage>
<s9_2 type_id="opencv-matrix">
  <rows>200</rows>
  <cols>1</cols>
  <dt>d</dt>
  <data>
    9.0705014938750912e+02 -3.8699055414641276e+02
    -4.2110505991086183e+02 -7.9569194761414042e+02
    9.1739368847017397e+02 5.0180516222069627e+02 5.9877521873398632e+02
    -5.8957873562360044e+02 4.9758111810146545e+02
    -1.6798159430314075e+02 -1.8487942059168338e+02
    4.1921575972233128e+01 1.3351593361434553e+02 9.3740156185143888e+01
    3.2829528769477389e+02 -7.4156344613576312e+02
    7.1944077632495393e+01 -4.9667337483534703e+02
    8.8467695635485214e+01 4.4259738201733069e+02 1.7162464821588171e+02
    5.3328974668180720e+01 -8.1776610336024227e+00
    -4.8124747058967664e+01 2.8878636382952273e+01
    -2.4568953214078815e+02 -4.0163131729590009e+02
    2.6991608588263771e-01 1.8177538517609398e+02 2.5668823395453995e+02
    -2.3543780610770077e+02 -8.9080019316192249e+01
    1.4681094479438153e+02 -3.6233779339166752e+01
    5.4201181646774820e+01 1.5983017503539779e+02
    -2.8891583261706621e+01 6.7515759051674735e+01
    1.9809478482248909e+02 -8.3245579103456731e+00
    -1.3577639058472570e+02 -2.3815142618680440e+01
    3.1875062743496688e+01 1.7133222166435303e+02
    -1.0301082738848837e+02 1.8658930563124903e+02
    1.3144365130819457e+02 -2.3625193869047926e+01
    -1.6252400385243430e+02 -8.2601231471668044e+01
    1.2074149344453582e+01 1.2450379553300403e+01
    -2.2781602541884695e+02 -1.5352979544567867e+02
    1.7492685091791861e+02 1.4028539499328200e+01
    -1.9321660086751672e+02 5.5447407303985401e+01
    3.2283545954560132e+01 -3.8772356264235690e+01
    -4.7675361156732535e+01 2.1463606521420999e+01
    4.8863422834011814e+01 1.0634436191698274e+01
    -2.6674300927552714e+01 -1.8691069962236778e+01
    -4.6960193852277399e+01 -1.0071859358624742e+02
    -4.7777983575002780e+00 2.9258269394101674e+01
    -4.8934482940043502e+01 -1.6271848393281826e+02
    -3.2308048638301216e+01 4.4297220703060333e+01
    1.6491567283350628e+02 -1.3802075946165738e+02
    2.9727428425067465e+01 4.9284910488451800e+01
    -1.8451194791361036e+00 -4.8770004349265843e+00
    6.8721666090088718e+01 4.9135541371397160e+01 1.4433988703838600e+02
    -5.1331958728736183e+01 6.2106431791316822e+01
    1.0918513731737225e+01 1.1991727730906797e+01 1.2901972937731074e+02
    7.0732107645620147e+01 -1.2713061873088959e+02
    2.7782073409913849e+01 -1.3064228885544989e+02
    -5.0280732714321651e+01 -1.0474896658752593e+01
    9.9932639674196277e+00 5.0141969833435240e+01 5.7336241810009696e+00
    -7.0014117109388707e+01 -5.9093636185374720e+01
    -1.5262215143209866e+02 8.8972405622399393e+01
    1.6009803510381431e+01 7.0804886436832195e+00 7.3061423823880190e+01
    -1.1540984072781322e+02 8.3059880750643185e+00
    3.6451155664293204e+01 -8.8496887608414937e+01
    1.3768371671049612e+01 1.7688512605839438e+01
    -1.0621815248096794e+02 -1.6598314604122871e+02
    -2.7708141881813951e+01 -9.2173362820687117e+01
    -2.4544077463940422e+01 -6.6940652040552351e+01
    -8.8448584954506995e+00 2.6262806217569292e+01
    4.0786965706176247e+01 -6.4048723922895562e+01
    -7.0167767112511726e+01 7.2327473660350378e+01
    -4.1245875090855414e+01 7.9611130246763068e+01
    -7.4838408331118444e+01 3.6297479276968025e+00
    -8.4358660966478354e+01 -1.3957460057737688e+02
    7.1193804495579329e+01 -5.5991739784560281e+01
    -2.2659767912143682e+01 6.1819519487983854e+01
    1.0835317987941553e+02 2.5387453853774691e+01
    -4.1780105946420328e+01 -2.7509543843150382e+01
    -1.4008330058438975e+02 4.9514428801781001e+01
    -8.6583563321592322e+01 -4.1466238767504144e+01
    -4.3304753976709492e+01 -5.9683324106893068e+01
    1.4869518572281862e+02 8.2113236727587037e+01 1.6928245046590789e+01
    -6.5476966228263805e+01 -8.3570870628270882e+01
    3.8166908365968588e+01 -8.9415095467738741e+00
    7.8592623651005582e+01 -6.8389467722525779e+01
    1.6245035166186828e+01 -1.3032301749993977e+02
    -1.0156210977443733e+02 -1.7021044115291751e+01
    -6.7733365269895174e+01 7.3193536119358939e+01
    -6.5733048820829822e+01 -1.2437506935829086e+02
    -6.0192526256298905e+01 -3.7631964030465475e+00
    1.5694368303760740e+02 1.2170915205466112e+02
    -2.4732876222028086e+01 -3.4623621753232051e+01
    -1.3365742279583890e+02 -3.1975585478892079e+01
    4.5969280425628249e+01 -7.4989452951387520e+01
    -1.5281359349609975e+01 5.8071556324475049e+00
    1.0662730223399821e+01 -4.4676676778284467e+01
    9.8391232953407624e+00 6.2978220261526431e+01
    -7.7416462693406260e+01 -1.4724914956298386e+02
    4.4622749040270833e+01 6.1870775097307934e+01
    -1.3923718033377335e+02 1.2277582175241474e+02
    6.4037453146059818e+01 9.1822165902759707e+01 3.8060448212642811e+01
    -4.7751938758325272e+00 1.0497248240154124e+02
    -1.8172434188593371e+01 1.2780198608495975e+02
    -2.3530695830726074e+01 -3.3105401740506395e+01
    6.7238099846459249e+01 7.3156768389154777e+01
    -3.3754455838127328e+01 -7.9520175815767615e+01
    3.4992473117672766e+01 -1.5497002532633260e+02
    -6.8891376797953214e+01 -1.1917654353887913e+01
    -1.3377646674623455e+02 -5.6842835207470985e+00</data></s9_2>
</opencv_storage>
