<?xml version="1.0"?>
<opencv_storage>
<s9_3 type_id="opencv-matrix">
  <rows>200</rows>
  <cols>1</cols>
  <dt>d</dt>
  <data>
    8.5051604481647860e+02 -3.9792483123897068e+02
    -1.3498466926955115e+02 -6.7597163625930671e+02
    1.0435498782594691e+03 3.2742093945584969e+02 6.4389314499514285e+02
    -8.4011007262307567e+02 4.9836409722079611e+02
    1.4481163728151603e+02 -1.9229895670020704e+02
    -1.2327741323717254e+02 7.9073497910954998e+01
    5.7710067339437856e+01 4.8855346721793637e+02
    -6.0664960786556537e+02 5.5372911671780138e+01
    -4.7895762880513740e+02 3.3042878549002396e+01
    4.7534913347725188e+02 2.7033798281260550e+02 1.3736696087047295e+02
    3.2603515932243319e+01 -3.9782629141040232e+01
    -5.4274684043817544e+01 -1.7903000955789418e+02
    -2.6782930541152797e+02 -6.2698006201055605e+01
    4.2780841687652099e+02 2.3319586059733371e+02
    -2.0458877673099244e+02 -1.0501943056354472e+02
    2.7971562626398526e+02 -9.9191223001157709e+01
    9.0463156250514686e+01 9.0257248417264705e+01
    -9.3279959446459401e+01 1.1865890219078263e+02
    6.2768910714036572e+01 7.3081570077317011e+01
    -8.8962845311119114e+00 9.1366861821489174e+00
    4.2601404864984303e+01 1.6549154534151677e+02
    -1.2957814226488560e+02 2.1394063981780425e+02
    2.1427375142031075e+01 -3.8520404866521794e+01
    -4.5823266227700032e+01 -6.2653393528171293e+00
    -1.2171790768457616e+02 1.1590961971322692e+01
    -1.7404546654214687e+02 -9.4102688249478078e+01
    1.7591837474832147e+02 3.0910242320338533e+01
    -1.0376088222867391e+02 -1.8792410081136108e+01
    3.7271382303424140e+01 -1.4123171834739276e+02
    4.9248357653288707e+01 9.1894972999770019e+01 4.5840284423109281e+01
    -6.3287973101594961e+00 1.7102454702393486e+00
    -3.5728325008353515e+01 -1.0643531794066794e+02
    -6.9805097201256658e+01 -1.7502775265613202e+01
    -1.7281017999498545e+01 -1.1435369237714305e+01
    -7.6914572182217142e+01 6.6477312854415473e+01
    7.0898567560108754e+00 1.6129495478418332e+02
    -1.1618568221256375e+02 1.4753569555717450e+01
    1.1258150982789738e+01 -4.4158302922795116e+01
    -1.6118961611098662e+01 1.0372550224720682e+00
    2.6320554471396676e+01 2.6600552766778634e+01
    -1.2201883244275079e+02 5.5787600530596691e+01
    -7.3267492657340672e+00 1.2511652610419677e+02
    -3.6205619122479838e+01 1.3542607853575166e+02
    -5.4328543821324899e+01 5.5668168949678915e+01
    -5.9365866818623246e+01 4.6935921483021254e+01
    -4.0003730947863470e-01 3.0303954185165303e+01
    -4.4989632351082356e+01 5.5796274872804062e+01
    -2.6996087994883080e+01 -2.6106029616144955e+01
    -1.0209107041461178e+02 1.4162821489684720e+02
    -4.1957509912768543e+01 -5.0387316162414621e+01
    2.4698488746782822e+01 -1.2611199729128688e+02
    4.0571674135945067e+01 -9.5300083546895564e+00
    6.7030017478211974e+01 3.7899832654933704e+01 7.4316634795490879e+00
    3.5567001002960843e+01 -1.1440856201533113e+02
    1.7934968478008962e+01 -1.0707076669469899e+02
    -4.7484820353841947e+01 5.1581845349516682e+00
    -6.0200169644156416e+00 2.2836872837678634e+01
    1.2423959892726070e+02 -5.4602532785657623e+01
    -5.2590729872688783e+01 5.3348925770324236e+01
    2.5847751975761142e+01 1.1602847452708083e+02
    -5.6288001195851336e+01 3.2428001439416235e+01
    -9.7554395332432335e+01 -8.4100028257900476e+01
    6.0843129514660930e+01 -6.3445224087403489e+01
    -2.0364335567217187e+00 2.4497127287612059e+01
    7.3127076369773519e+01 9.5430728556288372e+01
    -5.8093895963498504e+01 -4.8441609965453800e+01
    -1.4913165755189303e+02 5.3156595483623175e+00
    -9.3547218894324278e+00 -2.8764867873843048e+01
    -4.1331865671749028e+01 -4.1497749256679583e+01
    7.6029188835573763e+01 7.8608886675526534e+01 9.4741296758104994e+01
    -4.7820588111278628e+00 -4.1093066690860766e+01
    5.6924815426422825e+01 -9.2961112111106388e+01
    1.0058390602327384e+02 -1.2544021564996591e+01
    1.2536055505723137e+01 -4.3960461394733322e+01
    -4.8684061099138326e+01 5.1435978625807650e+01
    -1.5173563129420581e+01 -1.6425516355173244e+00
    -7.1649880806026360e+01 -2.5554655870043998e+01
    1.7044992090673560e+01 -4.5778859234115643e+00
    7.1546859144186826e+01 2.4276757259963475e+01
    -8.7317742990245605e+01 -3.2051028078366883e+01
    -1.7855651342380187e+02 1.2633889831970140e+02
    1.8614471010929225e+02 -5.7228634209550442e+01
    1.1642303387235958e+02 3.9228510578890777e+01
    -1.4513233558692837e+01 -1.5084817032559677e+01
    -1.2054940317925269e+01 2.7431062289786656e+01
    -8.6793732525673235e+01 -1.3017885450385214e+02
    5.8987106995483892e+01 2.6124191173273601e+01
    -1.5977483533659404e+02 1.3680272251255499e+02
    3.6373012613922908e+00 9.4946641995981746e+00 1.2117513240699301e+02
    4.0668462863611452e+01 2.5845406716483832e+00 1.2395422402098104e+02
    2.3526289304533208e+01 -1.2291976697646759e+02
    -1.1248811356145364e+02 7.0163077381053910e+01
    3.3395961303588010e+01 -6.6235791022312483e+01
    -7.6767476529757630e+01 4.7711896111558474e+01
    -1.4239994861208658e+02 -7.8629853371660531e+01
    -7.3786846332667144e+00 -1.5111171041447207e+02
    2.4409608614941511e+00</data></s9_3>
</opencv_storage>
