<?xml version="1.0"?>
<opencv_storage>
<s9_4 type_id="opencv-matrix">
  <rows>200</rows>
  <cols>1</cols>
  <dt>d</dt>
  <data>
    9.0326427212144085e+02 -5.9946704375072341e+02
    -9.4057576987023396e+01 -7.9055318602075477e+02
    6.5116765342782151e+02 6.2157248601628692e+02 1.8627086881001247e+02
    -8.3052773990174785e+02 7.5061017670831870e+02
    4.0088930563527789e+01 -9.3763772399076032e+01
    2.5963580351263982e+02 2.8375388703558497e+02 3.2814589971356163e+01
    7.7512809487591738e+01 -6.8709638172656389e+02
    2.4661901309250382e+02 -3.0169778726706465e+02
    -9.3998068981944574e+00 2.1425769199695532e+02
    -1.5236558994400435e+00 1.5608941865322620e+02
    2.3824521346853669e+02 6.0265185004879022e+01 1.5860805905535659e+02
    -1.4940013841676870e+02 -3.8686083773057004e+02
    1.3061535921444801e+02 2.9959443038873962e+02 1.1540277426109294e+02
    -2.8308420284153203e+02 -1.6528815963280186e+02
    6.7719885976007063e+01 -4.2206729384842376e+01
    2.2997181704122167e+02 1.5848206302643371e+02
    -8.0897028925466842e+01 -5.1096004991596345e+01
    1.3528501527509238e+02 2.9217505726505351e+01
    -1.7343425427748638e+01 -4.2320748734051726e+01
    -1.0817968681897736e+02 3.0618041614352819e+02
    -9.5710955312855305e+01 2.3783710943344971e+02
    1.2517768313863797e+02 3.0865661297243257e+01 6.5969954145628211e+00
    -3.8255387149369845e+01 1.1840768424316205e+02
    -5.2628711766740899e+01 -1.4231389214975727e+02
    -1.8002530075621081e+02 1.3094687545108874e+02
    -5.8900392923881263e+01 -2.0769951438365919e+02
    6.7045053848496835e+01 -5.1706842511451612e+01
    -9.1744784869307153e+01 1.0825163916168813e+02
    6.2093161778321956e+01 -7.7786647494693966e+01
    7.3288817810376258e+01 2.5769359583207219e+01
    -1.6207740156105220e+02 -1.1095295977275487e+02
    -2.7007079238209823e+01 -1.7713598066146452e+02
    1.3625425610190092e+02 -1.6717120568348585e+02
    -1.6920578245929258e+02 -1.6385950578523921e+01
    1.3781520253134227e+02 1.1607387760106056e+02
    -1.2652130032117007e+02 7.7272308113816436e+01
    1.6940324574865309e+00 -3.0036843980811433e+01
    -3.8286753821510906e+01 4.3543461652233141e+01
    2.1879472908649691e+02 4.6148491732872088e+01
    -6.7123098279055098e+00 -8.7405754043285953e+01
    7.0819675101561081e+00 7.2055531295840538e+01 3.9251219004665892e+01
    2.2166652486920672e+01 -1.7328045325764168e+02
    4.1234039595676890e+00 -5.5211244314573655e+01
    9.3824027365363577e+01 7.2286364985206745e+01 6.8070810028337746e+01
    3.7845573083166350e+01 3.6038615261284434e+01
    -8.6830498841037013e+01 -6.2240630879266497e+01
    -5.5579827492864972e+01 5.0766512765874282e+01
    3.3158791569112381e+01 1.2702672526134171e+01 7.5643152228861894e+01
    -8.5391052767971857e+01 1.4002182796938649e+02
    1.0534174156357524e+02 -7.7800097750064623e+01
    7.5190954683745545e+01 1.1246018156874538e+02 9.9045195191291839e+01
    -6.9191030905024604e+01 -1.1845308290225118e+02
    1.2193325942230462e+01 1.4329276162432100e+02 3.9995432418898218e+01
    -2.4261740672342317e+01 7.3059885134733690e+01
    1.9177206172888464e+01 7.5969643754049471e+01
    -8.8827543228549530e+01 8.5192479624780617e+01
    2.7313555076974239e+01 1.6674855264350555e+02
    -5.9223747499214220e+01 9.6790242551911859e+01
    1.3486948157350644e+01 -1.0865063950036296e+02
    1.3571335107218590e+02 -2.8246144562210592e+01
    8.3736450975990266e+01 1.6902929190145240e+01
    -2.9508096173152747e+01 1.5678907077053796e+02
    -5.2157079229171700e+01 2.3992263208370932e+01
    -7.8638516507691875e+01 3.8491054092780864e+01
    -8.8121676845026712e+01 6.2818441298112582e+01
    -8.4791765461721695e+01 -3.1086567918483293e+01
    1.3702023455335510e+02 -6.4916538076878425e+01
    -4.3186416758705057e+01 -7.9464202201594944e+01
    -1.2248289205163704e+01 3.1404679854172759e+01
    -2.4106692700897852e+01 7.6778382540420736e+01
    -6.8400342596270562e+01 -2.6325731183937817e+00
    -4.8815827595155802e+01 -6.4812942931162183e+01
    -2.8391910140381494e+01 -7.3993854879224785e-01
    5.2111782696995512e+01 -6.8997148058711808e+00
    -5.6505122432932836e+01 7.3728007548479695e+01
    1.3866418369813029e+01 4.9613923535312445e+01
    -4.8420215785560234e+00 -3.1147574677462266e+01
    -4.4562275588536842e+01 -8.4697561622759082e+01
    2.9947977824615954e+01 8.4222984812809472e+01
    -1.4114745594792538e+01 3.9331561072711885e+01
    1.1153077925565537e+01 2.1972879403420229e+01
    -1.7732409757767453e+01 -4.7457999453926618e+00
    1.8839292663283572e+01 -5.7284904747656507e+00
    -1.9041021370366869e+02 7.1937713243259225e+01
    -5.3065954765123948e+01 -1.5482307863107840e+02
    1.9653523238541871e+02 -7.7052545418011960e+00
    7.9992206338802276e+01 5.8043934747417339e+01 3.5831437921974725e+01
    5.6284393600828345e+01 5.6732311189346895e+01 6.5423424308330368e+01
    -5.9663760308135458e+01 -1.0130325342808173e+02
    5.9922448165036599e+01 6.3951459386917342e+01
    -2.9335320586566027e+01 -8.0026853204952999e+01
    4.9373966559115964e+01 -1.6098811146203880e+02
    -7.2114997738824343e+01 -7.3309120308507154e+00
    -1.4153555870784132e+02 -1.1885900382188275e+01</data></s9_4>
</opencv_storage>
