<?xml version="1.0"?>
<opencv_storage>
<s9_5 type_id="opencv-matrix">
  <rows>200</rows>
  <cols>1</cols>
  <dt>d</dt>
  <data>
    1.1106867355593388e+03 -8.1875179738249653e+02
    2.1344348867418267e+02 -3.8176966289425269e+02
    9.1795288471100662e+02 3.8126373219564528e+02 3.5873019751125719e+02
    -9.3952054030104944e+02 5.2870774440324260e+02
    2.9311463215645009e+01 -1.2579409669062407e+02
    -1.8306141038550251e+02 9.7369805660672995e+01
    6.8075857347317836e+01 3.8281575899049943e+02
    -5.8408174057986287e+02 1.0710064092391865e+02
    -4.4681344180284339e+02 -2.6142433948265193e+01
    2.9448810511772842e+02 9.7978584361390787e+01 1.0741019080606645e+02
    3.6132694306002939e+01 -3.8446487927594326e+01
    4.6129537234727572e+01 -2.0301886019179101e+01
    -2.8396933105388064e+02 5.5869909050815316e+01
    2.9944421765377245e+02 1.6093884392790935e+02
    -5.3880752488256697e+01 -7.2775465206852715e+01
    1.9582512540508898e+02 -4.0552516071308524e+01
    1.9471607764798705e+02 5.5244146903333984e+01
    -1.3793424055727766e+02 -1.6373461523631871e+01
    -5.0367457477708399e+01 2.0550844028068514e+02
    5.2496916248039668e+01 6.6116625576651543e+01 1.3863913135837718e+00
    1.7570825972388860e+02 -1.1970904047132814e+02
    1.6698131288682089e+02 -2.3174641900015757e+01
    2.5280978746664747e+01 8.9056153863396659e+01 4.9867082866952863e+01
    -8.6067284590059984e+01 1.4274326673488918e+02
    -1.6745360231871771e+02 -3.5519639371812666e+01
    1.2904131289660663e+02 6.5097629400946573e+01
    -1.5539931766443129e+02 -1.1772672424700552e+02
    -1.0881063734887944e+00 -1.3409091325149726e+02
    3.4198518150913728e+01 5.6521124893927180e+01
    -6.5791364712740801e+01 3.3247187533925818e+01
    1.0547111253404121e+02 -1.0352980014949371e+02
    -1.3950101172101856e+02 -7.8636194327568717e+01
    -5.8939081177704580e+01 1.0930707531347233e+01
    -3.5128957535834083e+01 1.4610447426882036e+01
    8.6924006187556117e+01 -4.9967956964473593e+01
    -4.1137420552005617e+00 -1.2598485542126809e+02
    6.6639929684651676e+01 1.1614646141786754e+02 1.9842719628357621e+01
    5.8303269418055812e+01 -6.2752834314527426e+01
    1.8209137315250445e+01 3.6003143860007071e+01
    -9.5138451772032937e+01 -6.3332935458375609e+01
    1.0174422292361177e+02 1.7145658540819935e+02
    -8.0779958239667337e+01 -7.9091536198689472e+00
    -4.3640564530375370e+00 1.3079924533241533e+01
    1.8771228409226527e+01 1.0281594767258176e+02 3.3286663558890439e+01
    1.4564502484318683e+02 -1.4711180911346517e+02
    -2.4790971097044455e+01 7.9938370182524423e+01
    -8.5463954888299767e+01 4.3296948513931952e+01
    5.9499609421915636e+01 -2.7658408214238815e+01
    -4.0510434155274808e+01 2.6891778797309851e+01
    -7.3355426944409547e+00 9.0459853743224883e+01
    1.1126604099169062e+02 9.6036339333893110e+01 1.2601931302334691e+02
    -2.5874827165756756e+01 1.5961595294780036e+01
    -1.1280856750886015e+02 -7.1650087960156284e+01
    -1.2612982542207351e+02 -7.4936430880921151e+01
    -1.5601580604220276e+01 2.9453050829394392e+01
    -2.7976476443068709e+01 -2.0411839375671352e+01
    -1.1388406271118220e+02 -7.2217443434786226e+00
    6.3916068149017029e+01 3.6242475707703314e+01 1.1840143250595214e+02
    -4.9944469338827759e+01 1.5433506497033204e+02
    -1.2027571752767749e+02 -8.0438065275865668e+01
    8.2737543556124947e+01 -6.9900927550042269e+01
    -6.4455629597773182e+01 1.2567080689340210e+02
    5.2868708905345905e+01 1.1810074131416916e+02
    -3.0010865442109651e+01 -1.9824807104625172e+01
    -8.1679539884444608e+01 7.8631227645307334e+01
    2.6535801998685105e+01 4.9038478711604171e+01
    -9.7093698391611696e+01 -6.7974692502972133e+01
    1.1173775843749750e+02 7.3586654080468207e+01 2.0116898942685150e+01
    -4.6406335696923044e+01 9.9338445166957379e-01
    -3.7889034119273731e+01 -5.6812786944156741e+00
    1.3322057159192093e+02 -6.7936876014704353e+01
    5.5890430438405275e+01 -1.2099646409706632e+02
    -1.2501653802719233e+01 5.3280899901959387e+01
    -2.5842787792360976e+01 4.9693083054701205e+01
    -7.5569714065227814e+01 2.3520017696710429e+00
    2.2436902124566309e+01 2.8575197283194363e+01 4.7682295440400226e+00
    -9.5128495177460461e+00 -4.3932013431899740e+01
    -8.5326665672791080e+01 -1.3376670897911134e+02
    2.4448850592841545e+01 9.8926764551725839e+00
    -5.2420143956773650e+01 1.6062674033648032e+00
    7.8829927331121439e+01 2.1614476873991840e+01
    -3.9814122350337087e+01 9.4711896301225394e+01
    4.0171947138830554e+01 -2.4371893658680889e+01
    -1.7247498558351077e+02 6.2759402306003565e+01
    -1.1095076580049879e+01 -1.2591523242411427e+02
    1.8113381117808009e+02 9.3594335326459998e+01 4.0122522954613153e+01
    5.0832363198578101e+01 4.9231368443093011e+00 9.5865419364239386e+01
    3.0006120118866022e+01 7.4073196830044935e+01 2.8913046383111265e+00
    -3.9393799469680289e+01 8.2104282655227962e+01
    7.8875604696933408e+01 -2.7895462855895312e+00
    -8.4389984867588311e+01 4.9701052331954138e+01
    -1.7818764886082474e+02 -6.9932963590796291e+01
    -4.4058477433568068e+00 -1.4545471579027881e+02
    1.0897109073215827e+00</data></s9_5>
</opencv_storage>
